   4.5533741e+02  -2.2700000e+01
   5.0118723e+02  -2.3366667e+01
   5.5165387e+02  -2.3966667e+01
   6.0720220e+02  -2.4733333e+01
   6.6834392e+02  -2.5266667e+01
   7.3564225e+02  -2.6166667e+01
   8.0971714e+02  -2.6966667e+01
   8.9125094e+02  -2.7600000e+01
   9.8099471e+02  -2.8600000e+01
   1.0797752e+03  -2.9433333e+01
   1.1885022e+03  -3.0300000e+01
   1.3081775e+03  -3.1500000e+01
   1.4399033e+03  -3.2500000e+01
   1.5848932e+03  -3.3433333e+01
   1.7444827e+03  -3.5133333e+01
   1.9201419e+03  -3.6466667e+01
   2.1134890e+03  -3.8400000e+01
   2.3263051e+03  -4.0233333e+01
   2.5605504e+03  -4.3000000e+01
   2.8183829e+03  -4.3066667e+01
   3.1021777e+03  -4.5066667e+01
   3.4145489e+03  -4.4800000e+01
   3.7583740e+03  -4.2066667e+01
   4.1368204e+03  -3.9466667e+01
   4.5533741e+03  -3.7400000e+01
   5.0118723e+03  -3.5166667e+01
   5.5165387e+03  -3.3666667e+01
   6.0720220e+03  -3.2400000e+01
   6.6834392e+03  -3.1033333e+01
   7.3564225e+03  -2.9800000e+01
   8.0971714e+03  -2.8766667e+01
   8.9125094e+03  -2.7666667e+01
   9.8099471e+03  -2.6500000e+01
   1.0797752e+04  -2.5166667e+01
   1.1885022e+04  -2.3833333e+01
   1.3081775e+04  -2.2500000e+01
   1.4399033e+04  -2.1200000e+01
   1.5848932e+04  -1.9466667e+01
   1.7444827e+04  -1.7233333e+01
   1.9201419e+04  -1.4933333e+01
   2.1134890e+04  -1.3466667e+01
   2.3263051e+04  -1.4866667e+01
   2.5605504e+04  -1.7300000e+01
   2.8183829e+04  -2.0533333e+01
   3.1021777e+04  -2.5466667e+01
   3.4145489e+04  -2.6300000e+01
   3.7583740e+04  -1.9933333e+01
   4.1368204e+04  -1.7233333e+01
   4.5533741e+04  -2.1100000e+01
   5.0118723e+04  -2.5333333e+01
   5.5165387e+04  -3.1866667e+01
   6.0720220e+04  -3.6166667e+01
   6.6834392e+04  -3.2966667e+01
   7.3564225e+04  -2.8166667e+01
   8.0971714e+04  -2.5733333e+01
   8.9125094e+04  -2.3933333e+01
   9.8099471e+04  -2.1966667e+01
   1.0797752e+05  -2.0400000e+01
   1.1885022e+05  -1.9200000e+01
   1.3081775e+05  -1.7900000e+01
   1.4399033e+05  -1.6833333e+01
   1.5848932e+05  -1.5466667e+01
   1.7444827e+05  -1.4266667e+01
   1.9201419e+05  -1.3133333e+01
   2.1134890e+05  -1.2033333e+01
   2.3263051e+05  -1.0166667e+01
   2.5605504e+05  -8.1666667e+00
   2.8183829e+05  -9.6333333e+00
   3.1021777e+05  -1.3366667e+01
   3.4145489e+05  -8.3666667e+00
   3.7583740e+05  -6.4333333e+00
   4.1368204e+05  -5.5666667e+00
   4.5533741e+05  -7.8333333e+00
   5.0118723e+05  -6.3000000e+00
   5.5165387e+05  -6.0333333e+00
   6.0720220e+05  -7.1333333e+00
   6.6834392e+05  -8.0666667e+00
   7.3564225e+05  -9.8000000e+00
   8.0971714e+05  -9.5666667e+00
   8.9125094e+05  -1.2966667e+01
