1447.75781250000	-16.5508505247919
1628.60253906250	-17.0213536011582
1809.44726562500	-17.4918566775244
1954.12304687500	-17.9804560260586
2134.96777343750	-18.4509591024249
2315.81250000000	-18.9395584509591
2496.65722656250	-19.4100615273254
2677.50195312500	-19.8986608758596
2858.34667968750	-20.3691639522258
3039.19140625000	-20.8577633007600
3220.03613281250	-21.3282663771263
3364.71191406250	-21.8168657256605
3509.38769531250	-22.2873688020268
3690.23242187500	-22.7759681505610
3871.07714843750	-23.2645674990952
4051.92187500000	-23.7531668476294
4232.76660156250	-24.2236699239957
4413.61132812500	-24.6941730003619
4558.28710937500	-25.1827723488961
4739.13183593750	-25.6532754252624
4919.97656250000	-26.1418747737966
5100.82128906250	-26.6123778501629
5245.49707031250	-27.1009771986971
5426.34179687500	-27.5714802750633
5607.18652343750	-28.0600796235975
5788.03125000000	-28.5305826999638
5968.87597656250	-29.0191820484980
6149.72070312500	-29.4896851248643
6330.56542968750	-29.9782844733985
6475.24121093750	-30.4487875497647
6656.08593750000	-30.9373868982990
6800.76171875000	-31.4078899746652
6981.60644531250	-31.8964893231994
7162.45117187500	-32.3850886717336
7343.29589843750	-32.8555917480999
7524.14062500000	-33.3441910966341
7704.98535156250	-33.8146941730004
7849.66113281250	-34.3032935215346
8030.50585937500	-34.7737965979008
8211.35058593750	-35.2623959464350
8392.19531250000	-35.7328990228013
8573.04003906250	-36.2214983713355
8790.05371093750	-36.6920014477018
8898.56054687500	-37.1806007962360
9115.57421875000	-37.6511038726022
9296.41894531250	-38.1216069489685
9477.26367187500	-38.6102062975027
9621.93945312500	-39.0807093738690
9802.78417968750	-39.5693087224032
9983.62890625000	-40.0398117987694
10128.3046875000	-40.5284111473037
10309.1494140625	-40.9989142236699
10489.9941406250	-41.4875135722041
10634.6699218750	-41.9580166485704
10851.6835937500	-42.4466159971046
10887.8525390625	-42.8085414404633
11141.0351562500	-42.8990228013029
11358.0488281250	-43.3514296055013
11466.5556640625	-43.8400289540355
11611.2314453125	-44.3286283025697
11719.7382812500	-42.5732899022801
11864.4140625000	-41.6141874773797
11864.4140625000	-41.1074918566775
11900.5830078125	-42.1389793702497
11936.7519531250	-40.6188925081433
12009.0898437500	-40.1302931596091
12045.2587890625	-39.6416938110749
12045.2587890625	-39.1530944625407
12081.4277343750	-38.6644951140065
12153.7656250000	-38.1758957654723
12298.4414062500	-37.6872964169381
12370.7792968750	-37.1986970684039
12370.7792968750	-36.7100977198697
12370.7792968750	-36.2214983713355
12443.1171875000	-35.7328990228013
12551.6240234375	-35.2442996742671
12623.9619140625	-34.7557003257329
12696.2998046875	-34.2671009771987
12696.2998046875	-33.7785016286645
12696.2998046875	-33.2899022801303
12732.4687500000	-32.8013029315961
12913.3134765625	-32.3127035830619
13094.1582031250	-30.5211726384365
13202.6650390625	-31.4983713355049
13202.6650390625	-31.0097719869707
13311.1718750000	-31.9688744118712
13347.3408203125	-31.8783930510315
13564.3544921875	-32.4393774882374
13781.3681640625	-32.9098805646037
13926.0439453125	-33.3803836409700
14070.7197265625	-33.8689829895042
14215.3955078125	-34.3394860658704
14360.0712890625	-34.8280854144046
14504.7470703125	-35.3166847629388
14613.2539062500	-35.7871878393051
14757.9296875000	-36.2576909156714
14830.2675781250	-36.7824828085414
14902.6054687500	-37.3072747014115
15228.1259765625	-37.7053926891060
16204.6875000000	-37.7958740499457
16349.3632812500	-37.9949330437930
16566.3769531250	-37.5244299674267
16674.8837890625	-37.0358306188925
16783.3906250000	-36.5653275425262
16928.0664062500	-36.0767281939920
17036.5732421875	-35.5881288454578
17181.2490234375	-35.1176257690916
17325.9248046875	-34.6290264205574
17470.6005859375	-34.1585233441911
17579.1074218750	-33.6699239956569
17687.6142578125	-33.1813246471227
17832.2900390625	-32.7108215707564
17976.9658203125	-32.2222222222222
18085.4726562500	-31.7517191458560
18230.1484375000	-31.2631197973218
18374.8242187500	-30.7745204487875
18591.8378906250	-30.3040173724213
18591.8378906250	-29.9420919290626
18845.0205078125	-29.8335142960550
18881.1894531250	-28.8563155989866
18989.6962890625	-29.3449149475208
19496.0615234375	-30.1049583785740
19821.5820312500	-30.5211726384365
19966.2578125000	-31.0459645313065
20147.1025390625	-31.5345638798408
20364.1162109375	-32.0050669562070
20544.9609375000	-32.4936663047412
20798.1435546875	-32.9641693811075
21051.3261718750	-33.4346724574738
21268.3398437500	-33.9232718060080
21485.3535156250	-34.3937748823742
21702.3671875000	-34.8642779587405
21919.3808593750	-35.3528773072747
22136.3945312500	-35.8233803836410
22389.5771484375	-36.2938834600072
22606.5908203125	-36.7824828085414
22823.6044921875	-37.2529858849077
23040.6181640625	-37.7234889612740
23257.6318359375	-38.2120883098082
23474.6455078125	-38.6825913861745
23691.6591796875	-39.1530944625407
23908.6728515625	-39.6416938110749
24125.6865234375	-40.1121968874412
24378.8691406250	-40.5826999638075
24632.0517578125	-41.0532030401737
24812.8964843750	-41.5237061165400
25029.9101562500	-41.9942091929063
25246.9238281250	-42.4647122692725
25427.7685546875	-42.9533116178067
25680.9511718750	-43.4238146941730
25934.1337890625	-43.8943177705393
26151.1474609375	-44.3829171190735
26368.1611328125	-44.8534201954397
26621.3437500000	-45.3239232718060
26802.1884765625	-45.8125226203402
27019.2021484375	-46.2830256967065
27272.3847656250	-46.7535287730727
27489.3984375000	-47.2240318494390
27706.4121093750	-47.6945349258053
27959.5947265625	-48.1650380021716
28140.4394531250	-48.6536373507058
28321.2841796875	-49.1422366992400
28682.9736328125	-49.5946435034383
28972.3251953125	-50.2280130293160
29044.6630859375	-49.7394136807818
29261.6767578125	-49.2689106044155
29514.8593750000	-48.7984075280492
29695.7041015625	-48.3098081795150
29876.5488281250	-47.8393051031488
29985.0556640625	-47.3507057546146
30129.7314453125	-46.8621064060803
30238.2382812500	-46.3916033297141
30382.9140625000	-45.9030039811799
30527.5898437500	-45.4325009048136
30672.2656250000	-44.9439015562794
30816.9414062500	-44.4733984799131
30925.4482421875	-43.9847991313789
31070.1240234375	-43.4961997828447
31214.7998046875	-43.0256967064785
31359.4755859375	-42.5370973579443
31504.1513671875	-42.0665942815780
31648.8271484375	-41.5779949330438
31793.5029296875	-41.1074918566775
31938.1787109375	-40.6188925081433
32119.0234375000	-40.1302931596091
32227.5302734375	-39.6416938110749
32336.0371093750	-39.1530944625407
32480.7128906250	-38.6825913861745
32625.3886718750	-38.1939920376402
32770.0644531250	-37.7234889612740
32914.7402343750	-37.2348896127398
33059.4160156250	-36.7462902642056
33204.0917968750	-36.2576909156714
33348.7675781250	-35.7690915671372
33493.4433593750	-35.2985884907709
33601.9501953125	-34.8099891422367
33746.6259765625	-34.3213897937025
33999.8085937500	-33.8689829895042
34035.9775390625	-33.5613463626493
34289.1601562500	-33.4346724574738
34289.1601562500	-32.9460731089396
34578.5117187500	-33.9594643503438
34831.6943359375	-34.4299674267101
34976.3701171875	-34.9185667752443
35121.0458984375	-35.3890698516106
35301.8906250000	-35.8776692001448
35446.5664062500	-36.3481722765110
35627.4111328125	-36.8367716250452
35808.2558593750	-37.3072747014115
35952.9316406250	-37.7958740499457
36133.7763671875	-38.2663771263120
36278.4521484375	-38.7549764748462
36459.2968750000	-39.2435758233804
36603.9726562500	-39.7321751719146
36784.8173828125	-40.2026782482809
36929.4931640625	-40.6912775968151
37110.3378906250	-41.1617806731813
37255.0136718750	-41.6503800217155
37435.8583984375	-42.1208830980818
37580.5341796875	-42.6094824466160
37761.3789062500	-43.0799855229823
37906.0546875000	-43.5685848715165
38086.8994140625	-44.0390879478827
38340.0820312500	-44.5095910242490
38484.7578125000	-44.9981903727832
38593.2646484375	-45.4867897213174
38774.1093750000	-45.9572927976837
39063.4609375000	-46.9706840390879
39171.9677734375	-46.4820846905537
39171.9677734375	-46.3916033297141
39352.8125000000	-46.0115816141875
39678.3330078125	-45.5772710821571
40040.0224609375	-45.1248642779587
40329.3740234375	-44.6543612015925
40546.3876953125	-44.1838581252262
40763.4013671875	-43.7133550488599
41052.7529296875	-43.2428519724937
41342.1044921875	-42.7723488961274
41595.2871093750	-42.3018458197611
41776.1318359375	-41.8132464712269
42029.3144531250	-41.3427433948607
42318.6660156250	-40.8903365906623
42571.8486328125	-40.4198335142961
42752.6933593750	-39.9493304379298
43005.8759765625	-39.4788273615635
43295.2275390625	-39.0264205573652
43548.4101562500	-38.5559174809989
43765.4238281250	-38.0854144046326
43982.4375000000	-37.6149113282664
44271.7890625000	-37.1444082519001
44561.1406250000	-36.6739051755338
44778.1542968750	-36.2034020991676
44995.1679687500	-35.7328990228013
45284.5195312500	-35.2623959464350
45610.0400390625	-34.7918928700688
45863.2226562500	-34.3213897937025
46044.0673828125	-33.8327904451683
46261.0810546875	-33.3622873688020
46550.4326171875	-32.9098805646037
46803.6152343750	-32.4393774882374
47020.6289062500	-31.9688744118712
47273.8115234375	-31.4983713355049
47563.1630859375	-31.0278682591386
47816.3457031250	-30.5573651827723
48033.3593750000	-30.0868621064061
48250.3730468750	-29.5982627578719
48503.5556640625	-29.1277596815056
48792.9072265625	-28.6753528773073
49046.0898437500	-28.2048498009410
49263.1035156250	-27.7343467245747
49480.1171875000	-27.2457473760405
49914.1445312500	-26.7752442996743
50601.3544921875	-26.4314151284835
51433.2402343750	-26.3228374954759
52265.1259765625	-26.4676076728194
52952.3359375000	-26.8114368440101
53494.8701171875	-27.2095548317047
54037.4042968750	-27.6076728193992
54688.4453125000	-28.0057908070937
55447.9931640625	-28.3315237061165
56279.8789062500	-28.4762938834600
57147.9335937500	-28.3858125226203
58052.1572265625	-28.1324647122693
58956.3808593750	-27.8972131740861
59752.0976562500	-27.8791169019182
60258.4628906250	-28.1505609844372
60583.9833984375	-28.5848715164676
60837.1660156250	-29.0734708650018
61162.6865234375	-29.5439739413681
61524.3759765625	-29.9963807455664
61922.2343750000	-30.4487875497647
62356.2617187500	-30.8830980817951
62754.1201171875	-31.3355048859935
63151.9785156250	-31.7879116901918
63477.4990234375	-32.2403184943902
63803.0195312500	-32.6927252985885
64164.7089843750	-33.1451321027868
64562.5673828125	-33.5975389069852
65032.7636718750	-34.0318494390156
65466.7910156250	-34.4842562432139
65719.9736328125	-34.9547593195802
65792.3115234375	-35.4433586681144
65864.6494140625	-35.9319580166486
65973.1562500000	-36.4205573651828
66045.4941406250	-36.9091567137170
66081.6630859375	-37.8863554107854
66081.6630859375	-37.3977560622512
66154.0009765625	-38.3749547593196
66298.6767578125	-38.8635541078538
66371.0146484375	-39.3521534563880
66407.1835937500	-40.3293521534564
66407.1835937500	-39.8407528049222
66479.5214843750	-40.8179515019906
66588.0283203125	-41.3065508505248
66660.3662109375	-41.7951501990590
66696.5351562500	-42.2837495475932
66732.7041015625	-42.7723488961274
66805.0419921875	-43.2609482446616
66913.5488281250	-43.7495475931958
66985.8867187500	-44.2381469417300
67058.2246093750	-45.2153456387984
67058.2246093750	-44.7267462902642
67094.3935546875	-45.7039449873326
67202.9003906250	-46.1925443358668
67311.4072265625	-46.6811436844010
67383.7451171875	-47.6583423814694
67383.7451171875	-47.1697430329352
67419.9140625000	-48.1469417300036
67528.4208984375	-48.6355410785378
67636.9277343750	-49.1241404270720
67709.2656250000	-50.1013391241404
67709.2656250000	-49.6127397756062
67745.4345703125	-50.5899384726746
67853.9414062500	-51.0785378212088
67962.4482421875	-51.5671371697430
68034.7861328125	-52.5443358668114
68034.7861328125	-52.0557365182772
68070.9550781250	-53.0329352153456
68143.2929687500	-53.5215345638798
68251.7998046875	-54.0101339124140
68360.3066406250	-54.9873326094824
68360.3066406250	-54.4987332609482
68468.8134765625	-56.3988418385813
68577.3203125000	-55.9102424900471
68939.0097656250	-55.4759319580166
69300.6992187500	-55.0235251538183
69590.0507812500	-54.5530220774520
69807.0644531250	-54.0644227289178
69987.9091796875	-53.5939196525516
70241.0917968750	-53.1415128483532
70494.2744140625	-52.6710097719870
70711.2880859375	-52.1824104234528
70964.4707031250	-51.7119073470865
71253.8222656250	-51.2595005428882
71470.8359375000	-50.7889974665219
71651.6806640625	-50.3184943901556
71868.6943359375	-49.8479913137894
72121.8769531250	-49.3774882374231
72338.8906250000	-48.9069851610568
72555.9042968750	-48.4364820846906
72809.0869140625	-47.9659790083243
73026.1005859375	-47.4773796597901
73243.1142578125	-47.0068765834238
73532.4658203125	-46.5363735070575
73785.6484375000	-46.0658704306913
73966.4931640625	-45.5772710821571
74183.5068359375	-45.1067680057908
74436.6894531250	-44.6362649294245
74689.8720703125	-44.1476655808903
74906.8857421875	-43.6771625045241
75160.0683593750	-43.2247557003257
75413.2509765625	-42.7542526239595
75594.0957031250	-42.2837495475932
75811.1093750000	-41.8132464712269
76064.2919921875	-41.3427433948607
76317.4746093750	-40.8541440463265
76534.4882812500	-40.3836409699602
76751.5019531250	-39.9312341657619
76968.5156250000	-39.4607310893956
77185.5292968750	-38.9902280130293
77438.7119140625	-38.5197249366630
77728.0634765625	-38.0492218602968
77945.0771484375	-37.5606225117626
78162.0908203125	-37.0901194353963
78415.2734375000	-36.6196163590300
78668.4560546875	-36.1491132826638
78849.3007812500	-35.6605139341296
79066.3144531250	-35.1900108577633
79319.4970703125	-34.7195077813970
79572.6796875000	-34.2309084328628
79789.6933593750	-33.7604053564966
80042.8759765625	-33.2899022801303
80296.0585937500	-32.8193992037640
80513.0722656250	-32.3488961273978
80730.0859375000	-31.8783930510315
80983.2685546875	-31.4078899746652
81272.6201171875	-30.9373868982990
81598.1406250000	-30.4849800941006
81670.4785156250	-30.1592471950778
81923.6611328125	-30.0325732899023
82032.1679687500	-30.6116539992761
82321.5195312500	-31.0821570756424
82466.1953125000	-31.5707564241766
82574.7021484375	-32.0412595005429
82719.3779296875	-32.5298588490771
82864.0537109375	-33.0003619254434
83008.7294921875	-33.4889612739776
83153.4052734375	-33.9775606225118
83298.0810546875	-34.4480636988780
83442.7568359375	-34.9366630474122
83623.6015625000	-35.4071661237785
83768.2773437500	-35.8957654723127
83912.9531250000	-36.3662685486790
84057.6289062500	-36.8548678972132
84202.3046875000	-37.3253709735794
84346.9804687500	-37.8139703221136
84491.6562500000	-38.2844733984799
84636.3320312500	-38.7730727470141
84781.0078125000	-39.2616720955483
84961.8525390625	-39.7502714440825
85106.5283203125	-40.2388707926167
85251.2041015625	-40.7093738689830
85395.8798828125	-41.1979732175172
85540.5556640625	-41.6684762938835
85685.2314453125	-42.1570756424177
85829.9072265625	-42.6275787187839
85974.5830078125	-43.1161780673181
86119.2587890625	-43.5866811436844
86263.9345703125	-44.0752804922186
86408.6103515625	-44.5638798407528
86553.2861328125	-45.0343829171191
86697.9619140625	-45.5229822656533
86842.6376953125	-45.9934853420195
86987.3134765625	-46.4820846905537
87240.4960937500	-46.9525877669200
87855.3681640625	-47.3326094824466
87891.5371093750	-47.8212088309808
88289.3955078125	-46.8982989504162
88651.0849609375	-46.4458921462179
88976.6054687500	-45.9934853420195
89302.1259765625	-45.5410785378212
89627.6464843750	-45.0886717336229
89989.3359375000	-44.6362649294245
90351.0253906250	-44.1838581252262
90676.5458984375	-43.7314513210279
91038.2353515625	-43.2790445168295
91363.7558593750	-42.8266377126312
91689.2763671875	-42.3561346362649
92050.9658203125	-41.9037278320666
92412.6552734375	-41.4513210278683
92738.1757812500	-40.9989142236699
93063.6962890625	-40.5465074194716
93353.0478515625	-40.0760043431053
93714.7373046875	-39.6235975389070
94076.4267578125	-39.1711907347086
94401.9472656250	-38.7187839305103
94727.4677734375	-38.2663771263120
95052.9882812500	-37.7958740499457
95378.5087890625	-37.3434672457474
95704.0292968750	-36.8910604415490
96029.5498046875	-36.4386536373507
96355.0703125000	-35.9862468331524
96680.5908203125	-35.5338400289540
97006.1113281250	-35.0814332247557
97331.6318359375	-34.6290264205574
97657.1523437500	-34.1766196163590
97982.6728515625	-33.7242128121607
98308.1933593750	-33.2718060079624
98633.7138671875	-32.8193992037640
98959.2343750000	-32.3669923995657
99284.7548828125	-31.9145855953674
99610.2753906250	-31.4621787911690
99935.7958984375	-31.0097719869707
100261.316406250	-30.5573651827723
100586.836914063	-30.1049583785740
100912.357421875	-29.6525515743757
101237.877929688	-29.2001447701773
101599.567382813	-28.7477379659790
101925.087890625	-28.2772348896127
102250.608398438	-27.8067318132465
102612.297851563	-27.3543250090481
102937.818359375	-26.9019182048498
103299.507812500	-26.4495114006515
103625.028320313	-25.9790083242852
103986.717773438	-25.5266015200869
104312.238281250	-25.0560984437206
104637.758789063	-24.5855953673543
105180.292968750	-24.2055736518277
105976.009765625	-24.0246109301484
106952.571289063	-23.9884183858125
107314.260742188	-23.9703221136446
107929.132812500	-24.0246109301484
108073.808593750	-24.2960550126674
108399.329101563	-24.7484618168657
108544.004882813	-25.2370611653999
108688.680664063	-25.7075642417662
108905.694335938	-26.1780673181325
109122.708007813	-26.6666666666667
109303.552734375	-27.1371697430329
109520.566406250	-27.6257690915671
109737.580078125	-28.1143684401013
109954.593750000	-28.5848715164676
110171.607421875	-29.0734708650018
110352.452148438	-29.5439739413681
110569.465820313	-30.0144770177343
110786.479492188	-30.5030763662685
111003.493164063	-30.9735794426348
111220.506835938	-31.4440825190011
111401.351562500	-31.9326818675353
111582.196289063	-32.4031849439016
111799.209960938	-32.8736880202678
111980.054687500	-33.3441910966341
112197.068359375	-33.8146941730004
112414.082031250	-34.3032935215346
112631.095703125	-34.7737965979008
112884.278320313	-35.2442996742671
113065.123046875	-35.7328990228013
113209.798828125	-36.2214983713355
113535.319335938	-36.6739051755338
114294.867187500	-36.9996380745566
114439.542968750	-36.8548678972132
114873.570312500	-36.4205573651828
115524.611328125	-36.0405356496562
115922.469726563	-35.6062251176258
116428.834960938	-35.2081071299312
116971.369140625	-34.7918928700688
117477.734375000	-34.3937748823742
117984.099609375	-33.9775606225118
118526.633789063	-33.5613463626493
119394.688476563	-33.5070575461455
119792.546875000	-33.9413680781759
120262.743164063	-34.3756786102063
120769.108398438	-34.7918928700688
121094.628906250	-35.2442996742671
121492.487304688	-35.6967064784654
121962.683593750	-36.1129207383279
122396.710937500	-36.5472312703583
122830.738281250	-36.9815418023887
123228.596679688	-37.4520448787550
123771.130859375	-37.8320665942816
124711.523437500	-37.9587404994571
125254.057617188	-37.5425262395946
125941.267578125	-37.1986970684039
126628.477539062	-36.8367716250452
127243.349609375	-36.4567499095186
127858.221679688	-36.0948244661600
128545.431640625	-35.7328990228013
129232.641601563	-35.3890698516106
129883.682617188	-35.0090481360840
130498.554687500	-34.6290264205574
131185.764648438	-34.3032935215346
131981.481445313	-34.0137531668476
132777.198242188	-33.7423090843286
133753.759765625	-33.6518277234890
134694.152343750	-33.7423090843286
135598.375976563	-33.9413680781759
136466.430664063	-34.1766196163590
137406.823242188	-34.3394860658704
138347.215820313	-34.3575823380384
139179.101562500	-34.1766196163590
139757.804687500	-33.8327904451683
140300.338867188	-33.4346724574738
140842.873046875	-33.0184581976113
141313.069335938	-32.6022439377488
141783.265625000	-32.1860296778864
142325.799804688	-31.7698154180239
142832.165039063	-31.3536011581614
143338.530273438	-30.9373868982990
143881.064453125	-30.5392689106044
144387.429687500	-30.1230546507419
144821.457031250	-29.6887441187115
145110.808593750	-29.2363373145132
145327.822265625	-28.7477379659790
145581.004882813	-28.2772348896127
145834.187500000	-27.8248280854144
146051.201171875	-27.3543250090481
146304.383789063	-26.8838219326819
146666.073242188	-26.4314151284835
147063.931640625	-25.9971045964531
147425.621093750	-25.5446977922548
147859.648437500	-25.1284835323923
148402.182617188	-24.7303655446978
148944.716796875	-24.3141512848353
149559.588867188	-23.9341295693087
150174.460937500	-23.5722041259501
150789.333007813	-23.2102786825914
151404.205078125	-22.8302569670648
152127.583984375	-22.4864277958741
152923.300781250	-22.1787911690192
153791.355468750	-21.9797321751719
154731.748046875	-21.8892508143323
155744.478515625	-21.8530582699964
156721.040039063	-21.8892508143323
157552.925781250	-22.0883098081795
158276.304687500	-22.3778501628665
159035.852539063	-22.6673905175534
159867.738281250	-22.9388346000724
160699.624023438	-23.2102786825914
161459.171875000	-23.5360115816142
162182.550781250	-23.8798407528049
162797.422851563	-24.2598624683315
163412.294921875	-24.6398841838581
164063.335937500	-25.0018096272168
164678.208007813	-25.3818313427434
165293.080078125	-25.7618530582700
165980.290039063	-26.1237785016287
166631.331054688	-26.4857039449873
167210.034179688	-26.8657256605139
167824.906250000	-27.2457473760405
168475.947265625	-27.6076728193992
169126.988281250	-27.9695982627579
169705.691406250	-28.3496199782845
170320.563476563	-28.7296416938111
170971.604492188	-29.0734708650018
171622.645507813	-29.4353963083605
172237.517578125	-29.8335142960550
172888.558593750	-30.1954397394137
173575.768554688	-30.5392689106044
174190.640625000	-30.9011943539631
174805.512695313	-31.2812160694897
175492.722656250	-31.6431415128484
176143.763671875	-32.0050669562070
176794.804687500	-32.3669923995657
177445.845703125	-32.7470141150923
178096.886718750	-33.1270358306189
178747.927734375	-33.5070575461455
179435.137695313	-33.8689829895042
180158.516601563	-34.1766196163590
180881.895507813	-34.4661599710460
181532.936523438	-34.8099891422367
182075.470703125	-35.1900108577633
182618.004882813	-35.5881288454578
183160.539062500	-35.9862468331524
183775.411132813	-36.3481722765110
184534.958984375	-36.6377126311980
185330.675781250	-36.9091567137170
186198.730468750	-37.1444082519001
187066.785156250	-37.3796597900832
187971.008789063	-37.5606225117626
188911.401367188	-37.6692001447702
189887.962890625	-37.7596815056098
190864.524414063	-37.8320665942816
191804.916992188	-37.8139703221136
192672.971679688	-37.6511038726022
193432.519531250	-37.3615635179153
194119.729492188	-36.9815418023887
194626.094726563	-36.5653275425262
194951.615234375	-36.1129207383279
195277.135742188	-35.6424176619616
195674.994140625	-35.2081071299312
196109.021484375	-34.7918928700688
196434.541992188	-34.3394860658704
196687.724609375	-33.8689829895042
196977.076171875	-33.4165761853058
197302.596679688	-32.9460731089396
197700.455078125	-32.5117625769092
198242.989257813	-32.1136445892146
198857.861328125	-31.7336228736880
199617.409179688	-31.4440825190011
200485.463867188	-31.2631197973218
201425.856445313	-31.1364458921462
202366.249023438	-31.0097719869707
203270.472656250	-30.8650018096272
204247.034179688	-30.7564241766196
205223.595703125	-30.7021353601158
206200.157226563	-30.6840390879479
207176.718750000	-30.6659428157799
208153.280273438	-30.6659428157799
209129.841796875	-30.7383279044517
209997.896484375	-30.9554831704669
210648.937500000	-31.3174086138255
211119.133789063	-31.7517191458560
211516.992187500	-32.1860296778864
211914.850585938	-32.6384364820847
212385.046875000	-33.0727470141151
212819.074218750	-33.4889612739776
213216.932617188	-33.9232718060080
213614.791015625	-34.3575823380384
214048.818359375	-34.7918928700688
214482.845703125	-35.2262034020992
214880.704101563	-35.6605139341296
215314.731445313	-36.0948244661600
215748.758789063	-36.5291349981904
216146.617187500	-36.9815418023887
216580.644531250	-37.4158523344191
217014.671875000	-37.8501628664495
217448.699218750	-38.2844733984799
217882.726562500	-38.7187839305103
218316.753906250	-39.1530944625407
218714.612304688	-39.5874049945711
219112.470703125	-40.0398117987694
219582.666992188	-40.4741223307999
220016.694335938	-40.9084328628303
220414.552734375	-41.3608396670286
220848.580078125	-41.7770539268911
221282.607421875	-42.1932681867535
221716.634765625	-42.6456749909519
222150.662109375	-43.0980817951502
222584.689453125	-43.5142960550127
222982.547851563	-43.9486065870431
223416.575195313	-44.3829171190735
223886.771484375	-44.8172276511039
224284.629882813	-45.2515381831343
224646.319335938	-45.7039449873326
225116.515625000	-46.1201592471951
225912.232421875	-45.9572927976837
226454.766601563	-45.5772710821571
226924.962890625	-45.1429605501267
227431.328125000	-44.7086500180963
227901.524414063	-44.2924357582338
228407.889648438	-43.8762214983713
228878.085937500	-43.4600072385089
229384.451171875	-43.0437929786464
229854.647460938	-42.6275787187839
230361.012695313	-42.2113644589215
230867.377929688	-41.7951501990590
231373.743164063	-41.3789359391965
231880.108398438	-40.9808179515020
232386.473632813	-40.5646036916395
232856.669921875	-40.1483894317771
233363.035156250	-39.7321751719146
233833.231445313	-39.3340571842201
234339.596679688	-38.9178429243576
234809.792968750	-38.5197249366630
235316.158203125	-38.1035106768006
235786.354492188	-37.7053926891060
236328.888671875	-37.3072747014115
237016.098632813	-36.9453492580528
237739.477539063	-36.6196163590300
238535.194335938	-36.3662685486790
239439.417968750	-36.1853058269996
240343.641601563	-36.0043431053203
241211.696289063	-35.7871878393051
242079.750976563	-35.5338400289540
242911.636718750	-35.2985884907709
243743.522460938	-35.0452406804198
244575.408203125	-34.7737965979008
245371.125000000	-34.5023525153818
246239.179687500	-34.2671009771987
247107.234375000	-34.0680419833514
247975.289062500	-33.8327904451683
248807.174804688	-33.5613463626493
249675.229492188	-33.3260948244662
250579.453125000	-33.1270358306189
251483.676757813	-32.9279768367716
252279.393554687	-32.6565327542526
253038.941406250	-32.3307998552298
253798.489257813	-32.0050669562070
254558.037109375	-31.7155266015201
255389.922851563	-31.4621787911690
256185.639648437	-31.1907347086500
256945.187500000	-30.9011943539631
257813.242187500	-30.6840390879479
258753.634765625	-30.5935577271082
259694.027343750	-30.5030763662685
260634.419921875	-30.4125950054289
261610.981445313	-30.3583061889251
262587.542968750	-30.3221136445892
263564.104492188	-30.3221136445892
264540.666015625	-30.3764024610930
265372.551757813	-30.5754614549403
266059.761718750	-30.9192906261310
266638.464843750	-31.3174086138255
267144.830078125	-31.7336228736880
267578.857421875	-32.1860296778864
268012.884765625	-32.6203402099168
268446.912109375	-33.0546507419472
268880.939453125	-33.4889612739776
269351.135742188	-33.9232718060080
269785.163085938	-34.3575823380384
270219.190429688	-34.7918928700688
270653.217773438	-35.2081071299312
271087.245117188	-35.6243213897937
271521.272460938	-36.0586319218241
271955.299804688	-36.4929424538545
272389.327148438	-36.9091567137170
272787.185546875	-37.3434672457474
273221.212890625	-37.7777777777778
273691.409179688	-38.2120883098082
274125.436523438	-38.6463988418386
274595.632812500	-39.0807093738690
275029.660156250	-39.5150199058994
275463.687500000	-39.9493304379298
275933.883789063	-40.3836409699602
276367.911132813	-40.8179515019906
276801.938476563	-41.2522620340210
277235.965820313	-41.6865725660514
277669.993164063	-42.1208830980818
278140.189453125	-42.5370973579443
278538.047851563	-42.9714078899747
278935.906250000	-43.4238146941730
279442.271484375	-43.8038364096996
280165.650390625	-44.0390879478827
281069.874023438	-44.1476655808903
282046.435546875	-44.2200506695621
283022.997070313	-44.2924357582338
283963.389648438	-44.3467245747376
284939.951171875	-44.3105320304017
285844.174804688	-44.1476655808903
286676.060546875	-43.8762214983713
287435.608398438	-43.5685848715165
288158.987304688	-43.2428519724937
288918.535156250	-42.9352153456388
289714.251953125	-42.6456749909519
290509.968750000	-42.3742309084329
291378.023437500	-42.1208830980818
292209.909179688	-41.8675352877307
293005.625976563	-41.5960912052117
293837.511718750	-41.3427433948607
294669.397460938	-41.1074918566775
295573.621093750	-40.9808179515020
296550.182617188	-40.9989142236699
297490.575195313	-41.1255881288455
298358.629882813	-41.3246471226927
299226.684570313	-41.5418023887079
300094.739257813	-41.7408613825552
300962.793945313	-41.9761129207383
301722.341796875	-42.2656532754253
302409.551757813	-42.6094824466160
303060.592773438	-42.9895041621426
303711.633789063	-43.3514296055013
304471.181640625	-43.6590662323561
305339.236328125	-43.8943177705393
306243.459960938	-44.0752804922186
307183.852539063	-44.2019543973941
308160.414062500	-44.2200506695621
309064.637695313	-44.1114730365545
309896.523437500	-43.8581252262034
310656.071289063	-43.5323923271806
311307.112304688	-43.1704668838219
311813.477539063	-42.7542526239595
312319.842773438	-42.3380383640970
312826.208007813	-41.9218241042345
313296.404296875	-41.4875135722041
313802.769531250	-41.0712993123417
314309.134765625	-40.6550850524792
314815.500000000	-40.2207745204488
315321.865234375	-39.7864639884184
315828.230468750	-39.3883460007239
316334.595703125	-38.9721317408614
316840.960937500	-38.5559174809989
317311.157226563	-38.1397032211364
317817.522460938	-37.7234889612740
318323.887695313	-37.3072747014115
318794.083984375	-36.8910604415490
319300.449218750	-36.4748461816866
319770.645507813	-36.0586319218241
320277.010742188	-35.6424176619616
320783.375976563	-35.2262034020992
321289.741210938	-34.8099891422367
321796.106445313	-34.3756786102063
322302.471679688	-33.9594643503438
322808.836914063	-33.5432500904814
323279.033203125	-33.1089395584510
323785.398437500	-32.6746290264206
324400.270507813	-32.2946073108940
325087.480468750	-31.9688744118712
325810.859375000	-31.6431415128484
326570.407226563	-31.3355048859935
327402.292968750	-31.0821570756424
328270.347656250	-30.8650018096272
329174.571289063	-30.6659428157799
330042.625976563	-30.4668838219327
330910.680664063	-30.2859211002533
331814.904296875	-30.1411509229099
332755.296875000	-30.0325732899023
333695.689453125	-29.9058993847267
334636.082031250	-29.7792254795512
335576.474609375	-29.6525515743757
336516.867187500	-29.5258776692001
337457.259765625	-29.4173000361925
338433.821289063	-29.3268186753529
339374.213867188	-29.2001447701773
340314.606445313	-29.0553745928339
341218.830078125	-28.8744118711545
342086.884765625	-28.6391603329714
342954.939453125	-28.4220050669562
343859.163085938	-28.2410423452769
344763.386718750	-28.0600796235975
345631.441406250	-27.8610206297503
346463.327148438	-27.6438653637351
347331.381835938	-27.4267100977199
348163.267578125	-27.1914585595367
348958.984375000	-26.9200144770177
349754.701171875	-26.6304741223308
350550.417968750	-26.3590300398118
351346.134765625	-26.0694896851249
352141.851562500	-25.8161418747738
353009.906250000	-25.5989866087586
353877.960937500	-25.3818313427434
354782.184570313	-25.2189648932320
355758.746093750	-25.0922909880565
356699.138671875	-24.9837133550489
357675.700195313	-24.9294245385451
358652.261718750	-24.9113282663771
359628.823242188	-24.8932319942092
360605.384765625	-24.9294245385451
361581.946289063	-25.0018096272168
362558.507812500	-25.1103872602244
363498.900390625	-25.2189648932320
364475.461914063	-25.3456387984075
365415.854492188	-25.5085052479189
366247.740234375	-25.7437567861021
367079.625976563	-25.9971045964531
367911.511718750	-26.2323561346363
368743.397460938	-26.4857039449873
369502.945312500	-26.7933405718422
370262.493164063	-27.1190734708650
371022.041015625	-27.4267100977199
371781.588867188	-27.7524429967427
372504.967773438	-28.0962721679334
373228.346679688	-28.4220050669562
373879.387695313	-28.7839305103149
374458.090820313	-29.1820484980094
374964.456054688	-29.5801664857039
375470.821289063	-29.9963807455664
375977.186523438	-30.3944987332609
376483.551757813	-30.8107129931234
376989.916992188	-31.2269272529859
377460.113281250	-31.6431415128484
378002.647460938	-32.0593557727108
378617.519531250	-32.4393774882374
379268.560546875	-32.8193992037640
379883.432617188	-33.1994209192906
380498.304687500	-33.5794426348172
381185.514648438	-33.9413680781759
381872.724609375	-34.2851972493666
382487.596679688	-34.6652189648932
383066.299804688	-35.0633369525878
383645.002929688	-35.4795512124502
384296.043945313	-35.8595729279768
385091.760742188	-36.0586319218241
386032.153320313	-36.0586319218241
386936.376953125	-35.8957654723127
387804.431640625	-35.6786102062975
388672.486328125	-35.4433586681144
389540.541015625	-35.2262034020992
390408.595703125	-34.9909518639160
391240.481445313	-34.7376040535650
392036.198242188	-34.4661599710460
392831.915039063	-34.1947158885270
393663.800781250	-33.9413680781759
394568.024414063	-33.7965979008324
395544.585937500	-33.7423090843286
396521.147460938	-33.7604053564966
397497.708984375	-33.8327904451683
398401.932617188	-34.0318494390156
399125.311523438	-34.3394860658704
399740.183593750	-34.7195077813970
400210.379882813	-35.1357220412595
400680.576171875	-35.5700325732899
401150.772460938	-36.0043431053203
401548.630859375	-36.4386536373507
401946.489257813	-36.8910604415490
402416.685546875	-37.3072747014115
402886.881835938	-37.7053926891060
403284.740234375	-38.1397032211364
403646.429687500	-38.5921100253348
404116.625976563	-39.0083242851972
404659.160156250	-39.4245385450597
405310.201171875	-39.8045602605863
405925.073242188	-40.1845819761129
406467.607421875	-40.6007962359754
406973.972656250	-41.0170104958379
407552.675781250	-41.3970322113645
408167.547851563	-41.7589576547231
408782.419921875	-42.1208830980818
409397.291992188	-42.5009048136084
410084.501953125	-42.8447339847991
410301.515625000	-42.8447339847991
410880.218750000	-42.4647122692725
411169.570312500	-41.9942091929063
411386.583984375	-41.5237061165400
411712.104492188	-41.0893955845096
412146.131835938	-40.6550850524792
412580.159179688	-40.2207745204488
413014.186523438	-39.7864639884184
413375.875976563	-39.3340571842201
413737.565429688	-38.8816503800217
414063.085937500	-38.4111473036554
414352.437500000	-37.9406442272892
414533.282226563	-37.4701411509229
414714.126953125	-36.9996380745566
414931.140625000	-36.5291349981904
415184.323242188	-36.0405356496562
415437.505859375	-35.5881288454578
415799.195312500	-35.1357220412595
416269.391601563	-34.7195077813970
416775.756835938	-34.3032935215346
417282.122070313	-33.8870792616721
417824.656250000	-33.4708650018096
418294.852539063	-33.0546507419472
418728.879882813	-32.6384364820847
419235.245117188	-32.2403184943902
419850.117187500	-31.8602967788636
420537.327148438	-31.5164676076728
421333.043945313	-31.2450235251538
422201.098632813	-31.0278682591386
423032.984375000	-30.7926167209555
423828.701171875	-30.5392689106044
424624.417968750	-30.2859211002533
425492.472656250	-30.0868621064061
426432.865234375	-29.9601882012305
427373.257812500	-29.8154180238871
428313.650390625	-29.6706478465436
429254.042968750	-29.5258776692001
430158.266601563	-29.3449149475208
431062.490234375	-29.1639522258415
432002.882812500	-29.0191820484980
432943.275390625	-28.9287006876583
433919.836914063	-28.8925081433225
434896.398437500	-28.8382193268187
435836.791015625	-28.7115454216431
436777.183593750	-28.5486789721317
437645.238281250	-28.3315237061165
438513.292968750	-28.1143684401013
439345.178710938	-27.8791169019182
440213.233398438	-27.6619616359030
441117.457031250	-27.4629026420557
442021.680664063	-27.2819399203764
442962.073242188	-27.1009771986971
443830.127929688	-26.9019182048498
444698.182617188	-26.6666666666667
445530.068359375	-26.4133188563156
446325.785156250	-26.1237785016287
447157.670898438	-25.8342381469417
447989.556640625	-25.5808903365907
448785.273437500	-25.3094462540717
449580.990234375	-25.0380021715527
450412.875976563	-24.7665580890337
451172.423828125	-24.4770177343467
451931.971679688	-24.1874773796598
452727.688476563	-23.9160332971408
453595.743164063	-23.7350705754615
454536.135742188	-23.6445892146218
455512.697265625	-23.6083966702859
456489.258789063	-23.5722041259501
457465.820312500	-23.5360115816142
458442.381835938	-23.5179153094463
459418.943359375	-23.5179153094463
460359.335937500	-23.6083966702859
461263.559570313	-23.7893593919653
462095.445312500	-24.0427072023163
462854.993164063	-24.3503438291712
463578.372070313	-24.6579804560261
464337.919921875	-24.9475208107130
465133.636718750	-25.2189648932320
465929.353515625	-25.4904089757510
466761.239257813	-25.7437567861021
467593.125000000	-25.9971045964531
468352.672851563	-26.2866449511401
469148.389648438	-26.5580890336591
469907.937500000	-26.8476293883460
470667.485351563	-27.1190734708650
471463.202148438	-27.3724212812161
472258.918945313	-27.6257690915671
473018.466796875	-27.9153094462541
473741.845703125	-28.2410423452769
474501.393554688	-28.5667752442997
475224.772460938	-28.9106044154904
475984.320312500	-29.2363373145132
476743.868164063	-29.5439739413681
477394.909179688	-29.8878031125588
477973.612304688	-30.2859211002533
478552.315429688	-30.6659428157799
479203.356445313	-31.0459645313065
479818.228515625	-31.4259862468332
480433.100585938	-31.8060079623598
481084.141601563	-32.1679334057184
481699.013671875	-32.5660513934130
482241.547851563	-32.9822656532754
482820.250976563	-33.3984799131379
483435.123046875	-33.7965979008324
484013.826171875	-34.1766196163590
484628.698242188	-34.5385450597177
485243.570312500	-34.9004705030764
485786.104492188	-35.2985884907709
486256.300781250	-35.7148027506334
486654.159179688	-36.1491132826638
487015.848632813	-36.6015200868621
487377.538085938	-37.0358306188925
487811.565429688	-37.4701411509229
488245.592773438	-37.8863554107854
488751.958007813	-38.3025696706478
489222.154296875	-38.7368802026783
489728.519531250	-39.1530944625407
490198.715820313	-39.5693087224032
490488.067382813	-40.0398117987694
490632.743164063	-40.5284111473037
490849.756835938	-40.9989142236699
491175.277343750	-41.4694173000362
491500.797851563	-41.9037278320666
491862.487304688	-42.3561346362649
492296.514648438	-42.7904451682953
492658.204101563	-43.2428519724937
492947.555664063	-43.7133550488599
493236.907226563	-44.1657618530583
493453.920898438	-44.6362649294245
493634.765625000	-45.1248642779587
493779.441406250	-45.5953673543250
493960.286132813	-46.0839667028592
494249.637695313	-46.5363735070575
494647.496093750	-46.9706840390879
495117.692382813	-47.4049945711184
495696.395507813	-47.7850162866450
495949.578125000	-48.0021715526602
496564.450195313	-48.0021715526602
496817.632812500	-47.7850162866450
497432.504882813	-47.4230908432863
497938.870117188	-47.0068765834238
498445.235351563	-46.5906623235613
498987.769531250	-46.1925443358668
499566.472656250	-45.8125226203402
500036.668945313	-45.3782120883098
500362.189453125	-44.9077090119435
500651.541015625	-44.4372059355773
501049.399414062	-44.0028954035469
501519.595703125	-43.5866811436844
501953.623046875	-43.1523706116540
502242.974609375	-42.6818675352877
502496.157226563	-42.2294607310894
502749.339843750	-41.7589576547231
502966.353515625	-41.2703583061889
503219.536132813	-40.7998552298227
503508.887695313	-40.3474484256243
503834.408203125	-39.8769453492581
504159.928710938	-39.4245385450597
504557.787109375	-38.9902280130293
504883.307617188	-38.5378212088310
505208.828125000	-38.0673181324647
505534.348632812	-37.6149113282664
505968.375976563	-37.1806007962360
506438.572265625	-36.7643865363735
506872.599609375	-36.3300760043431
507342.795898437	-35.8957654723127
507812.992187500	-35.4795512124502
508391.695312500	-35.0995294969236
509042.736328125	-34.7376040535650
509693.777343750	-34.3756786102063
510308.649414063	-33.9956568946797
510995.859375000	-33.6518277234890
511683.069335938	-33.3079985522982
512406.448242188	-32.9822656532754
513202.165039062	-32.7108215707564
514034.050781250	-32.4393774882374
514865.936523437	-32.2222222222222
515770.160156250	-32.0593557727108
516746.721679688	-31.9507781397032
517687.114257813	-31.8241042345277
518591.337890625	-31.6974303293522
519567.899414063	-31.6069489685125
520544.460937500	-31.5345638798408
521521.022460938	-31.5164676076728
522497.583984375	-31.4983713355049
523474.145507813	-31.4802750633370
524450.707031250	-31.4802750633370
525427.268554688	-31.5164676076728
526367.661132813	-31.6069489685125
527308.053710938	-31.6974303293522
528284.615234375	-31.7517191458560
529261.176757813	-31.7336228736880
530237.738281250	-31.6974303293522
531214.299804688	-31.6612377850163
532190.861328125	-31.5888526963446
533167.422851563	-31.5164676076728
534107.815429688	-31.3897937024973
535012.039062500	-31.2088309808180
535843.924804688	-30.9735794426348
536639.641601563	-30.6840390879479
537471.527343750	-30.4125950054289
538267.244140625	-30.1592471950778
538918.285156250	-29.8335142960550
539460.819335938	-29.4353963083605
540075.691406250	-29.0553745928339
540835.239257813	-28.7115454216431
541630.956054688	-28.4220050669562
542426.672851563	-28.1505609844372
543222.389648438	-27.8791169019182
544018.106445313	-27.5895765472313
544849.992187500	-27.3181324647123
545609.540039063	-27.0104958378574
546332.918945313	-26.6847629388346
547056.297851563	-26.3590300398118
547852.014648438	-26.0694896851249
548647.731445313	-25.7980456026059
549479.617187500	-25.5446977922548
550347.671875000	-25.3456387984075
551288.064453125	-25.2008686210641
552228.457031250	-25.0922909880565
553168.849609375	-25.0018096272168
554145.411132813	-24.9475208107130
555121.972656250	-24.9656170828809
556098.534179688	-25.0560984437206
557038.926757813	-25.2008686210641
557943.150390625	-25.3637350705755
558811.205078125	-25.5627940644227
559679.259765625	-25.7980456026059
560547.314453125	-26.0332971407890
561379.200195313	-26.2685486789721
562247.254882813	-26.5038002171553
563042.971679688	-26.7933405718422
563766.350585938	-27.1190734708650
564489.729492188	-27.4629026420557
565140.770507813	-27.8429243575823
565755.642578125	-28.2229460731089
566406.683593750	-28.5848715164676
567021.555664063	-28.9648932319942
567636.427734375	-29.3449149475208
568287.468750000	-29.7068403908795
568974.678710938	-30.0506695620702
569589.550781250	-30.4306912775968
570204.422851563	-30.8107129931234
570891.632812500	-31.1726384364821
571615.011718750	-31.4983713355049
572302.221679688	-31.8422005066956
572953.262695313	-32.2041259500543
573604.303710938	-32.5841476655809
574255.344726563	-32.9641693811075
574978.723632813	-33.3079985522982
575702.102539063	-33.6337314513210
576316.974609375	-33.9956568946797
576859.508789063	-34.3756786102063
577474.380859375	-34.7557003257329
578161.590820313	-35.1176257690916
578884.969726563	-35.4433586681144
579644.517578125	-35.7509952949692
580367.896484375	-36.0767281939920
581091.275390625	-36.4205573651828
581742.316406250	-36.8005790807094
582393.357421875	-37.1806007962360
583080.567382813	-37.5425262395946
583695.439453125	-37.9225479551212
584274.142578125	-38.3206659428158
584925.183593750	-38.6825913861745
585612.393554688	-39.0264205573652
586371.941406250	-39.3521534563880
587131.489257813	-39.6597900832429
587854.868164063	-39.9674267100977
588650.584960938	-40.2569670647847
589446.301757813	-40.5284111473037
590242.018554688	-40.7998552298227
591037.735351563	-41.0712993123417
591869.621093750	-41.3608396670286
592665.337890625	-41.6503800217155
593497.223632813	-41.9218241042345
594365.278320313	-42.0484980094101
595269.501953125	-41.9942091929063
596137.556640625	-41.7770539268911
596969.442382813	-41.5056098443721
597765.159179688	-41.2341657618531
598560.875976563	-40.9989142236699
599392.761718750	-40.7636626854868
600188.478515625	-40.4741223307999
600911.857421875	-40.1302931596091
601599.067382813	-39.7683677162505
602105.432617188	-39.3521534563880
602430.953125000	-38.8816503800217
602756.473632813	-38.4111473036554
603118.163085938	-37.9587404994571
603588.359375000	-37.5425262395946
604130.893554688	-37.1263119797322
604673.427734375	-36.7100977198697
605143.624023438	-36.2938834600072
605613.820312500	-35.8595729279768
606156.354492188	-35.4614549402823
606735.057617188	-35.0814332247557
607313.760742188	-34.7014115092291
607892.463867188	-34.3032935215346
608543.504882813	-33.9413680781759
609303.052734375	-33.6518277234890
610171.107421875	-33.3984799131379
610966.824218750	-33.1089395584510
611690.203125000	-32.7832066594282
612449.750976563	-32.4574737604054
613209.298828125	-32.1317408613826
613932.677734375	-31.8060079623598
614728.394531250	-31.5345638798408
615596.449218750	-31.2812160694897
616392.166015625	-30.9916757148027
617151.713867188	-30.6840390879479
617911.261718750	-30.3944987332609
618706.978515625	-30.1230546507419
619502.695312500	-29.8516105682229
620262.243164063	-29.5620702135360
621094.128906250	-29.2906261310170
621926.014648438	-29.0191820484980
622757.900390625	-28.7477379659790
623589.786132813	-28.5124864277959
624421.671875000	-28.2591386174448
625253.557617188	-28.0057908070937
626121.612304688	-27.8248280854144
627062.004882813	-27.6800579080709
627966.228515625	-27.4990951863916
628834.283203125	-27.3000361925443
629738.506835938	-27.1009771986971
630570.392578125	-26.8838219326819
631402.278320313	-26.6304741223308
632234.164062500	-26.3771263119797
633066.049804688	-26.1418747737966
633934.104492188	-25.9247195077814
634765.990234375	-25.6894679695983
635634.044921875	-25.4723127035831
636538.268554688	-25.3094462540717
637478.661132813	-25.2008686210641
638455.222656250	-25.1103872602244
639395.615234375	-24.9656170828809
640263.669921875	-24.7665580890337
641167.893554688	-24.6036916395223
642108.286132813	-24.4951140065147
643084.847656250	-24.4589214621788
644061.409179688	-24.4589214621788
645037.970703125	-24.4770177343467
645978.363281250	-24.5855953673543
646810.249023438	-24.7846543612016
647642.134765625	-25.0560984437206
648437.851562500	-25.3456387984075
649161.230468750	-25.6532754252624
649956.947265625	-25.9247195077814
650788.833007813	-26.1961635903004
651584.549804688	-26.4676076728194
652380.266601563	-26.7390517553384
653175.983398438	-26.9923995656895
653971.700195313	-27.2638436482085
654767.416992188	-27.5171914585595
655563.133789063	-27.7886355410785
656395.019531250	-28.0419833514296
657263.074218750	-28.2591386174448
658131.128906250	-28.4762938834600
658963.014648438	-28.7296416938111
659831.069335938	-28.9648932319942
660699.124023438	-29.1820484980094
661567.178710938	-29.3811074918567
662471.402343750	-29.5620702135360
663411.794921875	-29.7249366630474
664352.187500000	-29.8697068403909
665292.580078125	-29.9782844733985
666269.141601563	-30.0144770177343
667245.703125000	-30.0506695620702
668222.264648438	-30.0868621064061
669198.826171875	-30.1230546507419
670175.387695313	-30.1592471950778
671151.949218750	-30.2316322837495
672092.341796875	-30.3221136445892
673068.903320313	-30.3944987332609
674009.295898438	-30.5030763662685
674913.519531250	-30.6659428157799
675781.574218750	-30.9011943539631
676613.459960938	-31.1545421643142
677445.345703125	-31.4078899746652
678277.231445313	-31.6612377850163
679145.286132813	-31.9145855953674
679977.171875000	-32.1860296778864
680736.719726563	-32.5117625769092
681315.422851563	-32.9098805646037
681677.112304688	-33.3622873688020
681966.463867188	-33.8327904451683
682291.984375000	-34.2851972493666
682617.504882813	-34.7376040535650
682943.025390625	-35.1900108577633
683268.545898438	-35.6605139341296
683521.728515625	-36.1310170104958
683738.742187500	-36.6015200868621
684028.093750000	-37.0720231632284
684317.445312500	-37.5425262395946
684606.796875000	-38.0130293159609
684896.148437500	-38.4835323923272
685221.668945313	-38.9359391965255
685511.020507813	-39.3883460007239
685800.372070313	-39.8588490770901
686125.892578125	-40.3293521534564
686415.244140625	-40.7998552298227
686668.426757813	-41.2703583061889
686921.609375000	-41.7408613825552
687210.960937500	-42.2113644589215
687500.312500000	-42.6818675352877
687825.833007813	-43.1342743394861
688151.353515625	-43.6047774158523
688440.705078125	-44.0752804922186
688766.225585938	-44.5457835685849
689055.577148438	-45.0162866449511
689344.928710938	-45.4867897213174
689561.942382813	-45.9572927976837
689778.956054688	-46.4277958740499
690104.476562500	-46.8982989504162
690647.010742188	-47.3145132102787
691044.869140625	-46.7354325009048
691478.896484375	-46.3011219688744
691732.079101563	-45.8125226203402
692057.599609375	-45.3420195439739
692455.458007813	-44.8896127397756
692889.485351563	-44.4553022077452
693323.512695313	-44.0028954035469
693685.202148438	-43.5504885993485
694010.722656250	-43.0980817951502
694372.412109375	-42.6275787187839
694770.270507813	-42.1932681867535
695204.297851563	-41.7589576547231
695602.156250000	-41.3065508505248
695963.845703125	-40.8541440463265
696289.366210938	-40.4017372421281
696651.055664063	-39.9493304379298
697048.914062500	-39.5150199058994
697446.772460938	-39.0626131017010
697880.799804688	-38.6283025696707
698242.489257813	-38.1758957654723
698568.009765625	-37.7234889612740
698893.530273438	-37.2529858849077
699291.388671875	-36.8186753528773
699761.584960938	-36.3843648208469
700304.119140625	-35.9681505609844
700882.822265625	-35.5700325732899
701461.525390625	-35.1900108577633
702184.904296875	-34.8461816865726
703016.790039063	-34.5928338762215
703921.013671875	-34.4118711545422
704825.237304688	-34.2128121606949
705693.291992188	-33.9956568946797
706561.346679688	-33.7785016286645
707429.401367188	-33.5794426348172
708297.456054688	-33.3803836409700
709165.510742188	-33.1632283749548
710069.734375000	-32.9641693811075
710973.958007813	-32.8013029315961
711914.350585938	-32.6565327542526
712818.574218750	-32.5117625769092
713758.966796875	-32.3669923995657
714663.190429688	-32.2041259500543
715531.245117188	-32.0050669562070
716435.468750000	-31.8241042345277
717339.692382813	-31.6250452406804
718171.578125000	-31.3716974303294
718931.125976563	-31.0640608034745
719763.011718750	-30.7926167209555
720631.066406250	-30.5573651827723
721499.121093750	-30.3583061889251
722439.513671875	-30.2135360115816
723379.906250000	-30.0506695620702
724320.298828125	-29.8878031125588
725260.691406250	-29.7249366630474
726164.915039063	-29.5620702135360
727069.138671875	-29.3992037640246
728009.531250000	-29.2001447701773
728877.585937500	-28.9829895041621
729745.640625000	-28.7658342381469
730649.864257813	-28.5667752442997
731481.750000000	-28.3315237061165
732313.635742188	-28.0962721679334
733181.690429688	-27.8791169019182
734049.745117188	-27.6619616359030
734881.630859375	-27.4448063698878
735749.685546875	-27.2276511038726
736617.740234375	-27.0466883821933
737558.132812500	-26.9019182048498
738462.356445313	-26.7571480275063
739366.580078125	-26.5942815779949
740270.803710938	-26.4495114006515
741175.027343750	-26.3047412233080
742151.588867188	-26.2142598624683
743091.981445313	-26.1961635903004
744032.374023438	-26.2504524068042
745008.935546875	-26.3228374954759
745949.328125000	-26.3771263119797
746925.889648438	-26.4495114006515
747902.451171875	-26.5218964893232
748842.843750000	-26.6123778501629
749783.236328125	-26.7209554831705
750723.628906250	-26.8476293883460
751664.021484375	-27.0104958378574
752495.907226563	-27.2457473760405
753255.455078125	-27.5533840028954
753978.833984375	-27.8791169019182
754738.381835938	-28.1867535287731
755497.929687500	-28.5124864277959
756221.308593750	-28.8563155989866
756872.349609375	-29.2182410423453
757414.883789063	-29.6163590300398
757848.911132813	-30.0506695620702
758282.938476563	-30.4668838219327
758753.134765625	-30.8830980817951
759150.993164063	-31.3174086138255
759802.034179688	-31.6974303293522
760380.737304688	-32.0774520448788
760923.271484375	-32.4936663047412
761465.805664063	-32.9098805646037
762080.677734375	-33.2899022801303
762659.380859375	-33.6880202678248
763129.577148438	-34.1223307998552
763599.773437500	-34.5385450597177
764106.138671875	-34.9366630474122
764648.672851563	-35.3347810351068
765155.038085938	-35.7509952949692
765552.896484375	-36.1672095548317
765806.079101563	-36.6377126311980
766023.092773438	-37.1263119797322
766276.275390625	-37.5787187839305
766601.795898438	-38.0311255881288
767035.823242188	-38.4654361201592
767506.019531250	-38.8816503800217
767903.877929688	-39.3340571842201
768229.398437500	-39.8045602605863
768518.750000000	-40.2569670647847
768916.608398438	-40.6912775968151
769386.804687500	-41.1074918566775
769857.000976563	-41.5237061165400
770291.028320313	-41.9580166485704
770761.224609375	-42.3742309084329
771159.083007813	-42.8266377126312
771556.941406250	-43.2790445168295
772027.137695313	-43.6952587766920
772569.671875000	-44.1114730365545
773148.375000000	-44.5276872964169
773835.584960938	-44.8715164676077
774631.301757813	-45.0343829171191
775065.329101563	-44.6000723850887
775571.694335938	-44.2019543973941
776041.890625000	-43.7676438653637
776367.411132813	-43.3152370611654
776548.255859375	-42.8447339847991
776656.762695313	-42.3561346362649
776729.100585938	-41.8675352877307
776909.945312500	-41.3970322113645
777199.296875000	-40.9265291349982
777488.648437500	-40.4560260586319
777814.168945313	-40.0036192544336
778212.027343750	-39.5693087224032
778646.054687500	-39.1349981903728
779080.082031250	-38.6825913861745
779550.278320313	-38.2663771263120
780092.812500000	-37.8501628664495
780599.177734375	-37.4339486065870
781105.542968750	-37.0177343467246
781611.908203125	-36.6015200868621
782190.611328125	-36.2214983713355
782841.652343750	-35.8595729279768
783492.693359375	-35.4795512124502
784071.396484375	-35.0814332247557
784686.268554688	-34.6833152370612
785228.802734375	-34.2851972493666
785771.336914063	-33.8689829895042
786350.040039063	-33.4889612739776
787001.081054688	-33.1451321027868
787724.459960938	-32.8193992037640
788375.500976563	-32.4574737604054
788990.373046875	-32.0593557727108
789641.414062500	-31.6793340571842
790364.792968750	-31.3536011581614
791160.509765625	-31.0821570756424
792028.564453125	-30.8650018096272
792896.619140625	-30.6116539992761
793656.166992188	-30.3221136445892
794379.545898438	-29.9963807455664
795139.093750000	-29.6887441187115
795970.979492188	-29.4353963083605
796802.865234375	-29.2001447701773
797670.919921875	-28.9648932319942
798502.805664063	-28.7115454216431
799334.691406250	-28.4762938834600
800238.915039063	-28.2772348896127
801106.969726563	-28.0962721679334
802011.193359375	-27.9334057184220
802951.585937500	-27.8067318132465
803928.147460938	-27.7162504524068
804868.540039063	-27.6076728193992
805772.763671875	-27.4267100977199
806676.987304688	-27.2638436482085
807581.210937500	-27.1371697430329
808557.772460938	-27.0828809265291
809534.333984375	-27.0466883821933
810474.726562500	-26.9923995656895
811451.288085938	-26.9019182048498
812391.680664063	-26.7933405718422
813332.073242188	-26.6847629388346
814308.634765625	-26.6304741223308
815285.196289063	-26.6123778501629
816261.757812500	-26.6123778501629
817238.319335938	-26.6485703944987
818178.711914063	-26.7028592110025
819155.273437500	-26.7571480275063
820131.834960938	-26.7933405718422
821108.396484375	-26.8114368440101
822048.789062500	-26.7752442996743
822953.012695313	-26.6485703944987
823857.236328125	-26.5038002171553
824833.797851563	-26.4314151284835
825810.359375000	-26.4314151284835
826786.920898438	-26.4314151284835
827763.482421875	-26.3771263119797
828703.875000000	-26.2866449511401
829644.267578125	-26.1961635903004
830620.829101563	-26.1237785016287
831597.390625000	-26.0875859572928
832573.952148438	-26.0875859572928
833550.513671875	-26.0875859572928
834527.075195313	-26.0513934129569
835503.636718750	-26.0332971407890
836480.198242188	-26.0332971407890
837456.759765625	-26.0513934129569
838433.321289063	-26.1418747737966
839337.544921875	-26.2866449511401
840277.937500000	-26.4495114006515
841218.330078125	-26.5942815779949
842158.722656250	-26.7571480275063
843099.115234375	-26.8838219326819
844039.507812500	-27.0104958378574
844907.562500000	-27.2095548317047
845703.279296875	-27.4809989142237
846462.827148438	-27.7886355410785
847222.375000000	-28.0962721679334
847945.753906250	-28.4401013391241
848632.963867188	-28.7839305103149
849392.511718750	-29.0915671371697
850152.059570313	-29.4173000361925
850875.438476563	-29.7430329352153
851562.648437500	-30.0506695620702
852358.365234375	-30.2859211002533
853226.419921875	-30.4849800941006
854022.136718750	-30.7202316322837
854781.684570313	-31.0097719869707
855577.401367188	-31.2993123416576
856409.287109375	-31.5345638798408
857313.510742188	-31.7155266015201
858217.734375000	-31.8964893231994
859158.126953125	-32.0593557727108
860098.519531250	-32.1860296778864
861038.912109375	-32.2946073108940
862015.473632813	-32.3488961273978
862955.866210938	-32.4031849439016
863932.427734375	-32.4574737604054
864908.989257813	-32.4755700325733
865885.550781250	-32.4755700325733
866862.112304688	-32.4755700325733
867838.673828125	-32.4755700325733
868815.235351563	-32.4393774882374
869755.627929688	-32.3488961273978
870732.189453125	-32.2584147665581
871672.582031250	-32.1317408613826
872576.805664063	-31.9869706840391
873481.029296875	-31.8422005066956
874421.421875000	-31.7336228736880
875397.983398438	-31.6612377850163
876338.375976563	-31.5707564241766
877314.937500000	-31.4802750633370
878255.330078125	-31.3716974303294
879195.722656250	-31.2088309808180
880099.946289063	-31.0278682591386
881040.338867188	-30.8830980817951
881944.562500000	-30.6840390879479
882848.786132813	-30.5211726384365
883753.009765625	-30.3583061889251
884621.064453125	-30.1592471950778
885489.119140625	-29.9782844733985
886357.173828125	-29.7973217517191
887225.228515625	-29.5801664857039
888129.452148438	-29.3811074918567
888997.506835938	-29.1639522258415
889865.561523438	-28.9287006876583
890733.616210938	-28.6753528773073
891565.501953125	-28.4039087947883
892361.218750000	-28.1505609844372
893156.935546875	-27.8791169019182
893988.821289063	-27.6257690915671
894856.875976563	-27.3905175533840
895688.761718750	-27.1552660152009
896556.816406250	-26.9381107491857
897461.040039063	-26.7752442996743
898365.263671875	-26.6123778501629
899269.487304688	-26.4495114006515
900173.710937500	-26.2866449511401
901114.103515625	-26.1599710459645
902054.496093750	-26.0152008686211
902994.888671875	-25.8885269634455
903935.281250000	-25.7618530582700
904875.673828125	-25.6351791530945
905816.066406250	-25.5266015200869
906756.458984375	-25.4542164314151
907696.851562500	-25.3637350705755
908673.413085938	-25.2551574375679
909613.805664063	-25.1827723488961
910590.367187500	-25.1284835323923
911566.928710938	-25.0560984437206
912543.490234375	-25.0018096272168
913520.051757813	-24.9294245385451
914460.444335938	-24.8570394498733
915437.005859375	-24.7846543612016
916377.398437500	-24.6760767281940
917317.791015625	-24.5674990951864
918294.352539063	-24.5132102786826
919270.914062500	-24.4951140065147
920247.475585938	-24.4408251900109
921187.868164063	-24.3503438291712
922164.429687500	-24.2779587404995
923104.822265625	-24.2236699239957
924081.383789063	-24.1512848353239
925057.945312500	-24.0788997466522
926034.506835938	-24.0427072023163
927011.068359375	-24.0427072023163
927987.629882813	-24.0246109301484
928964.191406250	-24.0065146579805
929940.752929688	-24.0065146579805
930917.314453125	-24.0065146579805
931893.875976563	-24.0427072023163
932834.268554688	-24.1150922909881
933810.830078125	-24.1693811074919
934787.391601563	-24.2236699239957
935727.784179688	-24.3141512848353
936668.176757813	-24.4589214621788
937608.569335938	-24.5855953673543
938548.961914063	-24.7122692725299
939489.354492188	-24.8570394498733
940357.409179688	-25.0560984437206
941189.294921875	-25.2732537097358
942093.518554688	-25.4723127035831
942997.742187500	-25.6351791530945
943901.965820313	-25.7980456026059
944733.851562500	-26.0152008686211
945565.737304688	-26.2685486789721
946397.623046875	-26.5218964893232
947265.677734375	-26.7571480275063
948097.563476563	-26.9923995656895
948929.449218750	-27.2457473760405
949797.503906250	-27.4448063698878
950737.896484375	-27.6076728193992
951678.289062500	-27.7524429967427
952582.512695313	-27.9153094462541
953522.905273438	-28.0781758957655
954463.297851563	-28.2048498009410
955403.690429688	-28.2772348896127
956344.083007813	-28.3496199782845
957320.644531250	-28.4220050669562
958261.037109375	-28.5124864277959
959237.598632813	-28.5667752442997
960214.160156250	-28.6029677886355
961190.721679688	-28.6210640608035
962167.283203125	-28.6210640608035
963143.844726563	-28.6210640608035
964120.406250000	-28.6210640608035
965096.967773438	-28.6572566051393
966073.529296875	-28.6934491494752
967050.090820313	-28.7115454216431
968026.652343750	-28.7658342381469
968967.044921875	-28.8744118711545
969907.437500000	-29.0010857763301
970847.830078125	-29.1096634093377
971788.222656250	-29.2363373145132
972728.615234375	-29.3449149475208
973669.007812500	-29.4534925805284
974609.400390625	-29.5801664857039
975477.455078125	-29.7611292073833
976345.509765625	-29.9420919290626
977249.733398438	-30.1411509229099
978081.619140625	-30.3764024610930
978913.504882813	-30.6116539992761
979817.728515625	-30.8469055374593
980685.783203125	-31.0821570756424
981517.668945313	-31.2993123416576
982421.892578125	-31.4621787911690
983398.454101563	-31.5345638798408
984375.015625000	-31.5526601520087
985351.577148438	-31.5526601520087
986328.138671875	-31.4802750633370
987268.531250000	-31.3536011581614
988172.754882813	-31.1907347086500
989076.978515625	-31.0097719869707
989908.864257813	-30.7745204487875
990740.750000000	-30.5030763662685
991500.297851563	-30.1773434672457
992296.014648438	-29.8697068403909
993091.731445313	-29.5801664857039
993887.448242188	-29.3087224031849
994683.165039063	-29.0372783206659
995515.050781250	-28.7658342381469
996346.936523438	-28.5305826999638
997178.822265625	-28.2953311617807
998083.045898438	-28.0962721679334
998987.269531250	-27.8972131740861
999746.817382813	-27.5714802750633