   2.0000000e+01  -2.7761194e+01  -2.5743558e+01		
   2.9000000e+01  -2.9848988e+01  -2.7759436e+01		
   3.8000000e+01  -3.1220581e+01  -2.8898856e+01		
   4.7000000e+01  -3.2941995e+01  -3.0286974e+01		
   5.6000000e+01  -3.4112335e+01  -3.1417910e+01		
   6.5000000e+01  -3.5279136e+01  -3.2477876e+01		
   7.4000000e+01  -3.6618150e+01  -3.3665831e+01		
   8.3000000e+01  -3.7473282e+01  -3.4513083e+01		
   9.2000000e+01  -3.8218130e+01  -3.5436044e+01		
   1.0100000e+02  -3.9350321e+01  -3.6173086e+01		
   1.1000000e+02  -4.0013388e+01  -3.6713962e+01		
   1.1900000e+02  -4.1138923e+01  -3.7718665e+01		
   1.2800000e+02  -4.1911366e+01  -3.8262963e+01		
   1.3700000e+02  -4.2439903e+01  -3.8931646e+01		
   1.4600000e+02  -4.3260778e+01  -3.9842694e+01		
   1.5500000e+02  -4.4276613e+01  -4.0574744e+01		
   1.6400000e+02  -4.5171635e+01  -4.0889388e+01		
   1.7300000e+02  -4.5586844e+01  -4.1768858e+01		
   1.8200000e+02  -4.6155788e+01  -4.2453899e+01		
   1.9100000e+02  -4.7011327e+01  -4.3279875e+01		
   2.0000000e+02  -4.8067874e+01  -4.3699725e+01		
   2.0324492e+02  -4.8229973e+01  -4.4336995e+01		
   2.0654248e+02  -4.8389063e+01  -4.4460695e+01		
   2.0989355e+02  -4.8545081e+01  -4.4600399e+01		
   2.1329899e+02  -4.9171844e+01  -4.5171835e+01		
   2.1675968e+02  -4.9369109e+01  -4.5289267e+01		
   2.2027651e+02  -4.9600731e+01  -4.5448833e+01		
   2.2385041e+02  -5.0641360e+01  -4.5639989e+01		
   2.2748229e+02  -5.0835134e+01  -4.6285520e+01		
   2.3117310e+02  -5.0998035e+01  -4.6409130e+01		
   2.3492379e+02  -5.2145635e+01  -4.6532593e+01		
   2.3873533e+02  -5.2470759e+01  -4.7310106e+01		
   2.4260871e+02  -5.3647400e+01  -4.7519244e+01		
   2.4654494e+02  -5.3916100e+01  -4.7736020e+01		
   2.5054503e+02  -5.4184237e+01  -4.8558622e+01		
   2.5461002e+02  -5.5194459e+01  -4.8792254e+01		
   2.5874097e+02  -5.5459540e+01  -4.9017922e+01		
   2.6293893e+02  -5.5727580e+01  -4.9916794e+01		
   2.6720501e+02  -5.7084236e+01  -5.0115668e+01		
   2.7154030e+02  -5.7479138e+01  -5.0332194e+01		
   2.7594593e+02  -5.7834028e+01  -5.1430556e+01		
   2.8042304e+02  -5.9494305e+01  -5.1735842e+01		
   2.8497279e+02  -5.9871185e+01  -5.2042231e+01		
   2.8959636e+02  -6.1620622e+01  -5.3497732e+01		
   2.9429494e+02  -6.2015400e+01  -5.3889364e+01		
   2.9906976e+02  -6.4182784e+01  -5.5819333e+01		
   3.0392204e+02  -6.4542792e+01  -5.6240251e+01		
   3.0885305e+02  -6.6826666e+01  -5.7819491e+01		
   3.1386407e+02  -6.7089839e+01  -5.7633254e+01		
   3.1895638e+02  -6.9644593e+01  -5.5564857e+01		
   3.2413132e+02  -7.0485358e+01  -5.5199353e+01		
   3.2939022e+02  -7.0210997e+01  -5.2979661e+01		
   3.3473444e+02  -6.8096924e+01  -5.2577999e+01		
   3.4016537e+02  -6.7801271e+01  -5.1343213e+01		
   3.4568441e+02  -6.5428259e+01  -5.1194544e+01		
   3.5129300e+02  -6.3060412e+01  -5.1094527e+01		
   3.5699259e+02  -6.2686117e+01  -5.1805302e+01		
   3.6278465e+02  -6.0522877e+01  -5.2188281e+01		
   3.6867068e+02  -6.0111881e+01  -5.4207405e+01		
   3.7465221e+02  -5.8701710e+01  -5.4602012e+01		
   3.8073079e+02  -5.8384763e+01  -5.6845455e+01		
   3.8690799e+02  -5.8048193e+01  -5.7201346e+01		
   3.9318541e+02  -5.6685551e+01  -5.9635994e+01		
   3.9956469e+02  -5.6368937e+01  -6.2054277e+01		
   4.0604746e+02  -5.5007531e+01  -6.3675108e+01		
   4.1263541e+02  -5.4664307e+01  -6.3689884e+01		
   4.1933025e+02  -5.4316187e+01  -6.3577333e+01		
   4.2613372e+02  -5.2915670e+01  -6.2109018e+01		
   4.3304756e+02  -5.2563793e+01  -6.1719780e+01		
   4.4007358e+02  -5.1302099e+01  -5.9684735e+01		
   4.4721360e+02  -5.1067121e+01  -5.9346088e+01		
   4.5446945e+02  -5.0837404e+01  -5.7398349e+01		
   4.6184303e+02  -4.9750872e+01  -5.7004540e+01		
   4.6933625e+02  -4.9490114e+01  -5.5479194e+01		
   4.7695104e+02  -4.9232634e+01  -5.5185482e+01		
   4.8468937e+02  -4.8355023e+01  -5.4893711e+01		
   4.9255326e+02  -4.8218110e+01  -5.3784737e+01		
   5.0054474e+02  -4.8094624e+01  -5.3489195e+01		
   5.0866587e+02  -4.7629341e+01  -5.3188753e+01		
   5.1691877e+02  -4.7470172e+01  -5.1814690e+01		
   5.2530556e+02  -4.7294503e+01  -5.1520635e+01		
   5.3382843e+02  -4.6684807e+01  -5.0516690e+01		
   5.4248958e+02  -4.6493924e+01  -5.0286904e+01		
   5.5129125e+02  -4.6284279e+01  -5.0033680e+01		
   5.6023572e+02  -4.6042650e+01  -4.8912255e+01		
   5.6932532e+02  -4.5473830e+01  -4.8682033e+01		
   5.7856239e+02  -4.5360703e+01  -4.8452294e+01		
   5.8794933e+02  -4.5278432e+01  -4.7526156e+01		
   5.9748857e+02  -4.4807074e+01  -4.7329278e+01		
   6.0718257e+02  -4.4711560e+01  -4.7129565e+01		
   6.1703386e+02  -4.4618005e+01  -4.6574838e+01		
   6.2704498e+02  -4.4198663e+01  -4.6567164e+01		
   6.3721853e+02  -4.4116178e+01  -4.6567164e+01		
   6.4755714e+02  -4.4015066e+01  -4.6559880e+01		
   6.5806349e+02  -4.3893529e+01  -4.5894681e+01		
   6.6874030e+02  -4.3535790e+01  -4.5683129e+01		
   6.7959034e+02  -4.3415855e+01  -4.5479786e+01		
   6.9061642e+02  -4.3302381e+01  -4.4550468e+01		
   7.0182139e+02  -4.2728439e+01  -4.4337834e+01		
   7.1320815e+02  -4.2590015e+01  -4.4147262e+01		
   7.2477966e+02  -4.2491609e+01  -4.3569426e+01		
   7.3653892e+02  -4.2057890e+01  -4.3445710e+01		
   7.4848896e+02  -4.1900813e+01  -4.3304639e+01		
   7.6063289e+02  -4.1742315e+01  -4.3140174e+01		
   7.7297385e+02  -4.1173918e+01  -4.2519375e+01		
   7.8551503e+02  -4.1011665e+01  -4.2338513e+01		
   7.9825969e+02  -4.0894842e+01  -4.2140645e+01		
   8.1121113e+02  -4.0816740e+01  -4.1614465e+01		
   8.2437270e+02  -4.0556001e+01  -4.1490816e+01		
   8.3774781e+02  -4.0473566e+01  -4.1356026e+01		
   8.5133992e+02  -4.0391254e+01  -4.0727027e+01		
   8.6515256e+02  -3.9913863e+01  -4.0597743e+01		
   8.7918931e+02  -3.9824436e+01  -4.0493024e+01		
   8.9345380e+02  -3.9776119e+01  -4.0125140e+01		
   9.0794972e+02  -3.9776119e+01  -4.0001353e+01		
   9.2268083e+02  -3.9594023e+01  -3.9877748e+01		
   9.3765095e+02  -3.9470415e+01  -3.9754327e+01		
   9.5286396e+02  -3.9354599e+01  -3.9335217e+01		
   9.6832379e+02  -3.8933186e+01  -3.9252775e+01		
   9.8403444e+02  -3.8809496e+01  -3.9152255e+01		
   1.0000000e+03  -3.8670872e+01  -3.8467775e+01		
   1.0110250e+03  -3.8410567e+01  -3.8271714e+01		
   1.0221716e+03  -3.8150304e+01  -3.8424728e+01		
   1.0334411e+03  -3.7893468e+01  -3.8223990e+01		
   1.0448348e+03  -3.7720567e+01  -3.7971532e+01		
   1.0563541e+03  -3.7638530e+01  -3.7735832e+01		
   1.0680004e+03  -3.7573503e+01  -3.7515789e+01		
   1.0797752e+03  -3.7624524e+01  -3.7293868e+01		
   1.0916797e+03  -3.7548381e+01  -3.7098725e+01		
   1.1037155e+03  -3.7388223e+01  -3.6904762e+01		
   1.1158840e+03  -3.7176290e+01  -3.6767954e+01		
   1.1281866e+03  -3.7076149e+01  -3.6870040e+01		
   1.1406249e+03  -3.6937099e+01  -3.6748862e+01		
   1.1532003e+03  -3.6741969e+01  -3.6683777e+01		
   1.1659144e+03  -3.6597859e+01  -3.6618702e+01		
   1.1787686e+03  -3.6409847e+01  -3.6523528e+01		
   1.1917646e+03  -3.6562812e+01  -3.6358729e+01		
   1.2049038e+03  -3.6381570e+01  -3.6251555e+01		
   1.2181879e+03  -3.6230355e+01  -3.6186519e+01		
   1.2316185e+03  -3.6035154e+01  -3.6065542e+01		
   1.2451971e+03  -3.5839983e+01  -3.6167563e+01		
   1.2589254e+03  -3.5644845e+01  -3.6025389e+01		
   1.2728051e+03  -3.5449738e+01  -3.5834676e+01		
   1.2868378e+03  -3.5254663e+01  -3.5622771e+01		
   1.3010252e+03  -3.5407690e+01  -3.5315080e+01		
   1.3153691e+03  -3.5212416e+01  -3.4998111e+01		
   1.3298710e+03  -3.4998022e+01  -3.4778563e+01		
   1.3445329e+03  -3.4763920e+01  -3.4583450e+01		
   1.3593564e+03  -3.4535546e+01  -3.4388368e+01		
   1.3743433e+03  -3.4278112e+01  -3.4541443e+01		
   1.3894955e+03  -3.4113872e+01  -3.4351664e+01		
   1.4048147e+03  -3.3983810e+01  -3.4157379e+01		
   1.4203028e+03  -3.4085916e+01  -3.3984718e+01		
   1.4359617e+03  -3.3939635e+01  -3.3854588e+01		
   1.4517932e+03  -3.3694374e+01  -3.3654600e+01		
   1.4677993e+03  -3.3521265e+01  -3.3441136e+01		
   1.4839818e+03  -3.3361991e+01  -3.3246026e+01		
   1.5003427e+03  -3.3130671e+01  -3.3050948e+01		
   1.5168840e+03  -3.2827337e+01  -3.3203996e+01		
   1.5336077e+03  -3.2602461e+01  -3.2997253e+01		
   1.5505158e+03  -3.2407390e+01  -3.2743047e+01		
   1.5676103e+03  -3.2560382e+01  -3.2485249e+01		
   1.5848932e+03  -3.2358882e+01  -3.2229273e+01		
   1.6023667e+03  -3.2118295e+01  -3.2043897e+01		
   1.6200328e+03  -3.1948167e+01  -3.1913805e+01		
   1.6378937e+03  -3.1788951e+01  -3.1685214e+01		
   1.6559515e+03  -3.1634191e+01  -3.1481357e+01		
   1.6742084e+03  -3.1460137e+01  -3.1634378e+01		
   1.6926666e+03  -3.1214082e+01  -3.1439104e+01		
   1.7113283e+03  -3.1011929e+01  -3.1230537e+01		
   1.7301957e+03  -3.1164894e+01  -3.0997064e+01		
   1.7492712e+03  -3.0969629e+01  -3.0864307e+01		
   1.7685569e+03  -3.0774395e+01  -3.0799255e+01		
   1.7880553e+03  -3.0551140e+01  -3.0553324e+01		
   1.8077687e+03  -3.0255847e+01  -3.0075295e+01		
   1.8276994e+03  -2.9850805e+01  -2.9641327e+01		
   1.8478498e+03  -2.9502209e+01  -3.0012301e+01		
   1.8682224e+03  -2.9289143e+01  -2.9591065e+01		
   1.8888196e+03  -2.9442312e+01  -2.9359062e+01		
   1.9096439e+03  -2.9254784e+01  -2.9208200e+01		
   1.9306977e+03  -2.9114819e+01  -2.9040726e+01		
   1.9519837e+03  -2.8901340e+01  -2.8910611e+01		
   1.9735044e+03  -2.8641063e+01  -2.8697023e+01		
   1.9952623e+03  -2.8347096e+01  -2.8343890e+01		
   2.0172601e+03  -2.8065271e+01  -2.7976437e+01		
   2.0395005e+03  -2.7856597e+01  -2.7710172e+01		
   2.0619860e+03  -2.7661506e+01  -2.7914198e+01		
   2.0847195e+03  -2.7814649e+01  -2.7641504e+01		
   2.1077035e+03  -2.7611764e+01  -2.7341456e+01		
   2.1309410e+03  -2.7284425e+01  -2.7108037e+01		
   2.1544347e+03  -2.6914879e+01  -2.6912850e+01		
   2.1781874e+03  -2.6640280e+01  -2.6641154e+01		
   2.2022019e+03  -2.6445098e+01  -2.6273645e+01		
   2.2264813e+03  -2.6171139e+01  -2.5895171e+01		
   2.2510283e+03  -2.5756294e+01  -2.5516013e+01		
   2.2758459e+03  -2.5215337e+01  -2.5822141e+01		
   2.3009372e+03  -2.4611320e+01  -2.5433341e+01		
   2.3263051e+03  -2.5141394e+01  -2.4963048e+01		
   2.3519526e+03  -2.4516013e+01  -2.4395050e+01		
   2.3778830e+03  -2.3992141e+01  -2.3862311e+01		
   2.4040992e+03  -2.3667324e+01  -2.3446115e+01		
   2.4306044e+03  -2.3559631e+01  -2.3192244e+01		
   2.4574019e+03  -2.3465085e+01  -2.2956881e+01		
   2.4844948e+03  -2.3194012e+01  -2.2604820e+01		
   2.5118864e+03  -2.2699651e+01  -2.2122707e+01		
   2.5395800e+03  -2.2150911e+01  -2.1731843e+01		
   2.5675790e+03  -2.1516081e+01  -2.2049685e+01		
   2.5958866e+03  -2.0870599e+01  -2.1670770e+01		
   2.6245063e+03  -2.0310414e+01  -2.1304324e+01		
   2.6534415e+03  -1.9795270e+01  -2.0787553e+01		
   2.6826958e+03  -1.9290703e+01  -2.0184974e+01		
   2.7122726e+03  -1.9714429e+01  -1.9611259e+01		
   2.7421754e+03  -1.9209462e+01  -1.9076650e+01		
   2.7724080e+03  -1.8734041e+01  -1.8508798e+01		
   2.8029739e+03  -1.8335560e+01  -1.7940995e+01		
   2.8338767e+03  -1.7856073e+01  -1.7373239e+01		
   2.8651203e+03  -1.7351668e+01  -1.6907769e+01		
   2.8967083e+03  -1.7008268e+01  -1.6637130e+01		
   2.9286446e+03  -1.6830008e+01  -1.6841302e+01		
   2.9609329e+03  -1.6745486e+01  -1.6616915e+01		
   2.9935773e+03  -1.6733002e+01  -1.6648999e+01		
   3.0265816e+03  -1.6733002e+01  -1.6779149e+01		
   3.0599497e+03  -1.6758658e+01  -1.6999561e+01		
   3.0936857e+03  -1.7004798e+01  -1.7429663e+01		
   3.1277937e+03  -1.7487934e+01  -1.8042980e+01		
   3.1622777e+03  -1.8100812e+01  -1.8654918e+01		
   3.1971418e+03  -1.8784410e+01  -1.9264623e+01		
   3.2323904e+03  -1.9499050e+01  -1.9963089e+01		
   3.2680276e+03  -2.0203247e+01  -2.0708463e+01		
   3.3040577e+03  -2.0911774e+01  -2.1438962e+01		
   3.3404850e+03  -2.1662603e+01  -2.2096355e+01		
   3.3773139e+03  -2.2449168e+01  -2.2808854e+01		
   3.4145489e+03  -2.3219005e+01  -2.3601431e+01		
   3.4521944e+03  -2.3939553e+01  -2.4388123e+01		
   3.4902549e+03  -2.4537902e+01  -2.5051752e+01		
   3.5287350e+03  -2.4954112e+01  -2.5617557e+01		
   3.5676394e+03  -2.5414485e+01  -2.6132250e+01		
   3.6069727e+03  -2.6047601e+01  -2.6673215e+01		
   3.6467397e+03  -2.6751785e+01  -2.7221886e+01		
   3.6869451e+03  -2.7434614e+01  -2.6725874e+01		
   3.7275937e+03  -2.8068775e+01  -2.7270818e+01		
   3.7686905e+03  -2.8685684e+01  -2.7772657e+01		
   3.8102404e+03  -2.9356109e+01  -2.8386027e+01		
   3.8522484e+03  -3.0069202e+01  -2.9120784e+01		
   3.8947195e+03  -3.0856060e+01  -2.9880695e+01		
   3.9376589e+03  -3.1614319e+01  -3.0478844e+01		
   3.9810717e+03  -3.2368966e+01  -3.1026304e+01		
   4.0249631e+03  -3.3089273e+01  -3.1693977e+01		
   4.0693384e+03  -3.3860775e+01  -3.2497835e+01		
   4.1142030e+03  -3.4667961e+01  -3.4984697e+01		
   4.1595622e+03  -3.5467146e+01  -3.5771430e+01		
   4.2054214e+03  -3.6294543e+01  -3.6606129e+01		
   4.2517863e+03  -3.7149887e+01  -3.7484326e+01		
   4.2986623e+03  -3.7972602e+01  -3.8247566e+01		
   4.3460552e+03  -3.8744123e+01  -3.8976465e+01		
   4.3939706e+03  -3.9432720e+01  -3.9645067e+01		
   4.4424142e+03  -4.0021722e+01  -4.0157525e+01		
   4.4913919e+03  -4.0456969e+01  -4.0385524e+01		
   4.5409096e+03  -4.0557523e+01  -4.0263098e+01		
   4.5909732e+03  -4.0343474e+01  -3.9781000e+01		
   4.6415888e+03  -3.9863737e+01  -4.0221787e+01		
   4.6927625e+03  -3.9187317e+01  -3.9728557e+01		
   4.7445003e+03  -3.8401482e+01  -3.9179634e+01		
   4.7968085e+03  -3.7657243e+01  -3.8620754e+01		
   4.8496934e+03  -3.6992495e+01  -3.7934068e+01		
   4.9031614e+03  -3.6321824e+01  -3.7183411e+01		
   4.9572189e+03  -3.5567084e+01  -3.6466081e+01		
   5.0118723e+03  -3.4875179e+01  -3.5815677e+01		
   5.0671283e+03  -3.4212091e+01  -3.5170149e+01		
   5.1229936e+03  -3.3541451e+01  -3.4524622e+01		
   5.1794747e+03  -3.2823945e+01  -3.3851686e+01		
   5.2365785e+03  -3.2099343e+01  -3.3074447e+01		
   5.2943119e+03  -3.1320405e+01  -3.2267857e+01		
   5.3526818e+03  -3.0580281e+01  -3.1542846e+01		
   5.4116953e+03  -2.9927444e+01  -3.0839774e+01		
   5.4713593e+03  -2.9212769e+01  -3.0187497e+01		
   5.5316812e+03  -2.8513373e+01  -2.9553027e+01		
   5.5926681e+03  -2.7875758e+01  -2.8848826e+01		
   5.6543274e+03  -2.7306227e+01  -2.8165881e+01		
   5.7166665e+03  -2.6702300e+01  -2.7498472e+01		
   5.7796929e+03  -2.7232390e+01  -2.6812904e+01		
   5.8434141e+03  -2.6618575e+01  -2.6160642e+01		
   5.9078379e+03  -2.5995115e+01  -2.5559068e+01		
   5.9729720e+03  -2.5291915e+01  -2.4889407e+01		
   6.0388241e+03  -2.4587690e+01  -2.4121606e+01		
   6.1054023e+03  -2.3883465e+01  -2.3383703e+01		
   6.1727145e+03  -2.3183790e+01  -2.2762361e+01		
   6.2407688e+03  -2.2522186e+01  -2.2194480e+01		
   6.3095734e+03  -2.1905913e+01  -2.1562710e+01		
   6.3791366e+03  -2.1341211e+01  -2.0862931e+01		
   6.4494668e+03  -2.0691696e+01  -2.0106459e+01		
   6.5205723e+03  -1.9950722e+01  -1.9342120e+01		
   6.5924618e+03  -1.9164204e+01  -1.8555493e+01		
   6.6651438e+03  -1.8365787e+01  -1.7798533e+01		
   6.7386272e+03  -1.7651887e+01  -1.7096957e+01		
   6.8129207e+03  -1.6924347e+01  -1.6459378e+01		
   6.8880333e+03  -1.6231925e+01  -1.5885725e+01		
   6.9639740e+03  -1.5697912e+01  -1.5415021e+01		
   7.0407520e+03  -1.5337210e+01  -1.5195611e+01		
   7.1183765e+03  -1.5276975e+01  -1.5316279e+01		
   7.1968567e+03  -1.5503044e+01  -1.5739611e+01		
   7.2762022e+03  -1.5822299e+01  -1.5368814e+01		
   7.3564225e+03  -1.6234928e+01  -1.5829063e+01		
   7.4375273e+03  -1.6823136e+01  -1.6381255e+01		
   7.5195262e+03  -1.7482833e+01  -1.6944968e+01		
   7.6024291e+03  -1.8130549e+01  -1.7499945e+01		
   7.6862461e+03  -1.8800251e+01  -1.8072451e+01		
   7.7709871e+03  -1.9389628e+01  -1.8638787e+01		
   7.8566625e+03  -1.8838564e+01  -1.9143561e+01		
   7.9432823e+03  -1.9462572e+01  -1.9716031e+01		
   8.0308572e+03  -2.0018945e+01  -2.0285721e+01		
   8.1193976e+03  -2.0522783e+01  -2.0834462e+01		
   8.2089142e+03  -2.1127361e+01  -2.1383187e+01		
   8.2994176e+03  -2.1718551e+01  -2.1931897e+01		
   8.3909189e+03  -2.2280091e+01  -2.2480591e+01		
   8.4834290e+03  -2.2837151e+01  -2.3137036e+01		
   8.5769590e+03  -2.3395793e+01  -2.3727350e+01		
   8.6715202e+03  -2.3963634e+01  -2.4259915e+01		
   8.7671239e+03  -2.4531428e+01  -2.3783065e+01		
   8.8637816e+03  -2.5099173e+01  -2.4343106e+01		
   8.9615050e+03  -2.5765910e+01  -2.4848044e+01		
   9.0603058e+03  -2.6381002e+01  -2.5352940e+01		
   9.1601959e+03  -2.6916339e+01  -2.5868469e+01		
   9.2611873e+03  -2.6439339e+01  -2.6402782e+01		
   9.3632921e+03  -2.7000916e+01  -2.6907569e+01		
   9.4665226e+03  -2.7505867e+01  -2.7376115e+01		
   9.5708912e+03  -2.8010776e+01  -2.7817731e+01		
   9.6764105e+03  -2.8515642e+01  -2.8305593e+01		
   9.7830932e+03  -2.9061522e+01  -2.8758893e+01		
   9.8909520e+03  -2.9671318e+01  -2.9144051e+01		
   1.0000000e+04  -3.0312524e+01  -2.8826176e+01		
   1.0110250e+04  -3.0972345e+01  -2.9205702e+01		
   1.0221716e+04  -3.1530701e+01  -2.9507483e+01		
   1.0334411e+04  -3.1998965e+01  -2.9765467e+01		
   1.0448348e+04  -3.2355298e+01  -3.0054964e+01		
   1.0563541e+04  -3.2671576e+01  -3.0307745e+01		
   1.0680004e+04  -3.2416383e+01  -3.0459630e+01		
   1.0797752e+04  -3.2713660e+01  -3.0589094e+01		
   1.0916797e+04  -3.2794503e+01  -3.0715470e+01		
   1.1037155e+04  -3.2705956e+01  -3.0613431e+01		
   1.1158840e+04  -3.2484347e+01  -3.0721393e+01		
   1.1281866e+04  -3.1962477e+01  -3.0685091e+01		
   1.1406249e+04  -3.1172073e+01  -3.0504589e+01		
   1.1532003e+04  -3.0283859e+01  -3.0102083e+01		
   1.1659144e+04  -2.9387408e+01  -2.9466706e+01		
   1.1787686e+04  -2.8560210e+01  -2.8884919e+01		
   1.1917646e+04  -2.7812791e+01  -2.8727309e+01		
   1.2049038e+04  -2.7026242e+01  -2.9233028e+01		
   1.2181879e+04  -2.6266345e+01  -3.0068475e+01		
   1.2316185e+04  -2.5577628e+01  -3.0857769e+01		
   1.2451971e+04  -2.4985920e+01  -3.1511699e+01		
   1.2589254e+04  -2.4531497e+01  -3.1835350e+01		
   1.2728051e+04  -2.4394693e+01  -3.1799067e+01		
   1.2868378e+04  -2.4508308e+01  -3.1573282e+01		
   1.3010252e+04  -2.4790626e+01  -3.1267727e+01		
   1.3153691e+04  -2.5207072e+01  -3.1532794e+01		
   1.3298710e+04  -2.5661877e+01  -3.1211843e+01		
   1.3445329e+04  -2.5291045e+01  -3.0833122e+01		
   1.3593564e+04  -2.5715397e+01  -3.0444916e+01		
   1.3743433e+04  -2.6044804e+01  -3.0049521e+01		
   1.3894955e+04  -2.6442364e+01  -2.9549765e+01		
   1.4048147e+04  -2.6908062e+01  -2.8984888e+01		
   1.4203028e+04  -2.7508411e+01  -2.8747927e+01		
   1.4359617e+04  -2.8261721e+01  -2.9028313e+01		
   1.4517932e+04  -2.9052434e+01  -2.9577750e+01		
   1.4677993e+04  -2.9713466e+01  -3.0087892e+01		
   1.4839818e+04  -3.0022968e+01  -3.0248525e+01		
   1.5003427e+04  -3.0012756e+01  -2.9918396e+01		
   1.5168840e+04  -2.9798495e+01  -3.0236265e+01		
   1.5336077e+04  -2.9299463e+01  -2.9831904e+01		
   1.5505158e+04  -2.8600333e+01  -2.9268114e+01		
   1.5676103e+04  -2.7896178e+01  -2.8663411e+01		
   1.5848932e+04  -2.7292093e+01  -2.8004284e+01		
   1.6023667e+04  -2.6892354e+01  -2.7326944e+01		
   1.6200328e+04  -2.7210137e+01  -2.6904873e+01		
   1.6378937e+04  -2.6890547e+01  -2.6971270e+01		
   1.6559515e+04  -2.6942047e+01  -2.7398939e+01		
   1.6742084e+04  -2.7182504e+01  -2.8001556e+01		
   1.6926666e+04  -2.7561555e+01  -2.8672288e+01		
   1.7113283e+04  -2.8030239e+01  -2.9333885e+01		
   1.7301957e+04  -2.8524686e+01  -2.9917124e+01		
   1.7492712e+04  -2.9066164e+01  -3.0350895e+01		
   1.7685569e+04  -2.9529027e+01  -3.0581206e+01		
   1.7880553e+04  -2.9922024e+01  -3.0662297e+01		
   1.8077687e+04  -3.0254512e+01  -3.0611298e+01		
   1.8276994e+04  -2.9989681e+01  -3.0676388e+01		
   1.8478498e+04  -3.0302851e+01  -3.0761542e+01		
   1.8682224e+04  -3.0557055e+01  -3.0891679e+01		
   1.8888196e+04  -3.0814856e+01  -3.1090026e+01		
   1.9096439e+04  -3.1044725e+01  -3.1307132e+01		
   1.9306977e+04  -3.1239884e+01  -3.1497784e+01		
   1.9519837e+04  -3.1390616e+01  -3.1745045e+01		
   1.9735044e+04  -3.1572066e+01  -3.1997365e+01		
   1.9952623e+04  -3.1418884e+01  -3.1793405e+01		
   2.0172601e+04  -3.1608297e+01  -3.2012196e+01		
   2.0395005e+04  -3.1802972e+01  -3.2056385e+01		
   2.0619860e+04  -3.1998214e+01  -3.2084299e+01		
   2.0847195e+04  -3.2189742e+01  -3.2219212e+01		
   2.1077035e+04  -3.2444557e+01  -3.2540145e+01		
   2.1309410e+04  -3.2728537e+01  -3.2976814e+01		
   2.1544347e+04  -3.2983203e+01  -3.3311133e+01		
   2.1781874e+04  -3.3341595e+01  -3.3046085e+01		
   2.2022019e+04  -3.3665869e+01  -3.3371467e+01		
   2.2264813e+04  -3.3410760e+01  -3.3675519e+01		
   2.2510283e+04  -3.3736212e+01  -3.3933927e+01		
   2.2758459e+04  -3.4100732e+01  -3.4214694e+01		
   2.3009372e+04  -3.4402825e+01  -3.4560606e+01		
   2.3263051e+04  -3.4663097e+01  -3.4974636e+01		
   2.3519526e+04  -3.4953543e+01  -3.5375745e+01		
   2.3778830e+04  -3.5268995e+01  -3.5711019e+01		
   2.4040992e+04  -3.5587052e+01  -3.5982383e+01		
   2.4306044e+04  -3.5912213e+01  -3.6292502e+01		
   2.4574019e+04  -3.5656912e+01  -3.6027688e+01		
   2.4844948e+04  -3.5989831e+01  -3.6353243e+01		
   2.5118864e+04  -3.6383024e+01  -3.6731935e+01		
   2.5395800e+04  -3.6813490e+01  -3.7076070e+01		
   2.5675790e+04  -3.7230228e+01  -3.7364865e+01		
   2.5958866e+04  -3.7616073e+01  -3.7725686e+01		
   2.6245063e+04  -3.8000832e+01  -3.8112360e+01		
   2.6534415e+04  -3.8379379e+01  -3.8445929e+01		
   2.6826958e+04  -3.8757895e+01  -3.8771067e+01		
   2.7122726e+04  -3.9184537e+01  -3.8515929e+01		
   2.7421754e+04  -3.9572874e+01  -3.8840739e+01		
   2.7724080e+04  -3.9254790e+01  -3.9233072e+01		
   2.8029739e+04  -3.9633543e+01  -3.9680888e+01		
   2.8338767e+04  -4.0022601e+01  -4.0180520e+01		
   2.8651203e+04  -4.0452395e+01  -4.0685346e+01		
   2.8967083e+04  -4.0881176e+01  -4.1190129e+01		
   2.9286446e+04  -4.1271592e+01  -4.1621484e+01		
   2.9609329e+04  -4.1623483e+01  -4.1876620e+01		
   2.9935773e+04  -4.1826831e+01  -4.1923715e+01		
   3.0265816e+04  -4.1683191e+01  -4.1754759e+01		
   3.0599497e+04  -4.1163970e+01  -4.1907778e+01		
   3.0936857e+04  -4.0238707e+01  -4.1664848e+01		
   3.1277937e+04  -3.9250479e+01  -4.1166562e+01		
   3.1622777e+04  -3.8514276e+01  -3.8210228e+01		
   3.1971418e+04  -3.7656361e+01  -3.7561480e+01		
   3.2323904e+04  -3.4667808e+01  -3.6654453e+01		
   3.2680276e+04  -3.3802809e+01  -3.3929448e+01		
   3.3040577e+04  -3.2962107e+01  -3.3040199e+01		
   3.3404850e+04  -3.2159306e+01  -3.2101740e+01		
   3.3773139e+04  -3.1360551e+01  -3.1192773e+01		
   3.4145489e+04  -3.0553295e+01  -3.0325532e+01		
   3.4521944e+04  -2.9777990e+01  -2.9608960e+01		
   3.4902549e+04  -2.9155747e+01  -2.9159930e+01		
   3.5287350e+04  -2.8704194e+01  -2.8834689e+01		
   3.5676394e+04  -2.8450408e+01  -2.8511504e+01		
   3.6069727e+04  -2.8439348e+01  -2.8352649e+01		
   3.6467397e+04  -2.8597739e+01  -2.8454745e+01		
   3.6869451e+04  -2.8900148e+01  -2.8358699e+01		
   3.7275937e+04  -2.8644971e+01  -2.8555266e+01		
   3.7686905e+04  -2.8984505e+01  -2.9035053e+01		
   3.8102404e+04  -2.9502326e+01  -2.9578939e+01		
   3.8522484e+04  -3.0070337e+01  -3.0074434e+01		
   3.8947195e+04  -3.0638299e+01  -3.0570661e+01		
   3.9376589e+04  -3.1168494e+01  -3.1075400e+01		
   3.9810717e+04  -3.1603276e+01  -3.1538057e+01		
   4.0249631e+04  -3.1913241e+01  -3.1979629e+01		
   4.0693384e+04  -3.2129647e+01  -3.2316942e+01		
   4.1142030e+04  -3.2223229e+01  -3.2460947e+01		
   4.1595622e+04  -3.2172776e+01  -3.2358953e+01		
   4.2054214e+04  -3.2223767e+01  -3.2462687e+01		
   4.2517863e+04  -3.2144885e+01  -3.2462687e+01		
   4.2986623e+04  -3.1993900e+01  -3.2408118e+01		
   4.3460552e+04  -3.1802202e+01  -3.2246459e+01		
   4.3939706e+04  -3.1642688e+01  -3.1976677e+01		
   4.4424142e+04  -3.1552314e+01  -3.1653777e+01		
   4.4913919e+04  -3.1487275e+01  -3.1439031e+01		
   4.5409096e+04  -3.1422246e+01  -3.1417910e+01		
   4.5909732e+04  -3.1473281e+01  -3.1417910e+01		
   4.6415888e+04  -3.1398462e+01  -3.1417910e+01		
   4.6927625e+04  -3.1241152e+01  -3.1354687e+01		
   4.7445003e+04  -3.0928009e+01  -3.1082144e+01		
   4.7968085e+04  -3.0477736e+01  -3.0617010e+01		
   4.8496934e+04  -2.9963795e+01  -3.0059809e+01		
   4.9031614e+04  -2.9395970e+01  -2.9611585e+01		
   4.9572189e+04  -2.8952784e+01  -2.9275534e+01		
   5.0118723e+04  -2.8963887e+01  -2.8951477e+01		
   5.0671283e+04  -2.9632954e+01  -2.8807618e+01		
   5.1229936e+04  -3.0598923e+01  -2.8909611e+01		
   5.1794747e+04  -3.1366261e+01  -2.8859047e+01		
   5.2365785e+04  -3.4060662e+01  -2.9178169e+01		
   5.2943119e+04  -3.7092595e+01  -2.9732969e+01		
   5.3526818e+04  -3.7869596e+01  -3.0419650e+01		
   5.4116953e+04  -3.8181633e+01  -3.1160642e+01		
   5.4713593e+04  -3.7848665e+01  -3.1954358e+01		
   5.5316812e+04  -3.7184700e+01  -3.2654324e+01		
   5.5926681e+04  -3.6466904e+01  -3.3262421e+01		
   5.6543274e+04  -3.5810774e+01  -3.3839256e+01		
   5.7166665e+04  -3.5336194e+01  -3.4484478e+01		
   5.7796929e+04  -3.5075765e+01  -3.5278380e+01		
   5.8434141e+04  -3.4837297e+01  -3.6094196e+01		
   5.9078379e+04  -3.4533599e+01  -3.6735673e+01		
   5.9729720e+04  -3.4208656e+01  -3.6964115e+01		
   6.0388241e+04  -3.4473510e+01  -3.6715077e+01		
   6.1054023e+04  -3.4148807e+01  -3.6115358e+01		
   6.1727145e+04  -3.3847656e+01  -3.5411179e+01		
   6.2407688e+04  -3.3612740e+01  -3.4768867e+01		
   6.3095734e+04  -3.3417547e+01  -3.4198444e+01		
   6.3791366e+04  -3.3188663e+01  -3.3649700e+01		
   6.4494668e+04  -3.2853887e+01  -3.3100971e+01		
   6.5205723e+04  -3.2472755e+01  -3.2548792e+01		
   6.5924618e+04  -3.2083597e+01  -3.2088132e+01		
   6.6651438e+04  -3.2401660e+01  -3.2459206e+01		
   6.7386272e+04  -3.2011180e+01  -3.2022909e+01		
   6.8129207e+04  -3.1630567e+01  -3.1644189e+01		
   6.8880333e+04  -3.1175601e+01  -3.1247669e+01		
   6.9639740e+04  -3.0630980e+01  -3.0747066e+01		
   7.0407520e+04  -3.0114976e+01  -3.0218595e+01		
   7.1183765e+04  -2.9554698e+01  -2.9679364e+01		
   7.1968567e+04  -2.8986815e+01  -2.9242060e+01		
   7.2762022e+04  -2.8418980e+01  -2.8863517e+01		
   7.3564225e+04  -2.7934381e+01  -2.8401944e+01		
   7.4375273e+04  -2.7492805e+01  -2.7914190e+01		
   7.5195262e+04  -2.6898831e+01  -2.7423681e+01		
   7.6024291e+04  -2.6184416e+01  -2.6811573e+01		
   7.6862461e+04  -2.5405763e+01  -2.5917315e+01		
   7.7709871e+04  -2.4524082e+01  -2.4967171e+01		
   7.8566625e+04  -2.3600528e+01  -2.4075774e+01		
   7.9432823e+04  -2.2750602e+01  -2.3209119e+01		
   8.0308572e+04  -2.1918672e+01  -2.2369244e+01		
   8.1193976e+04  -2.1073380e+01  -2.1529444e+01		
   8.2089142e+04  -2.0245705e+01  -2.0685463e+01		
   8.2994176e+04  -1.9504075e+01  -1.9842136e+01		
   8.3909189e+04  -1.8751389e+01  -1.9170719e+01		
   8.4834290e+04  -1.8127115e+01  -1.8607104e+01		
   8.5769590e+04  -1.7924696e+01  -1.8329527e+01		
   8.6715202e+04  -1.8216794e+01  -1.8469645e+01		
   8.7671239e+04  -1.8839756e+01  -1.8985703e+01		
   8.8637816e+04  -1.9664639e+01  -1.9740928e+01		
   8.9615050e+04  -2.0527697e+01  -2.0635927e+01		
   9.0603058e+04  -2.1351904e+01  -2.1418541e+01		
   9.1601959e+04  -2.4505455e+01  -2.4621541e+01		
   9.2611873e+04  -2.5055183e+01  -2.5213043e+01		
   9.3632921e+04  -2.8144654e+01  -2.8367516e+01		
   9.4665226e+04  -2.9001094e+01  -2.9099993e+01		
   9.5708912e+04  -2.9857258e+01  -2.9869753e+01		
   9.6764105e+04  -3.0650914e+01  -3.0685683e+01		
   9.7830932e+04  -3.1388954e+01  -3.1487745e+01		
   9.8909520e+04  -3.2073678e+01  -3.2223789e+01		
   1.0000000e+05  -3.2383230e+01  -3.2904699e+01		
   1.0110250e+05  -3.2022408e+01  -3.3537577e+01		
   1.0221716e+05  -3.1183651e+01  -3.4065769e+01		
   1.0334411e+05  -3.0221490e+01  -3.4425227e+01		
   1.0448348e+05  -2.9407537e+01  -3.4593420e+01		
   1.0563541e+05  -2.8459387e+01  -3.4553689e+01		
   1.0680004e+05  -2.7797843e+01  -3.4604692e+01		
   1.0797752e+05  -2.7798646e+01  -3.4476077e+01		
   1.0916797e+05  -2.8290891e+01  -3.4010370e+01		
   1.1037155e+05  -2.9027698e+01  -3.0953042e+01		
   1.1158840e+05  -3.1752106e+01  -3.0320191e+01		
   1.1281866e+05  -3.2402255e+01  -2.9468824e+01		
   1.1406249e+05  -3.3002524e+01  -2.9011818e+01		
   1.1532003e+05  -3.2472471e+01  -2.9267454e+01		
   1.1659144e+05  -3.3078832e+01  -2.9980889e+01		
   1.1787686e+05  -3.3627771e+01  -3.2809352e+01		
   1.1917646e+05  -3.4065471e+01  -3.3611815e+01		
   1.2049038e+05  -3.4365352e+01  -3.4227207e+01		
   1.2181879e+05  -3.4406488e+01  -3.4574275e+01		
   1.2316185e+05  -3.4341433e+01  -3.4666234e+01		
   1.2451971e+05  -3.4232713e+01  -3.4615224e+01		
   1.2589254e+05  -3.4001313e+01  -3.4656335e+01		
   1.2728051e+05  -3.3798869e+01  -3.4572226e+01		
   1.2868378e+05  -3.3951843e+01  -3.4394926e+01		
   1.3010252e+05  -3.3770277e+01  -3.4200176e+01		
   1.3153691e+05  -3.3660856e+01  -3.4108004e+01		
   1.3298710e+05  -3.3623549e+01  -3.3998030e+01		
   1.3445329e+05  -3.3623549e+01  -3.3713393e+01		
   1.3593564e+05  -3.3498214e+01  -3.3341025e+01		
   1.3743433e+05  -3.3110533e+01  -3.3647033e+01		
   1.3894955e+05  -3.2562119e+01  -3.3278052e+01		
   1.4048147e+05  -3.3039220e+01  -3.2954672e+01		
   1.4203028e+05  -3.2476608e+01  -3.2612330e+01		
   1.4359617e+05  -3.1982240e+01  -3.2186264e+01		
   1.4517932e+05  -3.1556101e+01  -3.1689829e+01		
   1.4677993e+05  -3.1135985e+01  -3.1221443e+01		
   1.4839818e+05  -3.0641535e+01  -3.0859536e+01		
   1.5003427e+05  -3.0201448e+01  -3.0438771e+01		
   1.5168840e+05  -2.9822873e+01  -2.9889851e+01		
   1.5336077e+05  -2.9405616e+01  -3.0366927e+01		
   1.5505158e+05  -2.8876506e+01  -2.9798801e+01		
   1.5676103e+05  -2.8171711e+01  -2.9247817e+01		
   1.5848932e+05  -2.7334460e+01  -2.8686434e+01		
   1.6023667e+05  -2.6500419e+01  -2.8009195e+01		
   1.6200328e+05  -2.5677249e+01  -2.4957015e+01		
   1.6378937e+05  -2.4843022e+01  -2.4187870e+01		
   1.6559515e+05  -2.3965552e+01  -2.3324033e+01		
   1.6742084e+05  -2.1294547e+01  -2.2334220e+01		
   1.6926666e+05  -2.1315491e+01  -2.1463140e+01		
   1.7113283e+05  -2.1262498e+01  -2.1127861e+01		
   1.7301957e+05  -2.1370089e+01  -2.1441455e+01		
   1.7492712e+05  -2.1951338e+01  -2.2134839e+01		
   1.7685569e+05  -2.4568065e+01  -2.2969843e+01		
   1.7880553e+05  -2.5463830e+01  -2.3804911e+01		
   1.8077687e+05  -2.6349508e+01  -2.4557967e+01		
   1.8276994e+05  -2.7223705e+01  -2.7224327e+01		
   1.8478498e+05  -2.8070891e+01  -2.8123022e+01		
   1.8682224e+05  -2.8888777e+01  -2.8936411e+01		
   1.8888196e+05  -2.9744000e+01  -2.9742273e+01		
   1.9096439e+05  -3.0616728e+01  -3.0497045e+01		
   1.9306977e+05  -3.1426448e+01  -3.1227477e+01		
   1.9519837e+05  -3.2054493e+01  -3.1957901e+01		
   1.9735044e+05  -3.2536220e+01  -3.2606160e+01		
   1.9952623e+05  -3.2954103e+01  -3.3027861e+01		
   2.0172601e+05  -3.3309217e+01  -3.3232096e+01		
   2.0395005e+05  -3.3523446e+01  -3.3361055e+01		
   2.0619860e+05  -3.3609519e+01  -3.3536268e+01		
   2.0847195e+05  -3.3674552e+01  -3.3731347e+01		
   2.1077035e+05  -3.3681592e+01  -3.3578294e+01		
   2.1309410e+05  -3.3681592e+01  -3.3784884e+01		
   2.1544347e+05  -3.3667552e+01  -3.4008510e+01		
   2.1781874e+05  -3.3602475e+01  -3.4062515e+01		
   2.2022019e+05  -3.3509309e+01  -3.4029851e+01		
   2.2264813e+05  -3.3308971e+01  -3.4069255e+01		
   2.2510283e+05  -3.3133017e+01  -3.4087894e+01		
   2.2758459e+05  -3.3052053e+01  -3.3927734e+01		
   2.3009372e+05  -3.2987028e+01  -3.4080850e+01		
   2.3263051e+05  -3.3038037e+01  -3.3876175e+01		
   2.3519526e+05  -3.2948688e+01  -3.3552119e+01		
   2.3778830e+05  -3.2722635e+01  -3.3213938e+01		
   2.4040992e+05  -3.2376477e+01  -3.2860270e+01		
   2.4306044e+05  -3.1955039e+01  -3.2539550e+01		
   2.4574019e+05  -3.1401538e+01  -3.2112939e+01		
   2.4844948e+05  -3.0791805e+01  -3.1585759e+01		
   2.5118864e+05  -3.0182090e+01  -3.0917956e+01		
   2.5395800e+05  -2.9533041e+01  -3.0149334e+01		
   2.5675790e+05  -2.8887557e+01  -2.9350186e+01		
   2.5958866e+05  -2.8242075e+01  -2.8522883e+01		
   2.6245063e+05  -2.7549969e+01  -2.7750664e+01		
   2.6534415e+05  -2.6845808e+01  -2.6951804e+01		
   2.6826958e+05  -2.6004608e+01  -2.6075854e+01		
   2.7122726e+05  -2.5252929e+01  -2.5244065e+01		
   2.7421754e+05  -2.4911605e+01  -2.4899400e+01		
   2.7724080e+05  -2.5238225e+01  -2.5184144e+01		
   2.8029739e+05  -2.6030189e+01  -2.5820738e+01		
   2.8338767e+05  -2.6874888e+01  -2.6722072e+01		
   2.8651203e+05  -2.7730452e+01  -2.9738976e+01		
   2.8967083e+05  -2.8552547e+01  -3.0516468e+01		
   2.9286446e+05  -2.9360990e+01  -3.1291024e+01		
   2.9609329e+05  -3.0168588e+01  -3.2019380e+01		
   2.9935773e+05  -3.1007431e+01  -3.2721729e+01		
   3.0265816e+05  -3.1793977e+01  -3.3419251e+01		
   3.0599497e+05  -3.2578250e+01  -3.4007831e+01		
   3.0936857e+05  -3.3259933e+01  -3.4550692e+01		
   3.1277937e+05  -3.3944240e+01  -3.5074895e+01		
   3.1622777e+05  -3.4593530e+01  -3.5433728e+01		
   3.1971418e+05  -3.5178206e+01  -3.5534728e+01		
   3.2323904e+05  -3.5586871e+01  -3.5483694e+01		
   3.2680276e+05  -3.5780104e+01  -3.5538972e+01		
   3.3040577e+05  -3.5829187e+01  -3.5555830e+01		
   3.3404850e+05  -3.5829187e+01  -3.5668680e+01		
   3.3773139e+05  -3.5774701e+01  -3.5832961e+01		
   3.4145489e+05  -3.5825728e+01  -3.5811395e+01		
   3.4521944e+05  -3.5729102e+01  -3.5546562e+01		
   3.4902549e+05  -3.5468769e+01  -3.5067592e+01		
   3.5287350e+05  -3.5190374e+01  -3.4393528e+01		
   3.5676394e+05  -3.4732197e+01  -3.4999706e+01		
   3.6069727e+05  -3.4000370e+01  -3.4351225e+01		
   3.6467397e+05  -3.3159223e+01  -3.3674525e+01		
   3.6869451e+05  -3.2372586e+01  -3.1069992e+01		
   3.7275937e+05  -3.1631401e+01  -3.0178967e+01		
   3.7686905e+05  -3.0998896e+01  -2.9323282e+01		
   3.8102404e+05  -2.8201795e+01  -2.8762080e+01		
   3.8522484e+05  -2.9218197e+01  -2.8877686e+01		
   3.8947195e+05  -3.0017781e+01  -2.9516772e+01		
   3.9376589e+05  -3.0859410e+01  -3.0129826e+01		
   3.9810717e+05  -3.1683435e+01  -3.3422342e+01		
   4.0249631e+05  -3.2421788e+01  -3.4266488e+01		
   4.0693384e+05  -3.3109511e+01  -3.5131670e+01		
   4.1142030e+05  -3.3710992e+01  -3.5982583e+01		
   4.1595622e+05  -3.4267912e+01  -3.6815946e+01		
   4.2054214e+05  -3.4826701e+01  -3.7539587e+01		
   4.2517863e+05  -3.5394546e+01  -3.8218732e+01		
   4.2986623e+05  -3.5921751e+01  -3.8863258e+01		
   4.3460552e+05  -3.6472049e+01  -3.9473092e+01		
   4.3939706e+05  -3.6736574e+01  -4.0069583e+01		
   4.4424142e+05  -3.7047459e+01  -4.0537351e+01		
   4.4913919e+05  -3.6782649e+01  -4.0809593e+01		
   4.5409096e+05  -3.7083555e+01  -4.0878939e+01		
   4.5909732e+05  -3.7222222e+01  -4.0683242e+01		
   4.6415888e+05  -3.7222222e+01  -4.0145158e+01		
   4.6927625e+05  -3.7156416e+01  -4.0641212e+01		
   4.7445003e+05  -3.6831682e+01  -3.8289045e+01		
   4.7968085e+05  -3.6262891e+01  -3.7473105e+01		
   4.8496934e+05  -3.5443599e+01  -3.6538534e+01		
   4.9031614e+05  -3.4513067e+01  -3.5612205e+01		
   4.9572189e+05  -3.3567522e+01  -3.4870800e+01		
   5.0118723e+05  -3.2628868e+01  -3.4610282e+01		
   5.0671283e+05  -3.1875759e+01  -3.4962660e+01		
   5.1229936e+05  -3.3744286e+01  -3.5664621e+01		
   5.1794747e+05  -3.4512001e+01  -3.6521377e+01		
   5.2365785e+05  -3.5324547e+01  -3.7422837e+01		
   5.2943119e+05  -3.6111218e+01  -3.8369472e+01		
   5.3526818e+05  -3.6829398e+01  -3.9304709e+01		
   5.4116953e+05  -3.7459730e+01  -4.0120059e+01		
   5.4713593e+05  -3.7985571e+01  -4.0883152e+01		
   5.5316812e+05  -3.8392743e+01  -4.1425383e+01		
   5.5926681e+05  -3.8725925e+01  -4.1816781e+01		
   5.6543274e+05  -3.8470930e+01  -4.1981758e+01		
   5.7166665e+05  -3.8787665e+01  -4.1835975e+01		
   5.7796929e+05  -3.9057337e+01  -4.1417873e+01		
   5.8434141e+05  -3.9043100e+01  -4.0775032e+01		
   5.9078379e+05  -3.8657855e+01  -4.0070857e+01		
   5.9729720e+05  -3.8031580e+01  -3.9397196e+01		
   6.0388241e+05  -3.7284738e+01  -3.8617398e+01		
   6.1054023e+05  -3.6444444e+01  -3.9251281e+01		
   6.1727145e+05  -3.5640077e+01  -4.0238486e+01		
   6.2407688e+05  -3.5087703e+01  -4.0886360e+01		
   6.3095734e+05  -3.5053013e+01  -4.4059638e+01		
   6.3791366e+05  -3.5605919e+01  -4.4796156e+01		
   6.4494668e+05  -3.6593885e+01  -4.5534353e+01		
   6.5205723e+05  -3.7532243e+01  -4.8801899e+01		
   6.5924618e+05  -3.8285180e+01  -4.9483384e+01		
   6.6651438e+05  -4.1027009e+01  -4.9729878e+01		
   6.7386272e+05  -4.1824743e+01  -4.9376131e+01		
   6.8129207e+05  -4.2658159e+01  -4.6297649e+01		
   6.8880333e+05  -4.3221462e+01  -4.5888161e+01		
   6.9639740e+05  -4.3227947e+01  -4.3676762e+01		
   7.0407520e+05  -4.2622973e+01  -4.4277048e+01		
   7.1183765e+05  -4.1760398e+01  -4.5313350e+01		
   7.1968567e+05  -4.0885738e+01  -4.6253133e+01		
   7.2762022e+05  -3.9932533e+01  -4.7124469e+01		
   7.3564225e+05  -3.8964821e+01  -4.7981422e+01		
   7.4375273e+05  -3.8368812e+01  -4.8784322e+01		
   7.5195262e+05  -3.8508952e+01  -4.9368677e+01		
   7.6024291e+05  -3.9245139e+01  -4.9585406e+01		
   7.6862461e+05  -4.2289965e+01  -4.9267970e+01		
   7.7709871e+05  -4.3187297e+01  -4.8495335e+01		
   7.8566625e+05  -4.4056098e+01  -4.7627153e+01		
   7.9432823e+05  -4.4888274e+01  -4.6887454e+01		
   8.0308572e+05  -4.5448741e+01  -4.3770554e+01		
   8.1193976e+05  -4.5455570e+01  -4.0822583e+01		
   8.2089142e+05  -4.5080690e+01  -4.0295161e+01		
   8.2994176e+05  -4.4986147e+01  -3.9223076e+01		
   8.3909189e+05  -4.5540271e+01  -3.8542531e+01		
   8.4834290e+05  -4.6309928e+01  -3.8511711e+01		
   8.5769590e+05  -4.9208942e+01  -3.8810237e+01		
   8.6715202e+05  -5.1222763e+01  -3.8889159e+01		
   8.7671239e+05  -5.6163151e+01  -3.8550649e+01		
   8.8637816e+05  -5.5217860e+01  -3.8019383e+01		
   8.9615050e+05  -5.2445230e+01  -3.7648776e+01		
   9.0603058e+05  -4.9501815e+01  -3.7661415e+01		
   9.1601959e+05  -4.8788673e+01  -3.8104474e+01		
   9.2611873e+05  -4.8229421e+01  -3.8723263e+01		
   9.3632921e+05  -4.8449983e+01  -3.8172258e+01		
   9.4665226e+05  -4.9346006e+01  -3.8768593e+01		
   9.5708912e+05  -5.0300711e+01  -3.9500508e+01		
   9.6764105e+05  -5.2798497e+01  -4.0276328e+01		
   9.7830932e+05  -5.3002826e+01  -4.0795078e+01		
   9.8909520e+05  -5.2837472e+01  -4.0901419e+01		
   1.0000000e+06  -5.2985440e+01  -4.0643812e+01		
   1.0081204e+06  -5.2355689e+01  -3.9863787e+01		
   1.0163068e+06  -5.1268148e+01  -3.8877831e+01		
   1.0245596e+06  -5.0049951e+01  -3.9496319e+01		
   1.0328795e+06  -4.8820031e+01  -3.8489148e+01		
   1.0412669e+06  -4.7652017e+01  -3.7462747e+01		
   1.0497224e+06  -4.6579367e+01  -3.6414660e+01		
   1.0582466e+06  -4.5644661e+01  -3.5540511e+01		
   1.0668400e+06  -4.6194796e+01  -3.6047859e+01		
   1.0755032e+06  -4.5302580e+01  -3.5271623e+01		
   1.0842367e+06  -4.4548452e+01  -3.4864482e+01		
   1.0930412e+06  -4.4955273e+01  -3.5014878e+01		
   1.1019172e+06  -4.4222263e+01  -3.4807094e+01		
   1.1108652e+06  -4.3576882e+01  -3.4840106e+01		
   1.1198859e+06  -4.3890114e+01  -3.4802532e+01		
   1.1289798e+06  -4.3267408e+01  -3.5035108e+01		
   1.1381476e+06  -4.2653939e+01  -3.4846544e+01		
   1.1473899e+06  -4.2281628e+01  -3.5271838e+01		
   1.1567071e+06  -4.2431924e+01  -3.5985715e+01		
   1.1661001e+06  -4.2233508e+01  -3.7069744e+01		
   1.1755693e+06  -4.2271222e+01  -3.6295357e+01		
   1.1851154e+06  -4.2256405e+01  -3.7365527e+01		
   1.1947391e+06  -4.2576006e+01  -3.8559233e+01		
   1.2044409e+06  -4.2341129e+01  -3.9801832e+01		
   1.2142214e+06  -4.2866196e+01  -4.0712343e+01		
   1.2240814e+06  -4.3559167e+01  -4.0713055e+01		
   1.2340215e+06  -4.3206766e+01  -4.0834855e+01		
   1.2440422e+06  -4.3782184e+01  -4.0346713e+01		
   1.2541444e+06  -4.3669845e+01  -3.9319872e+01		
   1.2643286e+06  -4.2836036e+01  -3.8199963e+01		
   1.2745954e+06  -4.3436231e+01  -3.8906383e+01		
   1.2849457e+06  -4.2475501e+01  -3.7837573e+01		
   1.2953800e+06  -4.1271746e+01  -3.7072328e+01		
   1.3058990e+06  -4.0028032e+01  -3.7438664e+01		
   1.3165035e+06  -3.9053608e+01  -3.6807748e+01		
   1.3271940e+06  -3.9627982e+01  -3.6385428e+01		
   1.3379714e+06  -3.8812638e+01  -3.6581213e+01		
   1.3488363e+06  -3.8526051e+01  -3.6251582e+01		
   1.3597894e+06  -3.8601378e+01  -3.6177446e+01		
   1.3708315e+06  -3.8499171e+01  -3.6177446e+01		
   1.3819632e+06  -3.8642472e+01  -3.6253564e+01		
   1.3931853e+06  -3.8529559e+01  -3.6763464e+01		
   1.4044986e+06  -3.8900200e+01  -3.6397369e+01		
   1.4159037e+06  -3.9770642e+01  -3.7042843e+01		
   1.4274014e+06  -3.9177292e+01  -3.7839566e+01		
   1.4389925e+06  -4.0169904e+01  -4.1393504e+01		
   1.4506778e+06  -4.1343637e+01  -4.2232240e+01		
   1.4624579e+06  -4.2499279e+01  -4.5771151e+01		
   1.4743337e+06  -4.3193568e+01  -4.6525680e+01		
   1.4863059e+06  -4.2897093e+01  -4.7456772e+01		
   1.4983753e+06  -4.3135347e+01  -5.1079101e+01		
   1.5105427e+06  -4.2439635e+01  -4.8482643e+01		
   1.5228090e+06  -4.1363267e+01  -4.5511351e+01		
   1.5351748e+06  -4.0139039e+01  -4.0776443e+01		
   1.5476411e+06  -3.8820826e+01  -3.9931502e+01		
   1.5602086e+06  -3.7685203e+01  -3.8728187e+01		
   1.5728781e+06  -3.7105019e+01  -3.7505299e+01		
   1.5856506e+06  -3.7308369e+01  -3.6723761e+01		
   1.5985267e+06  -3.7100116e+01  -3.7049046e+01		
   1.6115074e+06  -3.7577596e+01  -3.6715523e+01		
   1.6245936e+06  -3.7225642e+01  -3.7384621e+01		
   1.6377859e+06  -3.7989132e+01  -3.8584361e+01		
   1.6510854e+06  -3.9050250e+01  -3.9663914e+01		
   1.6644930e+06  -4.0159188e+01  -4.0693025e+01		
   1.6780093e+06  -4.1349964e+01  -4.1781941e+01		
   1.6916355e+06  -4.0435497e+01  -4.5219192e+01		
   1.7053723e+06  -4.1622552e+01  -4.7863333e+01		
   1.7192206e+06  -4.2863106e+01  -4.9179770e+01		
   1.7331814e+06  -4.4016157e+01  -4.8106837e+01		
   1.7472556e+06  -4.3697567e+01  -4.4069431e+01		
   1.7614440e+06  -4.2502361e+01  -4.3137002e+01		
   1.7757477e+06  -4.1364573e+01  -4.2015106e+01		
   1.7901675e+06  -4.0405793e+01  -4.0951660e+01		
   1.8047044e+06  -3.9268295e+01  -3.9791051e+01		
   1.8193594e+06  -3.7979551e+01  -3.8559791e+01		
   1.8341333e+06  -3.6821053e+01  -3.7420513e+01		
   1.8490273e+06  -3.6071148e+01  -3.6631345e+01		
   1.8640422e+06  -3.6384232e+01  -3.6997400e+01		
   1.8791790e+06  -3.5874678e+01  -3.6379117e+01		
   1.8944387e+06  -3.5771144e+01  -3.6001775e+01		
   1.9098223e+06  -3.5771144e+01  -3.6152452e+01		
   1.9253309e+06  -3.5797854e+01  -3.5918564e+01		
   1.9409654e+06  -3.6017515e+01  -3.6167177e+01		
   1.9567268e+06  -3.5866942e+01  -3.5932576e+01		
