10.02655427	-33.87096774
10.11669661	-33.84109916
10.20764937	-33.96057348
10.29941982	-34.10991637
10.39201532	-34.22939068
10.48196806	-34.31899642
10.57620474	-34.37873357
10.67128863	-34.43847073
10.76722737	-34.49820789
10.86402863	-34.55794504
10.96170017	-34.64755078
11.06024981	-34.73715651
11.15968545	-34.82676225
11.26001505	-34.85663082
11.36124665	-34.8864994
11.46338836	-34.97610514
11.56261485	-35.09557945
11.66656693	-35.18518519
11.77145357	-35.27479092
11.87728319	-35.39426523
11.98406425	-35.45400239
12.09180532	-35.51373955
12.19647135	-35.63321386
12.30612203	-35.75268817
12.41675851	-35.84229391
12.52838965	-35.87216249
12.64102439	-35.90203106
12.75467177	-35.9916368
12.86934087	-36.11111111
12.97643496	-36.260454
13.0887583	-36.37992832
13.20643096	-36.43966547
13.32074514	-36.49940263
13.44050345	-36.58900836
13.55684374	-36.76821983
13.67872466	-36.79808841
13.80170133	-36.79808841
13.92578361	-36.82795699
14.05098143	-36.82795699
14.17730482	-36.82795699
14.30476391	-36.85782557
14.4285852	-36.97729988
14.55830339	-37.09677419
14.68918779	-37.21624851
14.81633663	-37.3655914
14.94458607	-37.51493429
15.07894329	-37.60454002
15.21450843	-37.69414576
15.35129235	-37.78375149
15.48930601	-37.84348865
15.62856046	-37.90322581
15.76906686	-37.90322581
15.91083647	-37.90322581
16.05388063	-37.96296296
16.19284218	-38.08243728
16.33842168	-38.20191159
16.4798462	-38.3213859
16.62800596	-38.41099164
16.77749774	-38.44086022
16.9283335	-38.53046595
17.07486427	-38.67980884
17.22837346	-38.70967742
17.38326276	-38.70967742
17.53954456	-38.76941458
17.69136594	-38.88888889
17.85041771	-38.97849462
18.01089941	-39.06810036
18.16680081	-39.15770609
18.33012691	-39.21744325
18.49492136	-39.24731183
18.66119738	-39.27718041
18.82272773	-39.33691756
18.99195085	-39.39665472
19.16269534	-39.45639188
19.33497489	-39.48626045
19.50880329	-39.57586619
19.67767047	-39.72520908
19.85457983	-39.87455197
20.02644004	-39.99402628
20.20648496	-40.05376344
20.38814855	-40.08363202
20.57144537	-40.1135006
20.75639009	-40.17323775
20.93605631	-40.29271207
21.12427902	-40.41218638
21.30712967	-40.53166069
21.49868846	-40.62126643
21.69196942	-40.68100358
21.88698806	-40.68100358
22.08375998	-40.74074074
22.27491585	-40.86021505
22.47517539	-40.97968937
22.66971933	-41.09916368
22.87352829	-41.12903226
23.07916956	-41.15890084
23.28665963	-41.21863799
23.48822774	-41.30824373
23.69939538	-41.39784946
23.9124615	-41.45758662
24.12744316	-41.54719235
24.33628904	-41.63679809
24.55508107	-41.72640382
24.76762856	-41.84587814
24.99029848	-41.90561529
25.21497029	-41.96535245
25.44166197	-42.08482676
25.6703917	-42.20430108
25.90117778	-42.29390681
26.12537702	-42.41338112
26.36025359	-42.47311828
26.59724179	-42.53285544
26.83636059	-42.62246117
27.07762916	-42.71206691
27.32106682	-42.77180406
27.56669307	-42.8614098
27.81452759	-42.95101553
28.06459023	-43.01075269
28.31690103	-43.07048984
28.57148019	-43.10035842
28.8283481	-43.10035842
29.08752536	-43.16009558
29.34903271	-43.24970131
29.61289111	-43.30943847
29.87912169	-43.39904421
30.1377538	-43.5483871
30.39862462	-43.69772999
30.67191923	-43.84707288
30.94767085	-43.90681004
31.22590159	-43.90681004
31.50663371	-43.96654719
31.77935348	-44.05615293
32.06506134	-44.17562724
32.34261484	-44.29510155
32.63338662	-44.35483871
32.92677254	-44.44444444
33.21178496	-44.56391876
33.5103709	-44.68339307
33.80043492	-44.80286738
34.10431302	-44.89247312
34.41092311	-44.98207885
34.70878226	-45.04181601
35.02082674	-45.07168459
35.33567661	-45.10155317
35.6533571	-45.13142174
35.97389365	-45.16129032
36.29731193	-45.22102748
36.61149957	-45.34050179
36.94065016	-45.45997611
37.27275994	-45.54958184
37.60785551	-45.609319
37.9459637	-45.63918757
38.28711161	-45.66905615
38.63132656	-45.72879331
38.97863613	-45.84826762
39.32906814	-45.93787336
39.68265066	-46.02747909
40.02614161	-46.14695341
40.38599107	-46.20669056
40.7490757	-46.20669056
41.1154246	-46.23655914
41.48506711	-46.32616487
41.84415968	-46.44563919
42.22035378	-46.5651135
42.58581095	-46.71445639
42.96867276	-46.86379928
43.34060735	-46.95340502
43.71576138	-46.95340502
44.09416272	-47.01314217
44.49058516	-47.13261649
44.87569334	-47.2520908
45.27914202	-47.31182796
45.68621785	-47.34169654
46.09695344	-47.40143369
46.51138169	-47.49103943
46.92953579	-47.58064516
47.35144926	-47.6702509
47.76132093	-47.75985663
48.19071244	-47.78972521
48.62396434	-47.81959379
49.06111133	-47.90919952
49.48578174	-48.02867384
49.93067678	-48.11827957
50.37957159	-48.14814815
50.83250212	-48.2078853
51.28950466	-48.29749104
51.75061582	-48.38709677
52.21587253	-48.47670251
52.6678504	-48.56630824
53.14135338	-48.6260454
53.61911333	-48.65591398
54.10116851	-48.71565114
54.56946539	-48.77538829
55.06006458	-48.80525687
55.55507444	-48.86499403
56.05453461	-48.92473118
56.55848511	-48.98446834
57.0480524	-49.10394265
57.56093498	-49.22341697
58.07842856	-49.37275986
58.60057459	-49.46236559
59.12741491	-49.55197133
59.63921872	-49.64157706
60.17539682	-49.70131422
60.71639536	-49.76105137
61.2419533	-49.88052569
61.79254057	-49.97013142
62.34807781	-50.02986858
62.90860953	-50.11947431
63.47418064	-50.23894863
64.04483643	-50.29868578
64.62062263	-50.2688172
65.20158535	-50.23894863
65.78777113	-50.29868578
66.35722664	-50.4181601
66.95380206	-50.50776583
67.5557409	-50.59737157
68.1630914	-50.71684588
68.77590219	-50.77658303
69.39422238	-50.83632019
69.99489514	-50.9557945
70.62417451	-51.1051374
71.23549367	-51.25448029
71.87592647	-51.34408602
72.52211699	-51.40382318
73.17411699	-51.49342891
73.83197872	-51.55316607
74.49575485	-51.6427718
75.16549858	-51.7921147
75.84126354	-51.91158901
76.52310387	-52.00119474
77.2110742	-52.00119474
77.90522962	-51.97132616
78.60562575	-52.00119474
79.28603194	-52.09080048
79.99884198	-52.15053763
80.71806045	-52.21027479
81.41675176	-52.29988053
82.14871774	-52.38948626
82.88726436	-52.479092
83.60473219	-52.59856631
84.35636891	-52.71804062
85.11476311	-52.83751493
85.85151205	-52.92712067
86.62334813	-53.0167264
87.3731553	-53.13620072
88.1586715	-53.25567503
88.95124978	-53.37514934
89.72120714	-53.49462366
90.52783318	-53.64396655
91.31143737	-53.73357228
92.13236015	-53.76344086
92.96066332	-53.82317802
93.79641323	-53.91278375
94.63967684	-54.00238949
95.4905217	-54.09199522
96.31708266	-54.1218638
97.15079829	-54.15173238
98.02421903	-54.21146953
98.90549214	-54.24133811
99.79468821	-54.27120669
100.6918785	-54.33094385
101.5634621	-54.45041816
102.4765543	-54.54002389
103.3978555	-54.62962963
104.3274395	-54.74910394
105.2653809	-54.83870968
106.2117546	-54.95818399
107.131118	-55.04778973
108.0942655	-55.13739546
109.0660719	-55.25686977
110.0101421	-55.34647551
110.999173	-55.46594982
111.9599761	-55.58542413
112.9665367	-55.70489845
113.9821466	-55.82437276
115.0068872	-55.88410992
116.0408407	-55.91397849
117.0840897	-55.97371565
118.0975635	-56.06332139
119.1593032	-56.15292712
120.2305883	-56.24253286
121.271298	-56.36200717
122.3615707	-56.42174432
123.4616454	-56.4516129
124.5716102	-56.54121864
125.6498955	-56.66069295
126.7795334	-56.78016726
127.9193272	-56.89964158
129.0693681	-56.95937873
130.2297483	-56.98924731
131.4005608	-57.07885305
132.5379571	-57.16845878
133.7295212	-57.25806452
134.9317979	-57.34767025
136.0997605	-57.46714456
137.3233464	-57.58661888
138.5120101	-57.70609319
139.7572831	-57.8255675
141.0137515	-57.94504182
142.281516	-58.03464755
143.5606782	-58.06451613
144.8513405	-58.12425329
146.1051662	-58.2437276
147.4187044	-58.36320191
148.7440517	-58.48267622
150.0315724	-58.60215054
151.3804104	-58.72162485
152.6907513	-58.81123059
154.0634963	-58.90083632
155.4485828	-59.02031063
156.8461216	-59.10991637
158.2562249	-59.16965352
159.6790054	-59.22939068
161.0611786	-59.31899642
162.5091767	-59.46833931
163.9158476	-59.6176822
165.3895103	-59.70728793
166.8764216	-59.79689367
168.3767009	-59.8864994
169.8904682	-59.94623656
171.4178448	-59.94623656
172.9589531	-59.94623656
174.5139166	-60.03584229
176.0244999	-60.15531661
177.6070237	-60.27479092
179.1443808	-60.39426523
180.7549534	-60.51373955
182.3800057	-60.63321386
184.0196678	-60.81242533
185.6125324	-60.96176822
187.2812561	-61.02150538
188.9649822	-61.08124253
190.6006532	-61.20071685
192.3142218	-61.29032258
194.0431961	-61.40979689
195.7228238	-61.55913978
197.4169904	-61.73835125
199.1918404	-61.88769415
200.9160345	-62.03703704
202.7223422	-62.18637993
204.4770962	-62.27598566
206.3154191	-62.33572282
208.1702692	-62.39545998
209.9721801	-62.51493429
211.8599058	-62.60454002
213.7646028	-62.69414576
215.6149381	-62.84348865
217.5533942	-62.99283154
219.436525	-63.11230585
221.4093385	-63.23178017
223.3258462	-63.38112306
225.3336262	-63.50059737
227.2841022	-63.62007168
229.3274684	-63.76941458
231.3125149	-63.91875747
233.3920979	-64.06810036
235.4123277	-64.21744325
237.5287695	-64.33691756
239.5848061	-64.45639188
241.73876	-64.57586619
243.8312381	-64.72520908
246.0233689	-64.84468339
248.1529343	-64.99402628
250.3839188	-65.20310633
252.4675249	-65.44205496
254.5684701	-65.68100358
256.7720015	-65.83034648
259.0804745	-65.94982079
261.3230615	-66.0692951
263.6724501	-66.18876941
265.9547851	-66.30824373
268.3458146	-66.39784946
270.7583403	-66.54719235
273.1020103	-66.72640382
275.4659671	-66.87574671
277.9425055	-66.96535245
280.3483613	-67.11469534
282.8687943	-67.29390681
285.3172918	-67.50298686
287.7869833	-67.71206691
290.3742922	-67.89127838
292.8877569	-68.07048984
295.422978	-68.30943847
297.9801438	-68.5483871
300.5594444	-68.72759857
303.1610712	-68.93667861
305.6838701	-69.20549582
308.2276629	-69.47431302
310.8956654	-69.68339307
313.586762	-69.89247312
316.3011526	-70.07168459
319.1448142	-70.25089606
321.907315	-70.43010753
324.6937279	-70.609319
327.6128417	-70.78853047
330.4486413	-71.02747909
333.3089874	-71.23655914
336.1940926	-71.41577061
339.1041711	-71.59498208
341.81275	-71.8339307
344.5429635	-72.10274791
347.5253094	-72.37156511
350.4172917	-72.64038232
353.3333402	-72.87933094
356.2736549	-73.11827957
359.2384379	-73.38709677
362.1078383	-73.74551971
364.8791846	-74.16367981
367.7936402	-74.5818399
370.6085021	-75
373.5687203	-75.35842294
376.6774267	-75.71684588
379.5602795	-76.13500597
382.3384341	-76.58303465
385.1369231	-77.03106332
388.0845196	-77.479092
390.9250665	-77.98685783
393.6558906	-78.46475508
396.5372166	-78.94265233
399.3072445	-79.45041816
401.9633543	-80.01792115
404.7712868	-80.4958184
407.5988341	-80.97371565
410.0381619	-81.54121864
412.3553744	-82.16845878
414.9607002	-82.76583035
417.5824869	-83.33333333
419.942334	-83.9307049
422.0356245	-84.58781362
423.7177671	-85.27479092
425.2656205	-85.9916368
426.9606372	-86.6786141
428.9466974	-87.3655914
431.084872	-88.0525687
432.6596376	-88.739546
433.521024	-89.51612903
434.2401559	-90.32258065
435.248945	-91.0692951
436.694139	-91.81600956
438.1441316	-92.56272401
439.5989387	-93.30943847
441.2048064	-94.02628435
442.9633533	-94.71326165
444.5815113	-95.43010753
446.3535171	-96.17682198
448.7271828	-96.8339307
449.4715389	-96.20669056
451.1134715	-95.45997611
452.9115122	-94.71326165
454.8674778	-94.02628435
456.9833502	-93.33930705
458.9569006	-92.65232975
460.7862035	-91.93548387
462.4694689	-91.21863799
464.3127722	-90.50179211
466.0089202	-89.78494624
467.2463729	-89.0083632
468.4871116	-88.26164875
470.0426691	-87.54480287
471.9161575	-86.82795699
473.7971132	-86.11111111
475.8432763	-85.42413381
478.3737659	-84.76702509
480.9177123	-84.10991637
483.4751872	-83.48267622
486.2074079	-82.85543608
489.2793424	-82.28793309
492.5339281	-81.75029869
495.9745452	-81.21266428
499.273666	-80.67502987
502.4281552	-80.10752688
505.6025749	-79.54002389
509.3032838	-79.03225806
513.2011717	-78.61409797
517.1288917	-78.22580645
521.0866719	-77.80764636
525.0747425	-77.41935484
529.0933353	-76.97132616
533.1426839	-76.52329749
537.2230237	-76.1051374
541.3345918	-75.65710872
545.4776273	-75.23894863
549.652371	-74.82078853
553.6754981	-74.37275986
557.7280721	-73.95459976
562.1828993	-73.6260454
567.0491251	-73.38709677
571.9574727	-73.11827957
576.5259565	-72.78972521
581.1309309	-72.520908
586.1611699	-72.28195938
591.2349503	-72.04301075
596.1549978	-71.77419355
601.1159883	-71.47550777
606.1182623	-71.17682198
610.9596039	-70.84826762
616.043793	-70.609319
621.3762359	-70.45997611
626.9626325	-70.31063321
632.3895883	-70.10155317
637.8635195	-69.86260454
643.3848328	-69.65352449
648.9539382	-69.41457587
654.5712496	-69.20549582
660.2371841	-69.02628435
665.9521626	-68.84707288
671.7166097	-68.60812425
677.3063971	-68.36917563
682.9427007	-68.130227
688.854217	-67.89127838
695.0472651	-67.77180406
701.2959908	-67.74193548
707.6008949	-67.68219833
713.4892986	-67.50298686
719.6652246	-67.23416965
725.8946092	-66.93548387
731.9352467	-66.66666667
738.5156087	-66.66666667
744.9081612	-66.45758662
751.3560473	-66.18876941
757.859746	-65.97968937
764.6731786	-65.8004779
771.2921497	-65.62126643
777.9684142	-65.47192354
784.962631	-65.29271207
791.7572265	-65.14336918
798.8754097	-65.02389486
805.7904335	-64.87455197
813.0347803	-64.72520908
820.3442564	-64.60573477
827.1708704	-64.48626045
834.054293	-64.30704898
841.5527421	-64.15770609
848.8371786	-64.0083632
856.4685313	-63.85902031
863.8820781	-63.67980884
871.3597962	-63.53046595
879.1936352	-63.47072879
887.0979033	-63.50059737
895.0732337	-63.50059737
903.1202651	-63.44086022
910.9376269	-63.3213859
919.1272849	-63.23178017
927.390571	-63.11230585
935.4180153	-62.93309438
943.8277608	-62.78375149
952.3131131	-62.69414576
960.8747517	-62.57467145
969.1920333	-62.45519713
977.5813088	-62.30585424
986.0432015	-62.09677419
994.5783399	-61.9474313
1003.519958	-61.88769415
1012.541965	-61.82795699
1021.645083	-61.70848268
1030.488389	-61.61887694
1039.752851	-61.55913978
1049.100605	-61.46953405
1058.181565	-61.29032258
1066.987377	-61.02150538
1076.223163	-60.81242533
1085.898798	-60.69295102
1095.66142	-60.66308244
1105.511812	-60.69295102
1115.450762	-60.66308244
1125.106046	-60.5734767
1135.221155	-60.45400239
1145.427203	-60.36439665
1154.959042	-60.21505376
1164.570201	-60.06571087
1174.65066	-59.94623656
1185.211193	-59.82676225
1195.47032	-59.64755078
1205.4186	-59.40860215
1215.85264	-59.25925926
1226.783594	-59.22939068
1237.812821	-59.22939068
1248.941205	-59.22939068
1260.169638	-59.1995221
1271.499017	-59.10991637
1282.505046	-58.99044205
1294.03523	-58.90083632
1305.236331	-58.78136201
1316.534388	-58.66188769
1328.370508	-58.54241338
1339.868813	-58.42293907
1351.914718	-58.36320191
1364.068919	-58.33333333
1376.332391	-58.30346476
1388.706116	-58.2437276
1401.191085	-58.15412186
1413.788299	-58.09438471
1426.498766	-58.06451613
1439.323504	-57.97491039
1452.263542	-57.88530466
1465.319916	-57.8255675
1478.493671	-57.76583035
1491.291434	-57.64635603
1504.698683	-57.52688172
1518.226467	-57.37753883
1531.368156	-57.22819594
1544.623598	-57.1385902
1558.510322	-57.10872162
1572.521892	-57.07885305
1586.659432	-57.01911589
1600.393473	-56.869773
1614.246395	-56.69056153
1628.759053	-56.54121864
1643.402185	-56.36200717
1657.627388	-56.21266428
1672.530056	-56.09318996
1687.566705	-56.00358423
1702.738539	-55.97371565
1718.046773	-55.94384707
1733.492634	-55.82437276
1748.497655	-55.64516129
1763.63256	-55.4958184
1779.488253	-55.40621266
1795.486495	-55.34647551
1811.628566	-55.25686977
1827.915761	-55.16726404
1844.349383	-55.13739546
1860.93075	-55.10752688
1877.661189	-55.01792115
1893.914126	-54.83870968
1910.307748	-54.65949821
1927.482104	-54.54002389
1944.166288	-54.42054958
1961.645045	-54.33094385
1979.280942	-54.21146953
1996.413494	-54.09199522
2014.361972	-54.00238949
2031.798184	-53.88291517
2050.064783	-53.73357228
2067.810036	-53.58422939
2086.400395	-53.49462366
2105.157888	-53.49462366
2124.084017	-53.49462366
2143.180299	-53.46475508
2162.448263	-53.37514934
2181.889454	-53.19593787
2200.046364	-52.98685783
2219.08985	-52.80764636
2239.040269	-52.65830346
2258.421284	-52.56869773
2278.725307	-52.53882915
2299.21187	-52.53882915
2319.882614	-52.50896057
2340.739196	-52.50896057
2361.783286	-52.50896057
2383.016571	-52.479092
2404.44075	-52.41935484
2426.05754	-52.3297491
2447.057367	-52.24014337
2469.057296	-52.15053763
2491.255012	-52.0609319
2512.819185	-51.91158901
2535.410337	-51.82198327
2558.204591	-51.73237754
2580.348276	-51.58303465
2602.683636	-51.46356033
2626.082701	-51.40382318
2649.692132	-51.3739546
2673.513821	-51.34408602
2697.549675	-51.34408602
2721.80162	-51.34408602
2746.271599	-51.34408602
2770.961572	-51.34408602
2795.873517	-51.28434886
2820.074452	-51.16487455
2845.427939	-51.01553166
2870.057814	-50.92592593
2895.86067	-50.89605735
2921.895503	-50.86618877
2948.164398	-50.80645161
2974.66946	-50.6869773
3000.418043	-50.50776583
3026.389505	-50.32855436
3053.597839	-50.17921147
3080.029622	-50
3107.7202	-49.85065711
3135.659726	-49.76105137
3163.850439	-49.7311828
3192.294596	-49.7311828
3220.994477	-49.67144564
3248.875237	-49.55197133
3278.083798	-49.40262843
3306.45872	-49.28315412
3336.184977	-49.19354839
3366.178484	-49.10394265
3395.315949	-48.98446834
3425.841065	-48.8948626
3455.494966	-48.77538829
3486.561113	-48.68578256
3517.906556	-48.59617682
3548.357371	-48.47670251
3580.258384	-48.38709677
3612.446199	-48.29749104
3644.923395	-48.2078853
3677.692571	-48.11827957
3710.756355	-48.02867384
3742.876468	-47.9390681
3776.526278	-47.84946237
3810.478613	-47.72998805
3843.461916	-47.64038232
3878.016026	-47.55077658
3912.88079	-47.46117085
3946.750481	-47.37156511
3982.233193	-47.28195938
4016.703195	-47.16248507
4052.814806	-47.07287933
4089.251074	-46.9832736
4124.647418	-46.89366786
4161.729487	-46.80406213
4199.144937	-46.71445639
4235.492516	-46.62485066
4273.571122	-46.53524492
4311.992069	-46.44563919
4349.316447	-46.35603345
4388.418372	-46.26642772
4427.871837	-46.17682198
4466.199264	-46.05734767
4506.352007	-45.96774194
4546.865738	-45.8781362
4586.22317	-45.78853047
4627.454972	-45.69892473
4669.057462	-45.57945042
4709.47258	-45.48984468
4751.812438	-45.40023895
4794.532947	-45.31063321
4836.034173	-45.22102748
4879.511866	-45.13142174
4921.748665	-45.01194743
4965.996962	-44.9223417
5010.643067	-44.83273596
5054.014932	-44.74313023
5099.45235	-44.65352449
5145.298267	-44.56391876
5189.8357	-44.44444444
5236.494196	-44.35483871
5283.572169	-44.26523297
5329.306493	-44.17562724
5377.218882	-44.14575866
5425.562021	-44.08602151
5472.525402	-43.93667861
5518.065817	-43.72759857
5565.829907	-43.51851852
5615.868726	-43.36917563
5664.479392	-43.18996416
5713.51083	-43.04062127
5764.877354	-42.98088411
5816.705682	-42.98088411
5868.999966	-43.01075269
5921.764394	-43.01075269
5975.003193	-42.92114695
6026.722508	-42.77180406
6080.904919	-42.62246117
6133.540914	-42.50298686
6188.683661	-42.47311828
6244.32216	-42.4432497
6298.372686	-42.32377539
6354.99733	-42.14456392
6410.005855	-41.96535245
6467.634121	-41.81600956
6523.617624	-41.69653524
6582.267301	-41.60692951
6639.243062	-41.45758662
6694.492488	-41.18876941
6750.20168	-40.86021505
6806.374464	-40.65113501
6867.566227	-40.59139785
6929.308127	-40.59139785
6991.605108	-40.50179211
7052.124076	-40.32258065
7110.809351	-40.05376344
7169.982984	-39.81481481
7234.443719	-39.66547192
7297.064686	-39.57586619
7360.227696	-39.45639188
7423.937442	-39.27718041
7488.198657	-39.12783751
7555.520265	-38.94862605
7620.920453	-38.79928315
7689.435279	-38.62007168
7755.994629	-38.44086022
7823.130113	-38.3213859
7893.462876	-38.20191159
7964.427956	-38.02270012
8030.705101	-37.78375149
8100.218464	-37.54480287
8170.333532	-37.3655914
8243.787779	-37.21624851
8317.902407	-37.06690562
8389.901735	-36.82795699
8459.719521	-36.55913978
8530.118307	-36.260454
8603.954565	-35.9916368
8678.429945	-35.81242533
8756.452163	-35.66308244
8832.247555	-35.45400239
8905.746386	-35.15531661
8973.905385	-34.79689367
9045.584039	-34.43847073
9120.858181	-34.10991637
9196.758727	-33.81123059
9270.217412	-33.5125448
9344.262845	-33.21385902
9418.899712	-32.91517324
9490.986064	-32.52688172
9560.454414	-32.07885305
9630.431231	-31.60095579
9694.490881	-31.09318996
9762.212168	-30.58542413
9830.406525	-30.0776583
9895.79637	-29.54002389
9961.621175	-28.97252091
10017.91641	-28.34528076
10071.19074	-27.68817204
10121.3927	-27.00119474
10168.47361	-26.28434886
10212.38767	-25.56750299
10259.89186	-24.91039427
10304.20072	-24.22341697
10341.84227	-23.50657109
10376.18116	-22.75985663
10410.63408	-22.04301075
10448.66443	-21.2962963
10490.31054	-20.57945042
10532.12265	-19.83273596
10581.11412	-19.14575866
10630.33348	-18.45878136
10683.32261	-17.77180406
10754.38587	-17.20430108
10840.28603	-17.02508961
10923.25078	-17.26403823
10999.55563	-17.74193548
11076.3935	-18.27956989
11153.76813	-18.84707288
11216.80043	-19.44444444
11261.50817	-20.16129032
11295.15588	-20.93787336
11325.14934	-21.71445639
11355.22245	-22.49103943
11389.15016	-23.26762246
11423.17924	-24.01433692
11457.31	-24.76105137
11495.35268	-25.50776583
11537.34554	-26.25448029
11583.3309	-26.97132616
11617.94016	-27.71804062
11644.92996	-28.49462366
11671.98245	-29.27120669
11702.97655	-30.04778973
11734.05295	-30.82437276
11757.41439	-31.60095579
11784.7282	-32.34767025
11831.69957	-33.03464755
11890.67716	-33.69175627
11945.98811	-34.37873357
12001.55635	-35.06571087
12061.38062	-35.72281959
12117.48563	-36.40979689
12173.85161	-37.09677419
12238.591	-37.72401434
12307.75387	-38.35125448
12377.3076	-38.94862605
12439.00488	-39.57586619
12501.0097	-40.23297491
12571.65556	-40.89008363
12642.70065	-41.51732378
12705.72084	-42.20430108
12760.59238	-42.89127838
12819.94985	-43.57825568
12875.31471	-44.26523297
12935.20583	-44.95221027
12999.68407	-45.63918757
13047.17229	-46.32616487
13086.1553	-47.04301075
13133.9594	-47.78972521
13190.68036	-48.47670251
13256.43207	-49.13381123
13318.096	-49.82078853
13371.17905	-50.53763441
13411.13014	-51.28434886
13451.20059	-52.03106332
13491.39077	-52.80764636
13545.16454	-53.52449223
13608.17155	-54.18160096
13671.47164	-54.86857826
13739.61995	-55.55555556
13817.26546	-56.1827957
13904.5651	-56.78016726
13997.05541	-57.37753883
14099.5055	-57.85543608
14212.12465	-58.03464755
14330.39291	-57.91517324
14444.85626	-57.52688172
14545.76143	-57.01911589
14647.37148	-56.54121864
14759.47327	-56.09318996
14867.5038	-55.64516129
14971.36139	-55.13739546
15070.94782	-54.56989247
15156.11694	-53.94265233
15231.66577	-53.28554361
15312.66633	-52.62843489
15399.20145	-51.97132616
15496.49602	-51.3739546
15589.23679	-50.77658303
15677.33488	-50.14934289
15771.15791	-49.52210275
15865.54243	-48.92473118
15960.49182	-48.32735962
16061.3327	-47.75985663
16168.16939	-47.22222222
16281.11284	-46.71445639
16405.71827	-46.26642772
16536.75818	-45.8781362
16663.32016	-45.48984468
16796.41766	-45.16129032
16936.19149	-44.89247312
17077.12847	-44.62365591
17219.23827	-44.32497013
17356.77614	-43.96654719
17495.41259	-43.60812425
17635.15639	-43.24970131
17776.01638	-42.8614098
17918.00149	-42.50298686
18073.09878	-42.20430108
18229.53857	-41.93548387
18381.23833	-41.66666667
18534.20047	-41.39784946
18688.43552	-41.12903226
18850.20164	-40.89008363
19000.76675	-40.56152927
19146.1867	-40.17323775
19299.11598	-39.81481481
19459.71638	-39.51612903
19621.65324	-39.24731183
19784.93768	-38.97849462
19936.35918	-38.59020311
20082.28143	-38.11230585
20229.27173	-37.6344086
20384.09389	-37.21624851
20546.9109	-36.85782557
20717.89501	-36.49940263
20869.53762	-36.05137395
21001.39463	-35.48387097
21106.08048	-34.82676225
21183.1816	-34.10991637
21267.61318	-33.39307049
21366.54212	-32.64635603
21501.53927	-32.04898447
21658.9177	-31.83990442
21802.98837	-32.1385902
21918.9346	-32.73596177
22028.19412	-33.42293907
22130.66099	-34.10991637
22226.23553	-34.82676225
22314.8245	-35.54360812
22396.3412	-36.29032258
22478.15569	-37.03703704
22560.26904	-37.78375149
22627.67576	-38.56033453
22672.72543	-39.33691756
22725.39674	-40.08363202
22778.19042	-40.86021505
22831.10674	-41.63679809
22914.50943	-42.35364397
23028.7316	-43.04062127
23151.19622	-43.72759857
23266.5982	-44.41457587
23382.57543	-45.07168459
23499.13077	-45.78853047
23616.26711	-46.53524492
23765.47838	-47.04301075
23939.42749	-47.13261649
24106.6574	-46.80406213
24267.00993	-46.26642772
24404.14795	-45.63918757
24533.9269	-44.98207885
24672.57332	-44.38470729
24844.92465	-43.87694146
25035.07212	-43.45878136
25218.3139	-42.98088411
25386.06094	-42.4432497
25563.39637	-41.87574671
25750.50517	-41.39784946
25947.58339	-40.97968937
26146.16992	-40.62126643
26363.74907	-40.32258065
26583.13884	-40.05376344
26804.35429	-39.78494624
27036.37138	-39.51612903
27270.3968	-39.24731183
27497.33137	-38.94862605
27735.34683	-38.70967742
27975.42254	-38.53046595
28226.93169	-38.35125448
28471.26253	-38.17204301
28717.70829	-37.99283154
28975.89086	-37.81362007
29226.70465	-37.6344086
29479.68948	-37.45519713
29744.72253	-37.30585424
30002.19129	-37.12664277
30261.88869	-36.9474313
30533.95399	-36.76821983
30798.2543	-36.61887694
31075.14172	-36.46953405
31344.12652	-36.260454
31615.43964	-36.08124253
31899.67386	-35.93189964
32175.79577	-35.75268817
32454.30777	-35.54360812
32746.08371	-35.36439665
33029.5321	-35.24492234
33326.47951	-35.15531661
33614.95178	-35.03584229
33905.92104	-34.82676225
34210.74751	-34.6176822
34506.87395	-34.46833931
34817.1032	-34.34886499
35118.47823	-34.22939068
35434.20602	-34.08004779
35729.07692	-33.87096774
36026.40162	-33.66188769
36350.29198	-33.48267622
36664.9382	-33.30346476
36982.30799	-33.15412186
37314.79229	-33.00477897
37637.78718	-32.79569892
37938.41726	-32.5567503
38266.81022	-32.34767025
38610.84265	-32.16845878
38945.05609	-31.98924731
39295.1862	-31.89964158
39648.46411	-31.83990442
39991.65914	-31.72043011
40351.19859	-31.60095579
40713.97043	-31.42174432
41066.38843	-31.27240143
41435.59008	-31.15292712
41794.25438	-31.00358423
42156.02326	-30.85424134
42520.92359	-30.64516129
42888.98249	-30.37634409
43245.88939	-30.19713262
43634.68554	-30.10752688
44026.97711	-29.98805257
44393.354	-29.8088411
44762.77975	-29.54002389
45150.24403	-29.27120669
45541.06218	-29.03225806
45935.26323	-28.91278375
46348.23783	-28.85304659
46764.92521	-28.73357228
47169.71996	-28.55436081
47578.01859	-28.31541219
47989.85143	-28.07646356
48389.20595	-27.7479092
48759.54659	-27.35961768
49132.72158	-26.97132616
49508.75262	-26.55316607
49871.12713	-26.04540024
50219.50405	-25.50776583
50587.08083	-25
50991.1428	-24.55197133
51330.3254	-24.0442055
51534.91698	-24.76105137
51688.89562	-25.50776583
51877.71666	-26.25448029
52084.49001	-26.97132616
52292.08752	-27.68817204
52517.91867	-28.37514934
52744.7251	-29.06212664
52954.95416	-29.8088411
53148.40015	-30.52568698
53360.23817	-31.24253286
53572.92053	-31.95937873
53750.80325	-32.70609319
53857.81625	-33.09438471
54234.04237	-32.5567503
54558.61299	-31.92951016
54866.93527	-31.30227001
55176.99995	-30.67502987
55452.04125	-29.98805257
55709.98328	-29.30107527
56006.2437	-28.64396655
56341.42029	-28.0167264
56734.99572	-27.53882915
57188.16388	-27.24014337
57702.30611	-27.15053763
58221.07067	-27.15053763
58744.49911	-27.15053763
59272.63336	-27.0609319
59785.69417	-26.88172043
60303.19601	-26.6427718
60825.17733	-26.3739546
61311.01562	-26.1051374
61821.22414	-25.80645161
62335.67844	-25.44802867
62812.75663	-25.05973716
63293.48608	-24.67144564
63777.89474	-24.28315412
64287.31772	-23.92473118
64800.80969	-23.56630824
65296.75445	-23.17801673
65796.49487	-22.75985663
66278.08591	-22.28195938
66741.07436	-21.77419355
67251.86869	-21.41577061
67766.57232	-21.47550777
68239.95865	-21.95340502
68648.34948	-22.64038232
69036.29585	-23.23775388
69495.51111	-23.56630824
70027.38617	-23.44683393
70539.94482	-22.96893668
71032.70467	-22.40143369
71505.19963	-21.86379928
71956.98067	-21.26642772
72339.64108	-20.609319
72676.13787	-19.9223417
73038.4073	-19.26523297
73475.51506	-18.66786141
73915.23875	-18.04062127
74357.59403	-17.4432497
74827.39694	-16.87574671
75350.10697	-16.33811231
75876.46841	-15.86021505
76457.17932	-15.50179211
77118.98867	-15.3823178
77760.74554	-15.59139785
78381.85589	-15.94982079
79034.1219	-16.18876941
79691.81583	-16.18876941
80275.11233	-15.83034648
80755.52909	-15.23297491
81211.89569	-14.54599761
81589.66287	-13.85902031
81969.18728	-13.14217443
82377.77986	-12.48506571
82925.73993	-12.00716846
83588.10544	-11.76821983
84339.59268	-11.82795699
85041.43685	-12.09677419
85663.88939	-12.51493429
86205.12724	-13.08243728
86749.78473	-13.64994026
87326.82648	-14.18757467
87878.57103	-14.78494624
88258.08769	-15.50179211
88727.43585	-16.15890084
89258.43663	-16.7562724
89852.16542	-17.29390681
90509.82961	-17.71206691
91263.02031	-18.04062127
92052.98824	-18.33930705
92788.25723	-18.69772999
93467.41186	-19.11589008
94120.33252	-19.62365591
94777.81418	-20.10155317
95503.18414	-20.54958184
96202.21041	-21.02747909
96842.12776	-21.53524492
97518.62264	-22.07287933
98232.40072	-22.49103943
99017.02748	-22.84946237
99841.01206	-23.2078853
100638.4875	-23.56630824
101475.9653	-23.8948626
102354.336	-24.22341697
103171.8865	-24.5818399
103961.4994	-24.94026284
104791.8871	-25.2688172
105663.928	-25.56750299
106507.9137	-25.92592593
107358.6408	-26.28434886
108252.0413	-26.61290323
109152.8764	-26.97132616
110024.7299	-27.3297491
110903.5474	-27.65830346
111826.4474	-27.98685783
112719.6559	-28.34528076
113619.999	-28.7037037
114565.5043	-29.03225806
115518.8778	-29.390681
116441.5795	-29.77897252
117371.6512	-30.10752688
118348.3765	-30.40621266
119293.6787	-30.73476703
120206.6777	-31.12305854
121166.8229	-31.4516129
122175.1303	-31.75029869
123150.9985	-32.10872162
124093.519	-32.46714456
125126.1812	-32.79569892
126167.4369	-33.12425329
127175.1935	-33.48267622
128190.9995	-33.87096774
129214.9191	-34.28912784
130160.6952	-34.73715651
131113.3937	-35.18518519
132204.4729	-35.54360812
133348.8279	-35.72281959
134547.682	-35.75268817
135757.3142	-35.72281959
136932.4224	-35.84229391
138026.1638	-36.17084827
139082.5295	-36.58900836
140146.98	-37.03703704
141219.5771	-37.45519713
142253.2201	-37.90322581
143199.4593	-38.44086022
144199.7853	-38.97849462
145158.9727	-39.54599761
146172.987	-40.08363202
147194.0847	-40.59139785
148173.1895	-41.12903226
149158.8071	-41.69653524
150200.7625	-42.23416965
151249.9964	-42.77180406
152256.0803	-43.30943847
153268.8565	-43.84707288
154339.5227	-44.38470729
155417.6682	-44.9223417
156451.4746	-45.45997611
157544.3732	-45.99761051
158644.9062	-46.53524492
159700.1795	-47.07287933
160709.1903	-47.61051374
161831.8313	-48.14814815
162962.3146	-48.68578256
164046.3064	-49.22341697
165082.7767	-49.76105137
166235.9696	-50.29868578
167397.2181	-50.83632019
168510.71	-51.3739546
169631.6087	-51.91158901
170759.9633	-52.44922342
171895.8235	-53.0167264
173039.2392	-53.61409797
174248.0123	-54.1218638
175581.5974	-54.30107527
176866.7498	-54.06212664
178043.2311	-53.55436081
179168.1361	-52.92712067
180240.3909	-52.3297491
181379.1779	-51.76224612
182525.1599	-51.19474313
183556.6483	-50.59737157
184471.6248	-49.94026284
185391.1622	-49.3130227
186377.0549	-48.68578256
187244.0108	-47.99880526
187865.733	-47.2520908
188364.5967	-46.47550777
188990.0397	-45.72879331
189680.4258	-45.01194743
190373.3339	-44.26523297
191322.2897	-43.57825568
192531.0938	-42.95101553
193940.3064	-42.47311828
195554.2089	-42.1744325
197246.9159	-42.08482676
199020.2369	-42.08482676
200809.5006	-42.05495818
202614.8505	-41.93548387
204300.9394	-41.63679809
205728.0925	-41.15890084
207027.9148	-40.56152927
208128.8697	-39.90442055
209305.05	-39.27718041
210557.6631	-38.67980884
211817.7725	-38.08243728
212944.1994	-37.45519713
214076.6165	-36.82795699
215072.4204	-36.17084827
215929.6525	-35.42413381
216790.3014	-34.67741935
217798.7283	-33.96057348
219174.8147	-33.42293907
220925.4634	-33.12425329
222911.6631	-33.00477897
224915.7194	-33.00477897
226937.7929	-33.12425329
228674.6324	-33.45280765
230043.1653	-34.02031063
231036.6408	-34.70728793
232034.4069	-35.42413381
233036.4819	-36.11111111
233965.3149	-36.82795699
234742.1698	-37.57467145
235599.6898	-38.29151732
236538.7391	-39.0083632
237324.1388	-39.75507766
238112.1463	-40.50179211
238823.5898	-41.24850657
239537.1591	-41.99522103
240491.9024	-42.68219833
241530.5024	-43.36917563
242412.8203	-44.08602151
243137.1137	-44.83273596
244025.3006	-45.54958184
245079.1601	-46.23655914
246137.5709	-46.95340502
248185.8404	-46.95340502
248927.3827	-46.17682198
249588.3912	-45.40023895
250417.1207	-44.68339307
251415.2292	-43.96654719
252417.3159	-43.27956989
253507.4175	-42.56272401
254855.546	-41.87574671
256295.7887	-41.24850657
257829.6239	-40.65113501
259458.6318	-40.08363202
261184.4973	-39.51612903
262921.843	-38.94862605
265109.7853	-38.64994026
267404.5617	-38.41099164
269629.8076	-38.17204301
271873.5713	-37.90322581
274136.0067	-37.57467145
276417.2693	-37.27598566
278717.5158	-37.06690562
281036.9041	-36.85782557
283469.5448	-36.61887694
285828.4779	-36.35005974
288207.0411	-36.05137395
290605.3978	-35.84229391
293218.0453	-35.69295102
295756.1253	-35.54360812
298415.0796	-35.42413381
300998.145	-35.21505376
303502.9448	-34.8864994
305927.1605	-34.55794504
308575.25	-34.28912784
311349.4529	-34.16965352
314148.5968	-34.16965352
316972.9061	-34.10991637
319716.607	-33.96057348
322590.9747	-33.78136201
325383.3053	-33.66188769
328308.6187	-33.60215054
331260.2316	-33.60215054
334238.3807	-33.57228196
337243.3044	-33.57228196
340275.2434	-33.60215054
343334.4406	-33.57228196
346191.5481	-33.33333333
348725.4635	-32.85543608
350579.9525	-32.22819594
351977.2883	-31.48148148
353380.1936	-30.7646356
355141.6912	-30.10752688
357385.532	-29.51015532
360001.3806	-29.09199522
362997.1844	-28.88291517
366260.6601	-28.79330944
369553.4757	-28.67383513
372628.7686	-28.49462366
375854.2237	-28.28554361
379233.2889	-28.22580645
382642.733	-28.25567503
385954.8685	-28.31541219
389295.6737	-28.28554361
392795.5823	-28.1660693
396326.9563	-28.04659498
399890.0787	-27.98685783
403485.2349	-27.98685783
407112.7127	-27.98685783
410772.803	-27.92712067
414465.7987	-27.83751493
418191.9959	-27.77777778
421951.6928	-27.71804062
425745.1909	-27.62843489
429430.419	-27.479092
433291.1534	-27.38948626
437186.5973	-27.3297491
441117.0626	-27.3297491
445082.8642	-27.29988053
449084.3198	-27.24014337
453121.7499	-27.0609319
457043.9481	-26.85185185
461000.0966	-26.73237754
465144.6538	-26.61290323
469170.9216	-26.3739546
472761.6617	-25.98566308
476064.1588	-25.53763441
479866.6992	-25.17921147
484180.874	-24.94026284
488371.9184	-24.70131422
492435.9762	-24.46236559
496698.4763	-24.25328554
500997.8723	-24.0442055
505334.4837	-23.80525687
509708.6326	-23.53643967
513779.9067	-23.17801673
517883.6999	-22.81959379
522193.3444	-22.58064516
526713.4227	-22.46117085
531272.6265	-22.31182796
535871.2946	-22.13261649
540330.6255	-21.89366786
544827.0653	-21.62485066
549360.9229	-21.35603345
553932.5096	-21.08721625
558727.3205	-20.84826762
563563.6349	-20.609319
568441.8123	-20.45997611
573362.2149	-20.54958184
577558.8839	-20.8781362
581207.9913	-21.41577061
584492.5208	-22.07287933
587211.3601	-22.78972521
589356.4603	-23.50657109
591117.3694	-24.25328554
592294.2309	-25.02986858
593473.4354	-25.80645161
595049.3608	-26.58303465
597421.0988	-27.3297491
599802.29	-28.04659498
601993.3852	-28.76344086
604593.1831	-29.42054958
608413.0974	-29.98805257
613272.7689	-30.34647551
618171.2567	-30.31660693
622489.5189	-29.89844683
626422.5051	-29.33094385
630380.3405	-28.73357228
634783.8897	-28.19593787
639218.2001	-27.71804062
644110.3753	-27.29988053
649039.9922	-26.94145759
654224.1691	-26.6427718
659668.3906	-26.31421744
664937.4614	-25.9557945
670693.1253	-25.6869773
676722.8985	-25.6869773
682354.3465	-25.9557945
687576.6588	-26.3739546
692609.3093	-26.82198327
698141.4941	-27.18040621
704184.5704	-27.35961768
710515.4438	-27.3297491
716428.1013	-27.0609319
721671.9272	-26.6427718
726954.1347	-26.19474313
732517.7858	-25.77658303
737634.8205	-25.29868578
742295.3128	-24.7311828
747232.9087	-24.19354839
752203.3486	-23.65591398
757206.8508	-23.11827957
762749.1527	-22.64038232
768841.5763	-22.28195938
775239.6032	-22.10274791
782209.287	-22.01314217
789241.6309	-21.9832736
796337.198	-22.16248507
802165.9107	-22.55077658
806431.7531	-23.14814815
810182.9702	-23.83512545
813681.8656	-24.52210275
817195.8716	-25.20908005
820997.1593	-25.86618877
825636.7882	-26.49342891
830302.6366	-27.15053763
835271.6898	-27.7479092
841385.3798	-28.13620072
848668.3676	-28.31541219
856298.2025	-28.31541219
863996.6324	-28.1660693
871186.506	-27.83751493
877563.0709	-27.41935484
884279.3884	-27.00119474
891342.5291	-26.73237754
899356.0201	-26.61290323
907441.5553	-26.58303465
915599.7824	-26.6427718
923831.3549	-26.70250896
932136.9323	-26.67264038
940205.4608	-26.49342891
947715.3084	-26.16487455
954968.5271	-25.77658303
961958.3264	-25.35842294
969641.924	-25
977710.9402	-24.76105137
986500.9144	-24.64157706
995369.9137	-24.5818399
	
	
	
	
	
	
	
	
	
	
	
	
