2.90E+01	-6.02E+00	-2.91
3.80E+01	-8.11E+00	-4.33
4.70E+01	-9.56E+00	-5.535
5.60E+01	-1.09E+01	-6.71
6.50E+01	-1.15E+01	-7.808
7.40E+01	-1.28E+01	-8.736666667
8.30E+01	-1.40E+01	-9.755714286
9.20E+01	-1.45E+01	-10.5
1.01E+02	-1.52E+01	-11.3
1.10E+02	-1.58E+01	-12
1.19E+02	-1.65E+01	-12.7
1.28E+02	-1.70E+01	-13.3
1.37E+02	-1.75E+01	-13.95
1.46E+02	-1.80E+01	-14.65
1.55E+02	-1.86E+01	-15.1
1.64E+02	-1.91E+01	-15.6
1.73E+02	-1.94E+01	-16.2
1.82E+02	-1.97E+01	-16.8
1.91E+02	-2.01E+01	-17.4
2.00E+02	-2.08E+01	-17.7
2.03E+02	-2.09E+01	-17.83775409
2.07E+02	-2.09E+01	-17.9457516
2.10E+02	-2.10E+01	-18.11064486
2.13E+02	-2.11E+01	-18.43505058
2.17E+02	-2.13E+01	-18.61201613
2.20E+02	-2.14E+01	-18.83617427
2.24E+02	-2.16E+01	-19.00747945
2.27E+02	-2.17E+01	-19.22588538
2.31E+02	-2.18E+01	-19.49134502
2.35E+02	-2.20E+01	-19.50381057
2.39E+02	-2.22E+01	-19.7
2.43E+02	-2.23E+01	-19.71956429
2.47E+02	-2.25E+01	-19.82275293
2.51E+02	-2.26E+01	-20.12274838
2.55E+02	-2.27E+01	-20.21949884
2.59E+02	-2.28E+01	-20.41295167
2.63E+02	-2.30E+01	-20.60305335
2.67E+02	-2.31E+01	-21.07949902
2.72E+02	-2.33E+01	-21.2
2.76E+02	-2.35E+01	-21.20270339
2.80E+02	-2.37E+01	-21.5
2.85E+02	-2.40E+01	-21.50136043
2.90E+02	-2.42E+01	-21.94036414
2.94E+02	-2.46E+01	-22.1
2.99E+02	-2.48E+01	-22.36434146
3.04E+02	-2.48E+01	-22.56926531
3.09E+02	-2.50E+01	-22.75734742
3.14E+02	-2.52E+01	-22.95679669
3.19E+02	-2.54E+01	-23.20436176
3.24E+02	-2.56E+01	-23.48686807
3.29E+02	-2.58E+01	-23.76097825
3.35E+02	-2.61E+01	-24.01327804
3.40E+02	-2.63E+01	-24.58897543
3.46E+02	-2.65E+01	-24.77718624
3.51E+02	-2.67E+01	-25.08534995
3.57E+02	-2.69E+01	-25.36691379
3.63E+02	-2.71E+01	-25.57384516
3.69E+02	-2.72E+01	-25.84431074
3.75E+02	-2.75E+01	-26.04492637
3.81E+02	-2.76E+01	-26.24230708
3.87E+02	-2.79E+01	-26.53640036
3.93E+02	-2.82E+01	-26.85430579
4.00E+02	-2.85E+01	-27.12902095
4.06E+02	-2.87E+01	-27.69841802
4.13E+02	-2.90E+01	-27.9576391
4.19E+02	-2.92E+01	-28.31131637
4.26E+02	-2.98E+01	-28.62887612
4.33E+02	-3.01E+01	-28.84762191
4.40E+02	-3.03E+01	-29.6284279
4.47E+02	-3.06E+01	-29.91909363
4.54E+02	-3.09E+01	-30.17652734
4.62E+02	-3.10E+01	-30.45784828
4.69E+02	-3.12E+01	-31.17758341
4.77E+02	-3.14E+01	-31.50489623
4.85E+02	-3.17E+01	-32.36553133
4.93E+02	-3.22E+01	-32.69644931
5.01E+02	-3.24E+01	-33.54552644
5.09E+02	-3.27E+01	-34.43341306
5.17E+02	-3.28E+01	-34.71083131
5.25E+02	-3.30E+01	-36.10416587
5.34E+02	-3.33E+01	-36.91715711
5.42E+02	-3.34E+01	-37.7510423
5.51E+02	-3.35E+01	-39.10631271
5.60E+02	-3.37E+01	-40.41464143
5.69E+02	-3.36E+01	-42.23493611
5.79E+02	-3.36E+01	-43.3656415
5.88E+02	-3.35E+01	-44.60760075
5.97E+02	-3.33E+01	-46.37671512
6.07E+02	-3.31E+01	-47.27269705
6.17E+02	-3.28E+01	-47.35169314
6.27E+02	-3.26E+01	-46.00449849
6.37E+02	-3.24E+01	-44.72185335
6.48E+02	-3.22E+01	-43.48357157
6.58E+02	-3.18E+01	-42.21269875
6.69E+02	-3.16E+01	-40.4740305
6.80E+02	-3.09E+01	-39.15903431
6.91E+02	-3.06E+01	-38.33082093
7.02E+02	-3.03E+01	-37.51160408
7.13E+02	-3.00E+01	-36.11561147
7.25E+02	-2.93E+01	-35.78898318
7.37E+02	-2.90E+01	-34.44041881
7.48E+02	-2.88E+01	-33.53667203
7.61E+02	-2.85E+01	-33.21797327
7.73E+02	-2.83E+01	-32.33895382
7.86E+02	-2.80E+01	-31.98060121
7.98E+02	-2.74E+01	-31.25038762
8.11E+02	-2.71E+01	-30.80703759
8.24E+02	-2.69E+01	-30.48954495
8.38E+02	-2.66E+01	-30.19279448
8.51E+02	-2.63E+01	-29.53899871
8.65E+02	-2.56E+01	-29.23841883
8.79E+02	-2.53E+01	-28.5054089
8.93E+02	-2.52E+01	-28.14845996
9.08E+02	-2.49E+01	-27.84213888
9.23E+02	-2.46E+01	-27.6051667
9.38E+02	-2.43E+01	-27.26145583
9.53E+02	-2.40E+01	-26.5246845
9.68E+02	-2.37E+01	-26.28309464
9.84E+02	-2.33E+01	-25.95763491
1.00E+03	-2.32E+01	-25.5
1.01E+03	-2.30E+01	-25.22050047
1.02E+03	-2.27E+01	-24.94343196
1.03E+03	-2.26E+01	-24.83441064
1.04E+03	-2.25E+01	-24.69669552
1.06E+03	-2.22E+01	-24.32708207
1.07E+03	-2.21E+01	-24.18000433
1.08E+03	-2.20E+01	-24.09775162
1.09E+03	-2.16E+01	-23.81679709
1.10E+03	-2.14E+01	-23.63715503
1.12E+03	-2.14E+01	-23.55883993
1.13E+03	-2.13E+01	-23.4818664
1.14E+03	-2.10E+01	-23.11249848
1.15E+03	-2.09E+01	-23.0320034
1.17E+03	-2.09E+01	-22.95914401
1.18E+03	-2.08E+01	-22.68768635
1.19E+03	-2.06E+01	-22.33529173
1.20E+03	-2.05E+01	-22.24903819
1.22E+03	-2.04E+01	-22.18187912
1.23E+03	-2.00E+01	-21.73236925
1.25E+03	-2.00E+01	-21.65197085
1.26E+03	-1.99E+01	-21.58925412
1.27E+03	-1.96E+01	-21.32805094
1.29E+03	-1.96E+01	-21.236756
1.30E+03	-1.92E+01	-20.91025217
1.32E+03	-1.92E+01	-20.8536905
1.33E+03	-1.91E+01	-20.79871025
1.34E+03	-1.87E+01	-20.44532884
1.36E+03	-1.87E+01	-20.38712782
1.37E+03	-1.84E+01	-20.04343327
1.39E+03	-1.85E+01	-19.99495494
1.40E+03	-1.82E+01	-19.74814715
1.42E+03	-1.79E+01	-19.50151415
1.44E+03	-1.79E+01	-19.57980851
1.45E+03	-1.77E+01	-19.21793213
1.47E+03	-1.76E+01	-19.17799268
1.48E+03	-1.75E+01	-18.93981789
1.50E+03	-1.72E+01	-18.85171361
1.52E+03	-1.72E+01	-18.76884037
1.53E+03	-1.72E+01	-18.63607719
1.55E+03	-1.68E+01	-18.3051578
1.57E+03	-1.68E+01	-18.47610253
1.58E+03	-1.64E+01	-18.14893192
1.60E+03	-1.63E+01	-18.01183339
1.62E+03	-1.61E+01	-17.90032807
1.64E+03	-1.61E+01	-17.87893707
1.66E+03	-1.61E+01	-17.77975762
1.67E+03	-1.57E+01	-17.54208428
1.69E+03	-1.56E+01	-17.22666615
1.71E+03	-1.54E+01	-17.11328304
1.73E+03	-1.53E+01	-16.90097869
1.75E+03	-1.53E+01	-16.99635594
1.77E+03	-1.53E+01	-16.78556943
1.79E+03	-1.50E+01	-16.69027663
1.81E+03	-1.50E+01	-16.43884338
1.83E+03	-1.49E+01	-16.37699369
1.85E+03	-1.46E+01	-16.28924899
1.87E+03	-1.45E+01	-15.94111192
1.89E+03	-1.44E+01	-15.8881958
1.91E+03	-1.41E+01	-15.7982193
1.93E+03	-1.38E+01	-15.40348864
1.95E+03	-1.38E+01	-15.31983717
1.97E+03	-1.37E+01	-15.26752191
2.00E+03	-1.34E+01	-15.17631157
2.02E+03	-1.33E+01	-14.93630064
2.04E+03	-1.33E+01	-14.89500469
2.06E+03	-1.30E+01	-14.60993005
2.08E+03	-1.29E+01	-14.54719454
2.11E+03	-1.26E+01	-14.47703534
2.13E+03	-1.26E+01	-14.15470508
2.15E+03	-1.23E+01	-14.07217345
2.18E+03	-1.22E+01	-13.74093692
2.20E+03	-1.19E+01	-13.66100975
2.23E+03	-1.18E+01	-13.58240639
2.25E+03	-1.18E+01	-13.31028286
2.28E+03	-1.15E+01	-13.17922963
2.30E+03	-1.14E+01	-12.81874362
2.33E+03	-1.13E+01	-12.78152534
2.35E+03	-1.10E+01	-12.50976318
2.38E+03	-1.09E+01	-12.37882968
2.40E+03	-1.06E+01	-12.04099184
2.43E+03	-1.06E+01	-11.95302217
2.46E+03	-1.05E+01	-11.87401904
2.48E+03	-1.01E+01	-11.52247409
2.51E+03	-1.01E+01	-11.45943216
2.54E+03	-9.99E+00	-11.39790019
2.57E+03	-9.77E+00	-11.13789484
2.60E+03	-9.70E+00	-11.07943293
2.62E+03	-9.44E+00	-10.82253148
2.65E+03	-9.40E+00	-10.7672077
2.68E+03	-9.13E+00	-10.42695795
2.71E+03	-9.06E+00	-10.3613629
2.74E+03	-8.71E+00	-10.02175448
2.77E+03	-8.65E+00	-9.970679995
2.80E+03	-8.57E+00	-9.91135623
2.83E+03	-8.28E+00	-9.623260275
2.87E+03	-8.19E+00	-9.555360809
2.90E+03	-8.10E+00	-9.495187295
2.93E+03	-7.70E+00	-9.295933694
2.96E+03	-7.39E+00	-9.215597638
2.99E+03	-7.28E+00	-8.805772947
3.03E+03	-7.23E+00	-8.739233991
3.06E+03	-7.12E+00	-8.289698123
3.09E+03	-6.84E+00	-8.173171338
3.13E+03	-6.77E+00	-7.758968309
3.16E+03	-6.51E+00	-7.654360111
3.20E+03	-6.44E+00	-7.283328612
3.23E+03	-6.02E+00	-7.196732865
3.27E+03	-5.98E+00	-7.100137947
3.30E+03	-5.52E+00	-6.726230681
3.34E+03	-5.45E+00	-6.442101595
3.38E+03	-5.18E+00	-6.33851127
3.41E+03	-5.09E+00	-6.249110285
3.45E+03	-4.76E+00	-5.849101346
3.49E+03	-4.70E+00	-5.731274395
3.53E+03	-4.66E+00	-5.397851757
3.57E+03	-4.40E+00	-5.306437431
3.61E+03	-4.32E+00	-5.040918146
3.65E+03	-4.25E+00	-4.971378805
3.69E+03	-3.96E+00	-4.895743634
3.73E+03	-3.89E+00	-4.536952902
3.77E+03	-3.57E+00	-4.473016152
3.81E+03	-3.47E+00	-4.064615626
3.85E+03	-3.14E+00	-3.96607438
3.89E+03	-3.07E+00	-3.547756394
3.94E+03	-3.00E+00	-3.4967339
3.98E+03	-2.64E+00	-3.075358528
4.02E+03	-2.57E+00	-2.999852458
4.07E+03	-2.26E+00	-2.713346068
4.11E+03	-2.20E+00	-2.637343263
4.16E+03	-2.15E+00	-2.588540544
4.21E+03	-2.00E+00	-2.369035722
4.25E+03	-1.97E+00	-2.343572607
4.30E+03	-1.94E+00	-2.298327934
4.35E+03	-1.88E+00	-2.1660552
4.39E+03	-1.87E+00	-2.133970561
4.44E+03	-1.86E+00	-2.003017737
4.49E+03	-1.89E+00	-1.978543932
4.54E+03	-1.92E+00	-1.97
4.59E+03	-2.01E+00	-1.999513377
4.64E+03	-2.01E+00	-2.014205583
4.69E+03	-2.02E+00	-2.032062568
4.74E+03	-2.05E+00	-2.173249587
4.80E+03	-2.13E+00	-2.208989372
4.85E+03	-2.15E+00	-2.258343072
4.90E+03	-2.36E+00	-2.583935057
4.96E+03	-2.44E+00	-2.661952795
5.01E+03	-2.52E+00	-2.876255327
5.07E+03	-2.79E+00	-2.954332874
5.12E+03	-2.83E+00	-3.031019335
5.18E+03	-2.87E+00	-3.323944632
5.24E+03	-3.12E+00	-3.393619846
5.29E+03	-3.16E+00	-3.724908315
5.35E+03	-3.35E+00	-3.817931797
5.41E+03	-3.43E+00	-4.234066571
5.47E+03	-3.50E+00	-4.300582169
5.53E+03	-3.82E+00	-4.654620168
5.59E+03	-3.89E+00	-4.76932755
5.65E+03	-3.96E+00	-4.839854066
5.72E+03	-4.26E+00	-5.190000494
5.78E+03	-4.34E+00	-5.246074905
5.84E+03	-4.67E+00	-5.655489932
5.91E+03	-4.75E+00	-5.721688876
5.97E+03	-5.10E+00	-6.092272896
6.04E+03	-5.17E+00	-6.179409554
6.11E+03	-5.25E+00	-6.608390814
6.17E+03	-5.56E+00	-6.712106125
6.24E+03	-5.63E+00	-7.117501328
6.31E+03	-5.97E+00	-7.16085311
6.38E+03	-6.04E+00	-7.22172672
6.45E+03	-6.37E+00	-7.537706333
6.52E+03	-6.46E+00	-7.624512037
6.59E+03	-6.84E+00	-7.950091786
6.67E+03	-6.92E+00	-8.033855097
6.74E+03	-6.99E+00	-8.11384393
6.81E+03	-7.28E+00	-8.481237928
6.89E+03	-7.35E+00	-8.555506757
6.96E+03	-7.60E+00	-8.924060598
7.04E+03	-7.67E+00	-9.004044783
7.12E+03	-7.73E+00	-9.321571782
7.20E+03	-8.03E+00	-9.367000482
7.28E+03	-8.10E+00	-9.414430715
7.36E+03	-8.44E+00	-9.668347396
7.44E+03	-8.52E+00	-9.752866661
7.52E+03	-8.59E+00	-9.987298416
7.60E+03	-8.77E+00	-10.04595143
7.69E+03	-8.82E+00	-10.1062565
7.77E+03	-9.12E+00	-10.46502143
7.86E+03	-9.22E+00	-10.5
7.94E+03	-9.61E+00	-10.69452942
8.03E+03	-9.66E+00	-10.7971426
8.12E+03	-9.70E+00	-10.90100398
8.21E+03	-9.96E+00	-11.2684764
8.30E+03	-1.00E+01	-11.33527456
8.39E+03	-1.05E+01	-11.67011585
8.48E+03	-1.05E+01	-11.75523673
8.58E+03	-1.06E+01	-12.09005859
8.67E+03	-1.08E+01	-12.1549712
8.77E+03	-1.09E+01	-12.20958709
8.86E+03	-1.13E+01	-12.57027298
8.96E+03	-1.14E+01	-12.64070712
9.06E+03	-1.17E+01	-12.99956311
9.16E+03	-1.18E+01	-13.05686299
9.26E+03	-1.20E+01	-13.1235159
9.36E+03	-1.21E+01	-13.44176978
9.47E+03	-1.21E+01	-13.53353914
9.57E+03	-1.25E+01	-13.88444109
9.68E+03	-1.25E+01	-13.94198683
9.78E+03	-1.27E+01	-14.29558116
9.89E+03	-1.27E+01	-14.39761994
1.00E+04	-1.29E+01	-14.6
1.01E+04	-1.31E+01	-14.78974977
1.02E+04	-1.32E+01	-14.97828402
1.03E+04	-1.34E+01	-15.06558936
1.04E+04	-1.36E+01	-15.15165224
1.06E+04	-1.36E+01	-15.2
1.07E+04	-1.37E+01	-15.23999135
1.08E+04	-1.40E+01	-15.50224838
1.09E+04	-1.42E+01	-15.78320291
1.10E+04	-1.43E+01	-15.86284497
1.12E+04	-1.43E+01	-15.94116007
1.13E+04	-1.44E+01	-16.0181336
1.14E+04	-1.49E+01	-16.49375076
1.15E+04	-1.50E+01	-16.5679966
1.17E+04	-1.50E+01	-16.64085599
1.18E+04	-1.51E+01	-16.71231365
1.19E+04	-1.53E+01	-16.98235413
1.20E+04	-1.54E+01	-17.05096181
1.22E+04	-1.54E+01	-17.11812088
1.23E+04	-1.56E+01	-17.2
1.25E+04	-1.56E+01	-17.24802915
1.26E+04	-1.56E+01	-17.3
1.27E+04	-1.55E+01	-17.3
1.29E+04	-1.55E+01	-17.3
1.30E+04	-1.56E+01	-17.3
1.32E+04	-1.56E+01	-17.3
1.33E+04	-1.57E+01	-17.3
1.34E+04	-1.57E+01	-17.4
1.36E+04	-1.57E+01	-17.4
1.37E+04	-1.59E+01	-17.55656673
1.39E+04	-1.59E+01	-17.6
1.40E+04	-1.61E+01	-17.75185285
1.42E+04	-1.64E+01	-18.0969717
1.44E+04	-1.64E+01	-18.14038298
1.45E+04	-1.66E+01	-18.24103393
1.47E+04	-1.67E+01	-18.34401465
1.48E+04	-1.70E+01	-18.66018211
1.50E+04	-1.73E+01	-18.99314554
1.52E+04	-1.74E+01	-19.06231927
1.53E+04	-1.78E+01	-19.46392281
1.55E+04	-1.80E+01	-19.5948422
1.57E+04	-1.80E+01	-19.64779495
1.58E+04	-1.83E+01	-20.00213615
1.60E+04	-1.85E+01	-20.28816661
1.62E+04	-1.87E+01	-20.49934385
1.64E+04	-1.88E+01	-20.52106293
1.66E+04	-1.88E+01	-20.77024238
1.67E+04	-1.91E+01	-20.91583144
1.69E+04	-1.92E+01	-21.18666692
1.71E+04	-1.96E+01	-21.28671696
1.73E+04	-1.96E+01	-21.49902131
1.75E+04	-1.97E+01	-21.40364406
1.77E+04	-2.01E+01	-21.65721528
1.79E+04	-2.01E+01	-21.71944675
1.81E+04	-2.02E+01	-21.96115662
1.83E+04	-2.04E+01	-22
1.85E+04	-2.04E+01	-22.01075101
1.87E+04	-2.07E+01	-22.25888808
1.89E+04	-2.07E+01	-22.3
1.91E+04	-2.07E+01	-22.3017807
1.93E+04	-2.09E+01	-22.44651136
1.95E+04	-2.09E+01	-22.5
1.97E+04	-2.10E+01	-22.58247809
2.00E+04	-2.09E+01	-22.6
2.02E+04	-2.09E+01	-22.6
2.04E+04	-2.09E+01	-22.6
2.06E+04	-2.07E+01	-22.45993005
2.08E+04	-2.06E+01	-22.34719454
2.11E+04	-2.03E+01	-21.97703534
2.13E+04	-1.97E+01	-21.60470508
2.15E+04	-1.96E+01	-21.4330407
2.18E+04	-1.95E+01	-21.28187383
2.20E+04	-1.86E+01	-20.8220195
2.23E+04	-1.85E+01	-20.32962556
2.25E+04	-1.80E+01	-19.82056573
2.28E+04	-1.75E+01	-19.75845926
2.30E+04	-1.70E+01	-19.20937181
2.33E+04	-1.69E+01	-19.06305067
2.35E+04	-1.69E+01	-18.71952635
2.38E+04	-1.68E+01	-18.57882968
2.40E+04	-1.65E+01	-18.24099184
2.43E+04	-1.65E+01	-18
2.46E+04	-1.65E+01	-18.06299048
2.48E+04	-1.66E+01	-18.12752591
2.51E+04	-1.68E+01	-18.39056784
2.54E+04	-1.69E+01	-18.45209981
2.57E+04	-1.70E+01	-18.51210516
2.60E+04	-1.74E+01	-18.87056707
2.62E+04	-1.75E+01	-19.25493703
2.65E+04	-1.79E+01	-19.3655846
2.68E+04	-1.79E+01	-19.77304205
2.71E+04	-1.83E+01	-19.87727421
2.74E+04	-1.84E+01	-20.28912276
2.77E+04	-1.89E+01	-20.37592003
2.80E+04	-1.90E+01	-20.9553921
2.83E+04	-1.95E+01	-21.06123288
2.87E+04	-1.95E+01	-21.5487973
2.90E+04	-1.99E+01	-21.99937568
2.93E+04	-2.00E+01	-22.13785145
2.96E+04	-2.05E+01	-22.5906706
2.99E+04	-2.10E+01	-22.66422705
3.03E+04	-2.10E+01	-23.13418445
3.06E+04	-2.15E+01	-23.20050313
3.09E+04	-2.20E+01	-23.76314296
3.13E+04	-2.21E+01	-23.82206338
3.16E+04	-2.25E+01	-24.2772234
3.20E+04	-2.26E+01	-24.41905436
3.23E+04	-2.32E+01	-24.87609591
3.27E+04	-2.32E+01	-25.31972411
3.30E+04	-2.37E+01	-25.87294887
3.34E+04	-2.43E+01	-25.99515016
3.38E+04	-2.43E+01	-26.42686091
3.41E+04	-2.48E+01	-27.03176689
3.45E+04	-2.54E+01	-27.56708467
3.49E+04	-2.60E+01	-27.66496747
3.53E+04	-2.65E+01	-28.26897469
3.57E+04	-2.70E+01	-28.72360593
3.61E+04	-2.71E+01	-29.29540927
3.65E+04	-2.77E+01	-29.83260326
3.69E+04	-2.82E+01	-30.39582403
3.73E+04	-2.87E+01	-30.89625119
3.77E+04	-2.88E+01	-31.51964207
3.81E+04	-3.00E+01	-32.59639355
3.85E+04	-3.01E+01	-32.6516772
3.89E+04	-3.05E+01	-32.9
3.94E+04	-3.06E+01	-32.85886308
3.98E+04	-3.08E+01	-32.8
4.02E+04	-3.08E+01	-32.61654371
4.07E+04	-3.03E+01	-32.56446142
4.11E+04	-2.98E+01	-32.12801986
4.16E+04	-2.92E+01	-32.09343245
4.21E+04	-2.87E+01	-30.95421433
4.25E+04	-2.75E+01	-30.42679455
4.30E+04	-2.72E+01	-29.92993521
4.35E+04	-2.56E+01	-29.440828
4.39E+04	-2.46E+01	-28.31911682
4.44E+04	-2.37E+01	-27.27242568
4.49E+04	-2.21E+01	-26.32087865
4.54E+04	-2.11E+01	-25.36364416
4.59E+04	-2.03E+01	-24.36459869
4.64E+04	-1.87E+01	-23.3738325
4.69E+04	-1.78E+01	-22.35524919
4.74E+04	-1.69E+01	-20.89000551
4.80E+04	-1.60E+01	-19.60425507
4.85E+04	-1.50E+01	-18.69540143
4.90E+04	-1.35E+01	-17.06322825
4.96E+04	-1.26E+01	-16.28875527
5.01E+04	-1.09E+01	-14.75617009
5.07E+04	-1.01E+01	-14.27128346
5.12E+04	-9.51E+00	-12.74490333
5.18E+04	-9.00E+00	-11.88424038
5.24E+04	-8.54E+00	-10.86578509
5.29E+04	-8.53E+00	-10.2431191
5.35E+04	-8.85E+00	-9.873170456
5.41E+04	-8.96E+00	-9.894914204
5.47E+04	-9.45E+00	-10.38640667
5.53E+04	-9.56E+00	-10.98318802
5.59E+04	-1.01E+01	-11.51554592
5.65E+04	-1.06E+01	-12.0567259
5.72E+04	-1.12E+01	-12.67500124
5.78E+04	-1.12E+01	-13.22730337
5.84E+04	-1.18E+01	-13.774394
5.91E+04	-1.25E+01	-13.82162088
5.97E+04	-1.29E+01	-14.88018691
6.04E+04	-1.30E+01	-15.43381911
6.11E+04	-1.35E+01	-15.52298852
6.17E+04	-1.41E+01	-16.009142
6.24E+04	-1.41E+01	-16.39692471
6.31E+04	-1.47E+01	-16.50213278
6.38E+04	-1.47E+01	-16.60345344
6.45E+04	-1.52E+01	-16.98213292
6.52E+04	-1.56E+01	-17.37885541
6.59E+04	-1.57E+01	-17.47015298
6.67E+04	-1.58E+01	-17.87942479
6.74E+04	-1.62E+01	-17.95228805
6.81E+04	-1.66E+01	-18.01415862
6.89E+04	-1.67E+01	-18.3639334
6.96E+04	-1.67E+01	-18.42410388
7.04E+04	-1.71E+01	-18.85849599
7.12E+04	-1.71E+01	-18.90649415
7.20E+04	-1.74E+01	-19.35523878
7.28E+04	-1.75E+01	-19.40759551
7.36E+04	-1.75E+01	-19.77262909
7.44E+04	-1.78E+01	-19.8498909
7.52E+04	-1.78E+01	-20.18412302
7.60E+04	-1.82E+01	-20.24595143
7.69E+04	-1.82E+01	-20.312513
7.77E+04	-1.86E+01	-20.66502143
7.86E+04	-1.86E+01	-20.72222923
7.94E+04	-1.86E+01	-20.98102522
8.03E+04	-1.89E+01	-21.0485713
8.12E+04	-1.90E+01	-21.11514627
8.21E+04	-1.90E+01	-21.27297977
8.30E+04	-1.92E+01	-21.3
8.39E+04	-1.92E+01	-21.3
8.48E+04	-1.92E+01	-21.48081574
8.58E+04	-1.92E+01	-21.5
8.67E+04	-1.92E+01	-21.51211406
8.77E+04	-1.92E+01	-21.6
8.86E+04	-1.91E+01	-21.55472702
8.96E+04	-1.91E+01	-21.5
9.06E+04	-1.91E+01	-21.32900832
9.16E+04	-1.88E+01	-21.27170844
9.26E+04	-1.88E+01	-21.2
9.36E+04	-1.88E+01	-21.14161511
9.47E+04	-1.86E+01	-21.08074658
9.57E+04	-1.85E+01	-20.81361405
9.68E+04	-1.81E+01	-20.74551317
9.78E+04	-1.80E+01	-20.69013313
9.89E+04	-1.76E+01	-20.37738006
1.00E+05	-1.75E+01	-20.2
1.01E+05	-1.71E+01	-19.82050047
1.02E+05	-1.68E+01	-19.54343196
1.03E+05	-1.67E+01	-19.36882128
1.04E+05	-1.64E+01	-18.99669552
1.06E+05	-1.60E+01	-18.82708207
1.07E+05	-1.59E+01	-18.66000865
1.08E+05	-1.54E+01	-18.29550325
1.09E+05	-1.45E+01	-17.73359418
1.10E+05	-1.43E+01	-17.37431006
1.12E+05	-1.40E+01	-17.21767985
1.13E+05	-1.38E+01	-17.04559919
1.14E+05	-1.28E+01	-16.01874772
1.15E+05	-1.27E+01	-15.56400681
1.17E+05	-1.25E+01	-15.41828802
1.18E+05	-1.22E+01	-15.06305904
1.19E+05	-1.17E+01	-14.3529376
1.20E+05	-1.16E+01	-13.84711457
1.22E+05	-1.16E+01	-13.36375824
1.23E+05	-1.17E+01	-12.81618462
1.25E+05	-1.18E+01	-12.70394169
1.26E+05	-1.19E+01	-12.58925412
1.27E+05	-1.29E+01	-12.47194906
1.29E+05	-1.35E+01	-12.531622
1.30E+05	-1.50E+01	-12.97949566
1.32E+05	-1.54E+01	-13.09261899
1.33E+05	-1.59E+01	-13.50386925
1.34E+05	-1.71E+01	-14.56401347
1.36E+05	-1.72E+01	-14.71930827
1.37E+05	-1.83E+01	-15.76970019
1.39E+05	-1.86E+01	-16.21513517
1.40E+05	-1.92E+01	-17.25555856
1.42E+05	-1.98E+01	-18.2909151
1.44E+05	-1.99E+01	-18.42114894
1.45E+05	-2.07E+01	-19.4462036
1.47E+05	-2.06E+01	-19.56602197
1.48E+05	-2.10E+01	-20.12036422
1.50E+05	-2.14E+01	-20.69314554
1.52E+05	-2.15E+01	-20.76231927
1.53E+05	-2.19E+01	-21.22784562
1.55E+05	-2.22E+01	-21.5948422
1.57E+05	-2.23E+01	-21.64779495
1.58E+05	-2.25E+01	-22.05106808
1.60E+05	-2.26E+01	-22.17633323
1.62E+05	-2.26E+01	-22.5
1.64E+05	-2.27E+01	-22.52106293
1.66E+05	-2.29E+01	-22.6
1.67E+05	-2.28E+01	-22.6
1.69E+05	-2.26E+01	-22.6
1.71E+05	-2.25E+01	-22.40664152
1.73E+05	-2.21E+01	-22.30195739
1.75E+05	-2.23E+01	-22.29271187
1.77E+05	-2.20E+01	-22.19278472
1.79E+05	-2.19E+01	-21.88055325
1.81E+05	-2.17E+01	-21.77768677
1.83E+05	-2.16E+01	-21.43849685
1.85E+05	-2.13E+01	-21.35699595
1.87E+05	-2.12E+01	-20.9644477
1.89E+05	-2.11E+01	-20.7881958
1.91E+05	-2.07E+01	-20.39287721
1.93E+05	-2.02E+01	-19.91395458
1.95E+05	-1.98E+01	-19.81983717
1.97E+05	-1.97E+01	-19.37008766
2.00E+05	-1.93E+01	-18.85786945
2.02E+05	-1.91E+01	-18.65890193
2.04E+05	-1.86E+01	-18.18501407
2.06E+05	-1.80E+01	-17.05958029
2.08E+05	-1.75E+01	-16.48877814
2.11E+05	-1.74E+01	-15.63110603
2.13E+05	-1.70E+01	-14.42823046
2.15E+05	-1.70E+01	-13.9330407
2.18E+05	-1.70E+01	-13.44562149
2.20E+05	-1.70E+01	-12.33302925
2.23E+05	-1.70E+01	-12.26481278
2.25E+05	-1.75E+01	-12.19485857
2.28E+05	-1.80E+01	-12.27077037
2.30E+05	-1.87E+01	-12.78594229
2.33E+05	-1.87E+01	-12.87389866
2.35E+05	-1.97E+01	-13.42071047
2.38E+05	-1.98E+01	-14.06351096
2.40E+05	-2.09E+01	-15.07702449
2.43E+05	-2.15E+01	-16.181867
2.46E+05	-2.15E+01	-16.90392383
2.48E+05	-2.20E+01	-18.03257773
2.51E+05	-2.25E+01	-18.72454274
2.54E+05	-2.26E+01	-19.55629943
2.57E+05	-2.31E+01	-20.07263097
2.60E+05	-2.32E+01	-21.11170121
2.62E+05	-2.36E+01	-21.73240555
2.65E+05	-2.40E+01	-22.2655846
2.68E+05	-2.41E+01	-22.85956307
2.71E+05	-2.45E+01	-23.37727421
2.74E+05	-2.46E+01	-23.47824552
2.77E+05	-2.50E+01	-23.97592003
2.80E+05	-2.51E+01	-24.0702614
2.83E+05	-2.51E+01	-24.46123288
2.87E+05	-2.54E+01	-24.63253154
2.90E+05	-2.55E+01	-25.03291712
2.93E+05	-2.55E+01	-25.10677718
2.96E+05	-2.55E+01	-25.3
2.99E+05	-2.54E+01	-25.33211353
3.03E+05	-2.53E+01	-25.4
3.06E+05	-2.50E+01	-25.43316562
3.09E+05	-2.45E+01	-25.36842852
3.13E+05	-2.44E+01	-25.29264554
3.16E+05	-2.38E+01	-24.9227766
3.20E+05	-2.33E+01	-24.47141846
3.23E+05	-2.27E+01	-23.83585614
3.27E+05	-2.22E+01	-23.77041384
3.30E+05	-2.16E+01	-23.1405767
3.34E+05	-2.11E+01	-22.60484984
3.38E+05	-2.04E+01	-22.11941726
3.41E+05	-1.99E+01	-21.03646622
3.45E+05	-1.94E+01	-19.58777421
3.49E+05	-1.94E+01	-18.50764637
3.53E+05	-1.94E+01	-18.18102531
3.57E+05	-1.98E+01	-17.05278814
3.61E+05	-2.03E+01	-16.46972715
3.65E+05	-2.09E+01	-16.37826449
3.69E+05	-2.14E+01	-16.05648355
3.73E+05	-2.15E+01	-15.99197907
3.77E+05	-2.21E+01	-16.14206314
3.81E+05	-2.31E+01	-16.2650638
3.85E+05	-2.32E+01	-16.71834387
3.89E+05	-2.37E+01	-17.32920676
3.94E+05	-2.37E+01	-17.41560718
3.98E+05	-2.41E+01	-18.3928553
4.02E+05	-2.42E+01	-18.47555328
4.07E+05	-2.42E+01	-18.96887191
4.11E+05	-2.44E+01	-19.03864681
4.16E+05	-2.44E+01	-19.37609459
4.21E+05	-2.43E+01	-19.44859522
4.25E+05	-2.42E+01	-19.6
4.30E+05	-2.42E+01	-19.52887449
4.35E+05	-2.41E+01	-19.465138
4.39E+05	-2.39E+01	-19.12647041
4.44E+05	-2.39E+01	-19.05603547
4.49E+05	-2.36E+01	-18.6092794
4.54E+05	-2.36E+01	-18.50454805
4.59E+05	-2.33E+01	-18.00973246
4.64E+05	-2.34E+01	-17.94392556
4.69E+05	-2.34E+01	-17.42762459
4.74E+05	-2.39E+01	-16.8966685
4.80E+05	-2.43E+01	-16.61702126
4.85E+05	-2.49E+01	-16.6
4.90E+05	-2.61E+01	-16.61709647
4.96E+05	-2.65E+01	-17.01390559
5.01E+05	-2.77E+01	-17.58127664
5.07E+05	-2.82E+01	-17.62871654
5.12E+05	-2.87E+01	-18.75509667
5.18E+05	-2.96E+01	-19.65787981
5.24E+05	-3.07E+01	-20.70132236
5.29E+05	-3.18E+01	-21.6568809
5.35E+05	-3.28E+01	-22.20977266
5.41E+05	-3.43E+01	-23.56609469
5.47E+05	-3.56E+01	-24.5152089
5.53E+05	-3.74E+01	-25.92478204
5.59E+05	-3.96E+01	-26.97331887
5.65E+05	-4.17E+01	-27.48508886
5.72E+05	-4.22E+01	-28.03333498
5.78E+05	-4.20E+01	-28.55076779
5.84E+05	-3.98E+01	-28.50682827
5.91E+05	-3.74E+01	-28.41891941
5.97E+05	-3.42E+01	-27.82971963
6.04E+05	-3.21E+01	-27.38236179
6.11E+05	-3.12E+01	-25.93103445
6.17E+05	-2.98E+01	-24.40858
6.24E+05	-2.83E+01	-22.91153233
6.31E+05	-2.69E+01	-22.04360167
6.38E+05	-2.60E+01	-21.4913664
6.45E+05	-2.54E+01	-19.59466771
6.52E+05	-2.43E+01	-18.6042922
6.59E+05	-2.37E+01	-18.01846317
6.67E+05	-2.37E+01	-17.97571901
6.74E+05	-2.31E+01	-17.55725434
6.81E+05	-2.26E+01	-17.48820115
6.89E+05	-2.26E+01	-17.4
6.96E+05	-2.22E+01	-17.44337662
7.04E+05	-2.21E+01	-17.5
7.12E+05	-2.18E+01	-17.31675293
7.20E+05	-2.18E+01	-17.22285577
7.28E+05	-2.17E+01	-16.82067415
7.36E+05	-2.18E+01	-16.75284509
7.44E+05	-2.18E+01	-16.69587879
7.52E+05	-2.24E+01	-16.33254365
7.60E+05	-2.29E+01	-16.3
7.69E+05	-2.34E+01	-16.6350156
7.77E+05	-2.46E+01	-17.19012856
7.86E+05	-2.55E+01	-18.25003155
7.94E+05	-2.65E+01	-19.26717653
8.03E+05	-2.69E+01	-20.13714168
8.12E+05	-2.75E+01	-21.41204779
8.21E+05	-2.81E+01	-24.74343361
8.30E+05	-2.81E+01	-28.42329477
8.39E+05	-2.77E+01	-32.86324381
8.48E+05	-2.77E+01	-36.06571018
8.58E+05	-2.66E+01	-36.47173502
8.67E+05	-2.61E+01	-36.00912096
8.77E+05	-2.56E+01	-35.39498497
8.86E+05	-2.50E+01	-33.31344858
8.96E+05	-2.34E+01	-29.83010039
9.06E+05	-2.29E+01	-26.90917467
9.16E+05	-2.18E+01	-24.10391813
9.26E+05	-2.12E+01	-21.16780922
9.36E+05	-2.08E+01	-17.73168353
9.47E+05	-2.03E+01	-16.48840868
9.57E+05	-1.97E+01	-16.03111782
9.68E+05	-1.91E+01	-15.93260153
9.78E+05	-1.86E+01	-15.44364397
9.89E+05	-1.82E+01	-15.37619003
1.00E+06	-1.82E+01	-15.2
1.01E+06	-1.82E+01	-15.2
1.02E+06	-1.85E+01	-15.35440378
1.03E+06	-1.91E+01	-15.47120523
1.04E+06	-2.06E+01	-15.67466213
1.05E+06	-2.03E+01	-15.50555162
1.06E+06	-2.18E+01	-16.0526018
1.07E+06	-2.25E+01	-16.69479956
1.08E+06	-2.35E+01	-18.17987182
1.09E+06	-2.45E+01	-21.87835192
1.10E+06	-2.46E+01	-23.7424853
1.11E+06	-2.41E+01	-25.26539249
1.12E+06	-2.44E+01	-24.90456478
1.13E+06	-2.38E+01	-26.8
1.14E+06	-2.31E+01	-26.76295233
1.15E+06	-2.21E+01	-26.52169563
1.16E+06	-2.07E+01	-25.50121429
1.17E+06	-2.00E+01	-24.44400367
1.18E+06	-1.85E+01	-22.96707946
1.19E+06	-1.68E+01	-21.50461732
1.20E+06	-1.54E+01	-18.57763413
1.21E+06	-1.48E+01	-17.1688568
1.22E+06	-1.41E+01	-15.76325636
1.23E+06	-1.34E+01	-14.66085861
1.24E+06	-1.29E+01	-12.82126717
1.25E+06	-1.27E+01	-12.5
1.26E+06	-1.27E+01	-12.65671434
1.27E+06	-1.28E+01	-12.86213662
1.28E+06	-1.29E+01	-13.15162907
1.30E+06	-1.31E+01	-13.43860008
1.31E+06	-1.36E+01	-14.36403887
1.32E+06	-1.39E+01	-15.03986088
1.33E+06	-1.44E+01	-16.08417879
1.34E+06	-1.45E+01	-16.68114341
1.35E+06	-1.45E+01	-17.34654777
1.36E+06	-1.43E+01	-18.40631727
1.37E+06	-1.30E+01	-18.7249446
1.38E+06	-1.24E+01	-17.65889646
1.39E+06	-1.13E+01	-16.99556015
1.40E+06	-9.93E+00	-15.97994359
1.42E+06	-8.54E+00	-14.87685075
1.43E+06	-7.56E+00	-13.8408954
1.44E+06	-6.57E+00	-12.79702815
1.45E+06	-4.91E+00	-11.69505468
1.46E+06	-4.65E+00	-10.60399879
1.47E+06	-4.15E+00	-10.0709803
1.49E+06	-3.99E+00	-9.390833767
1.50E+06	-3.84E+00	-9.268862853
1.51E+06	-3.80E+00	-9.185639804
1.52E+06	-3.86E+00	-9.188350946
1.54E+06	-3.99E+00	-9.300466911
1.55E+06	-4.15E+00	-9.475976629
1.56E+06	-5.30E+00	-9.655936327
1.57E+06	-5.88E+00	-9.819375016
1.59E+06	-6.11E+00	-10.46869913
1.60E+06	-6.64E+00	-11.19011524
1.61E+06	-7.46E+00	-11.36233567
1.62E+06	-7.65E+00	-11.56429861
1.64E+06	-7.84E+00	-11.71233964
1.65E+06	-8.45E+00	-11.35347474
1.66E+06	-8.54E+00	-11.163143
1.68E+06	-8.60E+00	-11.03450874
1.69E+06	-8.50E+00	-10.37145528
1.71E+06	-8.38E+00	-9.727626489
1.72E+06	-8.24E+00	-8.532879788
1.73E+06	-7.56E+00	-8.021840409
1.75E+06	-7.39E+00	-7.31827386
1.76E+06	-6.30E+00	-7.145922571
1.78E+06	-6.12E+00	-6.977164131
1.79E+06	-5.86E+00	-6.824287416
1.80E+06	-5.76E+00	-6.378507723
1.82E+06	-5.66E+00	-6.30908028
1.83E+06	-5.46E+00	-6.265589826
1.85E+06	-5.35E+00	-6.209370033
1.86E+06	-5.23E+00	-6.263734521
1.88E+06	-5.17E+00	-6.207218374
1.89E+06	-5.11E+00	-6.151488338
1.91E+06	-5.10E+00	-6.111211236
1.93E+06	-5.16E+00	-6.099729868
1.94E+06	-5.48E+00	-6.118636596
1.96E+06	-5.38E+00	-6.174696367
		
		
		
		
		
		
		
		
		
		
		
		
		
		
		
		
		
		
		
		
		
		
		
		
		
		
		
		
		
		
		
		
		
		
		
		
		
		
		
		
		
		
		
		
		
		
		
		
		
		
		
		
		
		
		
		
		
		
		
		
		
		
		
		
		
		
		
		
		
		
		
		
		
		
		
		
		
		
		
		
		
		
		
		
		
		
		
		
		
		
		
		
		
		
		
		
		
		
		
		
		
		
		
		
		
		
		
		
		
		
		
		
		
		
		
		
		
		
		
		
		
		
		
		
		
		
		
		
		
		
		
		
		
		
		
		
		
		
		
		
		
		
		
		
		
		
		
		
		
		
		
		
		
		
		
		
		
		
		
		
		
		
		
		
		
		
		
		
		
		
		
		
		
		
		
		
		
		
		
		
		
		
		
		
		
		
		
		
		
		
		
		
		
		
		
		
		
		
		
		
		
		
		
		
		
		
		
		
		
		
		
		
		
		
		
		
		
		
		
		
		
		
		
		
		
		
		
		
		
		
		
		
		
		
		
		
		
		
		
		
		
		
		
		
		
		
		
		
		
		
		
		
		
		
		
		
		
		
		
		
		
		
		
		
		
		
		
		
		
		
		
		
		
		
		
		
		
		
		
		
		
		
		
		
		
		
		
		
		
		
		
		
		
		
		
		
		
		
		
		
		
		
		
		
		
		
		
		
		
		
		
		
		
		
		
		
		
		
		
		
		
		
		
		
		
		
		
		
		
		
		
		
		
		
		
		
		
		
		
		
		
		
		
		
		
		
		
		
		
		
		
		
		
		
		
		
		
		
		
		
		
		
		
		
		
		
		
		
		
		
		
		
		
		
		
		
		
		
		
		
		
		
		
		
		
		
		
		
		
		
		
		
		
		
		
		
		
		
		
		
		
		
		
		
		
		
		
		
		
		
		
		
		
		
		
		
		
		
		
		
		
		
		
		
		
		
		
		
		
		
		
		
		
		
		
		
		
		
		
		
		
		
		
		
		
		
		
		
		
		
		
		
		
		
		
		
		
		
		
		
		
		
		
		
		
		
		
		
		
		
		
		
		
		
		
		
		
		
		
		
		
		
		
		
		
		
		
		
		
		
		
		
		
		
		
		
		
		
		
		
		
		
		
		
		
		
		
		
		
		
		
		
		
		
		
		
		
		
		
		
		
		
		
		
		
		
		
		
		
		
		
		
		
		
		
		
		
		
		
		
		
		
		
		
		
		
		
		
		
		
		
		
		
		
		
		
		
		
		
		
		
		
		
		
		
		
		
		
		
		
		
		
		
		
		
		
		
		
		
		
		
		
		
		
		
		
		
		
		
		
		
		
		
		
		
		
		
		
		
		
		
		
		
		
		
		
		
		
		
		
		
		
		
		
		
		
		
		
		
		
		
		
		
		
		
		
		
		
		
		
		
		
		
		
		
		
		
		
		
		
		
		
		
		
		
		
		
		
		
		
		
		
		
		
		
		
		
		
		
		
		
		
		
		
		
		
		
		
		
		
		
		
		
		
		
		
		
		
		
		
		
		
		
		
		
		
		
		
		
		
		
		
		
		
		
		
		
		
		
		
		
		
		
		
		
		
		
		
		
		
		
		
		
		
		
		
		
		
		
		
		
		
		
		
		
		
		
		
		
		
		
		
		
		
		
		
		
		
		
		
		
		
		
		
		
		
		
		
		
		
		
		
		
		
		
		
		
		
		
		
		
		
		
		
		
		
		
		
		
		
		
		
		
		
		
		
		
		
		
		
		
		
		
		
		
		
		
		
		
		
		
		
		
		
		
		
		
		
		
		
		
		
		
		
		
		
		
		
		
		
		
		
		
		
		
		
		
		
		
		
		
		
		
		
		
		
		
		
		
		
		
		
		
		
		
		
		
		
		
		
		
		
		
		
		
		
		
		
		
		
		
		
		
		
		
		
		
		
		
		
		
		
		
		
		
		
		
		
		
		
		
		
		
		
		
		
		
		
		
		
		
		
		
		
		
		
		
		
		
		
		
		
		
		
		
		
		
		
		
		
		
		
		
		
		
		
		
		
		
		
		
		
		
		
		
		
		
		
		
		
		
		
		
		
		
		
		
		
		
		
