   7.3564225e+03  -1.1985078e+01  -1.1944294e+01
   7.4375273e+03  -1.2045058e+01  -1.2203788e+01
   7.5195262e+03  -1.2402394e+01  -1.2504780e+01
   7.6024291e+03  -1.2744182e+01  -1.2859724e+01
   7.6862461e+03  -1.3052880e+01  -1.3211610e+01
   7.7709871e+03  -1.3376154e+01  -1.3526244e+01
   7.8566625e+03  -1.3174737e+01  -1.3332287e+01
   7.9432823e+03  -1.3485276e+01  -1.3633424e+01
   8.0308572e+03  -1.3782195e+01  -1.3930343e+01
   8.1193976e+03  -1.4128494e+01  -1.4221417e+01
   8.2089142e+03  -1.4489475e+01  -1.4504485e+01
   8.2994176e+03  -1.4845134e+01  -1.4792224e+01
   8.3909189e+03  -1.5129745e+01  -1.5127732e+01
   8.4834290e+03  -1.5411194e+01  -1.5453522e+01
   8.5769590e+03  -1.5695656e+01  -1.5754547e+01
   8.6715202e+03  -1.5473349e+01  -1.6091449e+01
   8.7671239e+03  -1.5760026e+01  -1.6363201e+01
   8.8637816e+03  -1.6028474e+01  -1.6639612e+01
   8.9615050e+03  -1.6293581e+01  -1.6418380e+01
   9.0603058e+03  -1.7133187e+01  -1.7243142e+01
   9.1601959e+03  -1.6945319e+01  -1.7492487e+01
   9.2611873e+03  -1.7258967e+01  -1.7745739e+01
   9.3632921e+03  -1.7561327e+01  -1.7997113e+01
   9.4665226e+03  -1.7890067e+01  -1.8281602e+01
   9.5708912e+03  -1.8192939e+01  -1.8607667e+01
   9.6764105e+03  -1.8468064e+01  -1.8911377e+01
   9.7830932e+03  -1.8765871e+01  -1.9169641e+01
   9.8909520e+03  -1.8999208e+01  -1.9475398e+01
   1.0000000e+04  -1.9225634e+01  -1.9698297e+01
   1.0110250e+04  -1.9508983e+01  -1.9920267e+01
   1.0221716e+04  -1.9818364e+01  -2.0140163e+01
   1.0334411e+04  -2.0074762e+01  -2.0423797e+01
   1.0448348e+04  -2.0289047e+01  -2.0727367e+01
   1.0563541e+04  -2.1060240e+01  -2.0963750e+01
   1.0680004e+04  -2.1266605e+01  -2.1243605e+01
   1.0797752e+04  -2.1520635e+01  -2.2020459e+01
   1.0916797e+04  -2.1751874e+01  -2.2217483e+01
   1.1037155e+04  -2.2023016e+01  -2.2411640e+01
   1.1158840e+04  -2.2797790e+01  -2.2676727e+01
   1.1281866e+04  -2.3079991e+01  -2.3433948e+01
   1.1406249e+04  -2.3349925e+01  -2.3647364e+01
   1.1532003e+04  -2.3527168e+01  -2.3886956e+01
   1.1659144e+04  -2.3699024e+01  -2.4120829e+01
   1.1787686e+04  -2.4429414e+01  -2.4313012e+01
   1.1917646e+04  -2.4590699e+01  -2.5001225e+01
   1.2049038e+04  -2.5326688e+01  -2.5257905e+01
   1.2181879e+04  -2.5564158e+01  -2.5447437e+01
   1.2316185e+04  -2.5714596e+01  -2.6238560e+01
   1.2451971e+04  -2.5950319e+01  -2.6368308e+01
   1.2589254e+04  -2.6688953e+01  -2.6609588e+01
   1.2728051e+04  -2.6889179e+01  -2.6854715e+01
   1.2868378e+04  -2.7604181e+01  -2.7560424e+01
   1.3010252e+04  -2.7814122e+01  -2.7760522e+01
   1.3153691e+04  -2.7935932e+01  -2.8465033e+01
   1.3298710e+04  -2.8708870e+01  -2.8580715e+01
   1.3445329e+04  -2.8820712e+01  -2.9361566e+01
   1.3593564e+04  -2.9583571e+01  -2.9546084e+01
   1.3743433e+04  -2.9740108e+01  -3.0204818e+01
   1.3894955e+04  -3.0448362e+01  -3.0300214e+01
   1.4048147e+04  -3.0595175e+01  -3.0957003e+01
   1.4203028e+04  -3.1292207e+01  -3.1619949e+01
   1.4359617e+04  -3.1430618e+01  -3.2063668e+01
   1.4517932e+04  -3.2104059e+01  -3.2345092e+01
   1.4677993e+04  -3.2246727e+01  -3.2516619e+01
   1.4839818e+04  -3.2542251e+01  -3.2511718e+01
   1.5003427e+04  -3.2853333e+01  -3.2506763e+01
   1.5168840e+04  -3.2698937e+01  -3.2501753e+01
   1.5336077e+04  -3.3083362e+01  -3.2565781e+01
   1.5505158e+04  -3.2443581e+01  -3.1998937e+01
   1.5676103e+04  -3.2326505e+01  -3.1459773e+01
   1.5848932e+04  -3.1749457e+01  -3.1297076e+01
   1.6023667e+04  -3.1017389e+01  -3.0575590e+01
   1.6200328e+04  -3.0371414e+01  -3.0471123e+01
   1.6378937e+04  -3.0269082e+01  -2.9778531e+01
   1.6559515e+04  -2.9573428e+01  -2.9634299e+01
   1.6742084e+04  -2.9502632e+01  -2.9047606e+01
   1.6926666e+04  -2.8853704e+01  -2.8291072e+01
   1.7113283e+04  -2.8211350e+01  -2.8163083e+01
   1.7301957e+04  -2.8043726e+01  -2.7547888e+01
   1.7492712e+04  -2.7481708e+01  -2.7428685e+01
   1.7685569e+04  -2.7200867e+01  -2.6813157e+01
   1.7880553e+04  -2.6626803e+01  -2.6143461e+01
   1.8077687e+04  -2.6042015e+01  -2.5562193e+01
   1.8276994e+04  -2.5414449e+01  -2.4936498e+01
   1.8478498e+04  -2.4814508e+01  -2.4841040e+01
   1.8682224e+04  -2.4207008e+01  -2.4233683e+01
   1.8888196e+04  -2.3637186e+01  -2.3608842e+01
   1.9096439e+04  -2.3050787e+01  -2.2966131e+01
   1.9306977e+04  -2.2975860e+01  -2.2400247e+01
   1.9519837e+04  -2.2413893e+01  -2.1838697e+01
   1.9735044e+04  -2.1361245e+01  -2.1774326e+01
   1.9952623e+04  -2.1238221e+01  -2.1153565e+01
   2.0172601e+04  -2.0657960e+01  -2.0609872e+01
   2.0395005e+04  -2.0063944e+01  -1.9963899e+01
   2.0619860e+04  -1.9521135e+01  -1.9429840e+01
   2.0847195e+04  -1.8994736e+01  -1.8910089e+01
   2.1077035e+04  -1.8466521e+01  -1.8339308e+01
   2.1309410e+04  -1.7395975e+01  -1.7824759e+01
   2.1544347e+04  -1.6879725e+01  -1.6887661e+01
   2.1781874e+04  -1.6411339e+01  -1.6615799e+01
   2.2022019e+04  -1.5193476e+01  -1.6284011e+01
   2.2264813e+04  -1.5353310e+01  -1.5786751e+01
   2.2510283e+04  -1.5779895e+01  -1.5916753e+01
   2.2758459e+04  -1.6010102e+01  -1.6131465e+01
   2.3009372e+04  -1.6218431e+01  -1.6629866e+01
   2.3263051e+04  -1.6812984e+01  -1.7538394e+01
   2.3519526e+04  -1.7462893e+01  -1.8533394e+01
   2.3778830e+04  -1.8050342e+01  -1.8852863e+01
   2.4040992e+04  -1.8128711e+01  -1.9830038e+01
   2.4306044e+04  -1.8819633e+01  -2.0237140e+01
   2.4574019e+04  -1.9447916e+01  -2.1090442e+01
   2.4844948e+04  -1.9509139e+01  -2.2040136e+01
   2.5118864e+04  -2.0069138e+01  -2.2980467e+01
   2.5395800e+04  -2.0626144e+01  -2.3339904e+01
   2.5675790e+04  -2.1227693e+01  -2.4737389e+01
   2.5958866e+04  -2.1819034e+01  -2.5077578e+01
   2.6245063e+04  -2.2413045e+01  -2.5979414e+01
   2.6534415e+04  -2.3039763e+01  -2.6776121e+01
   2.6826958e+04  -2.3631715e+01  -2.7668648e+01
   2.7122726e+04  -2.4198110e+01  -2.8508537e+01
   2.7421754e+04  -2.4721682e+01  -2.9437817e+01
   2.7724080e+04  -2.5285256e+01  -3.0258495e+01
   2.8029739e+04  -2.5842792e+01  -3.1065395e+01
   2.8338767e+04  -2.6394226e+01  -3.2192868e+01
   2.8651203e+04  -2.6945912e+01  -3.2674396e+01
   2.8967083e+04  -2.7426954e+01  -3.2664395e+01
   2.9286446e+04  -2.7958589e+01  -3.2659082e+01
   2.9609329e+04  -2.8483602e+01  -3.1589942e+01
   2.9935773e+04  -2.9563284e+01  -3.1217853e+01
   3.0265816e+04  -3.0084898e+01  -3.0288057e+01
   3.0599497e+04  -3.0561884e+01  -2.9368815e+01
   3.0936857e+04  -3.1249363e+01  -2.8472716e+01
   3.1277937e+04  -3.1074212e+01  -2.7637275e+01
   3.1622777e+04  -3.0709319e+01  -2.7254990e+01
   3.1971418e+04  -2.9314190e+01  -2.6361304e+01
   3.2323904e+04  -2.7752415e+01  -2.5486269e+01
   3.2680276e+04  -2.6684043e+01  -2.4616207e+01
   3.3040577e+04  -2.5639091e+01  -2.3763710e+01
   3.3404850e+04  -2.4019027e+01  -2.2950244e+01
   3.3773139e+04  -2.2982981e+01  -2.2118797e+01
   3.4145489e+04  -2.1970245e+01  -2.1260752e+01
   3.4521944e+04  -2.0730697e+01  -2.0442068e+01
   3.4902549e+04  -1.9211031e+01  -1.9625956e+01
   3.5287350e+04  -1.8226743e+01  -1.8834079e+01
   3.5676394e+04  -1.6684326e+01  -1.7484144e+01
   3.6069727e+04  -1.5172183e+01  -1.6705139e+01
   3.6467397e+04  -1.4124036e+01  -1.5991932e+01
   3.6869451e+04  -1.3915807e+01  -1.5185647e+01
   3.7275937e+04  -1.3823484e+01  -1.3881500e+01
   3.7686905e+04  -1.3835412e+01  -1.3517763e+01
   3.8102404e+04  -1.3881863e+01  -1.3504618e+01
   3.8522484e+04  -1.3836845e+01  -1.3510037e+01
   3.8947195e+04  -1.3991673e+01  -1.3567535e+01
   3.9376589e+04  -1.3910665e+01  -1.3519678e+01
   3.9810717e+04  -1.4105075e+01  -1.3671799e+01
   4.0249631e+04  -1.4321858e+01  -1.3588995e+01
   4.0693384e+04  -1.4204104e+01  -1.3782071e+01
   4.1142030e+04  -1.4433057e+01  -1.4011527e+01
   4.1595622e+04  -1.4687756e+01  -1.4698186e+01
   4.2054214e+04  -1.4924208e+01  -1.5331827e+01
   4.2517863e+04  -1.5121468e+01  -1.7119257e+01
   4.2986623e+04  -1.5769222e+01  -1.8697061e+01
   4.3460552e+04  -1.6287185e+01  -2.0897286e+01
   4.3939706e+04  -1.6807169e+01  -2.2633790e+01
   4.4424142e+04  -1.7340465e+01  -2.4146538e+01
   4.4913919e+04  -1.8598598e+01  -2.6243561e+01
   4.5409096e+04  -1.9709020e+01  -2.7846612e+01
   4.5909732e+04  -2.0810832e+01  -2.9921260e+01
   4.6415888e+04  -2.1531333e+01  -3.1969957e+01
   4.6927625e+04  -2.2071494e+01  -3.3539917e+01
   4.7445003e+04  -2.2741046e+01  -3.5525919e+01
   4.7968085e+04  -2.2912646e+01  -3.7992802e+01
   4.8496934e+04  -2.3109517e+01  -3.9954132e+01
   4.9031614e+04  -2.3322120e+01  -4.1992424e+01
   4.9572189e+04  -2.3421042e+01  -4.3402375e+01
   5.0118723e+04  -2.3343358e+01  -4.2695227e+01
   5.0671283e+04  -2.3415527e+01  -3.9881596e+01
   5.1229936e+04  -2.3280228e+01  -3.7649701e+01
   5.1794747e+04  -2.3076077e+01  -3.5022780e+01
   5.2365785e+04  -2.2882290e+01  -3.2924392e+01
   5.2943119e+04  -2.2309146e+01  -3.0257898e+01
   5.3526818e+04  -2.2012681e+01  -2.7644547e+01
   5.4116953e+04  -2.2263208e+01  -2.5133564e+01
   5.4713593e+04  -2.2486835e+01  -2.2224600e+01
   5.5316812e+04  -2.3023955e+01  -2.0909686e+01
   5.5926681e+04  -2.3455875e+01  -2.0697879e+01
   5.6543274e+04  -2.4394567e+01  -2.0548998e+01
   5.7166665e+04  -2.4828600e+01  -2.0545961e+01
   5.7796929e+04  -2.5731661e+01  -2.0643744e+01
   5.8434141e+04  -2.6177193e+01  -2.0563849e+01
   5.9078379e+04  -2.7115332e+01  -2.0677429e+01
   5.9729720e+04  -2.7512981e+01  -2.0812079e+01
   6.0388241e+04  -2.8322436e+01  -2.0957384e+01
   6.1054023e+04  -2.9261606e+01  -2.1517456e+01
   6.1727145e+04  -2.9671416e+01  -2.2368509e+01
   6.2407688e+04  -3.0502150e+01  -2.3235677e+01
   6.3095734e+04  -3.1398656e+01  -2.3557386e+01
   6.3791366e+04  -3.2302298e+01  -2.4867864e+01
   6.4494668e+04  -3.2669660e+01  -2.5196115e+01
   6.5205723e+04  -3.3528260e+01  -2.6489134e+01
   6.5924618e+04  -3.4350630e+01  -2.7340404e+01
   6.6651438e+04  -3.4865181e+01  -2.8046305e+01
   6.7386272e+04  -3.5437192e+01  -2.8887484e+01
   6.8129207e+04  -3.5532788e+01  -2.9597965e+01
   6.8880333e+04  -3.6045495e+01  -3.0420113e+01
   6.9639740e+04  -3.6158613e+01  -3.1627247e+01
   7.0407520e+04  -3.6247319e+01  -3.2103561e+01
   7.1183765e+04  -3.6290605e+01  -3.2232731e+01
   7.1968567e+04  -3.6314583e+01  -3.2757632e+01
   7.2762022e+04  -3.6336441e+01  -3.2872052e+01
   7.3564225e+04  -3.6328900e+01  -3.2983652e+01
   7.4375273e+04  -3.6288666e+01  -3.3082351e+01
   7.5195262e+04  -3.6216971e+01  -3.3173032e+01
   7.6024291e+04  -3.6137264e+01  -3.3264373e+01
   7.6862461e+04  -3.6049123e+01  -3.3710563e+01
   7.7709871e+04  -3.5947523e+01  -3.3838537e+01
   7.8566625e+04  -3.5833373e+01  -3.3961622e+01
   7.9432823e+04  -3.5739071e+01  -3.4461987e+01
   8.0308572e+04  -3.5241720e+01  -3.4564461e+01
   8.1193976e+04  -3.4740824e+01  -3.4679172e+01
   8.2089142e+04  -3.4663959e+01  -3.4752287e+01
   8.2994176e+04  -3.4174728e+01  -3.4701581e+01
   8.3909189e+04  -3.3665629e+01  -3.4648261e+01
   8.4834290e+04  -3.3564156e+01  -3.4641790e+01
   8.5769590e+04  -3.3455680e+01  -3.4688409e+01
   8.6715202e+04  -3.3321112e+01  -3.5091854e+01
   8.7671239e+04  -3.3329613e+01  -3.5938465e+01
   8.8637816e+04  -3.3338308e+01  -3.6006238e+01
   8.9615050e+04  -3.3343915e+01  -3.6387428e+01
   9.0603058e+04  -3.3341550e+01  -3.6443654e+01
   9.1601959e+04  -3.3171261e+01  -3.6474570e+01
   9.2611873e+04  -3.3090501e+01  -3.6248471e+01
   9.3632921e+04  -3.3013332e+01  -3.6170572e+01
   9.4665226e+04  -3.2645978e+01  -3.5765530e+01
   9.5708912e+04  -3.2200908e+01  -3.4957570e+01
   9.6764105e+04  -3.2174362e+01  -3.3682450e+01
   9.7830932e+04  -3.0996819e+01  -3.1959213e+01
   9.8909520e+04  -2.9861888e+01  -3.0264310e+01
   1.0000000e+05  -2.9266412e+01  -2.8598685e+01
   1.0110250e+05  -2.8204344e+01  -2.6963816e+01
   1.0221716e+05  -2.7133564e+01  -2.4762934e+01
   1.0334411e+05  -2.6096857e+01  -2.3155654e+01
   1.0448348e+05  -2.4564153e+01  -2.1823657e+01
   1.0563541e+05  -2.4299996e+01  -2.1465025e+01
   1.0680004e+05  -2.4277939e+01  -2.1411591e+01
   1.0797752e+05  -2.4429446e+01  -2.1224967e+01
   1.0916797e+05  -2.4473188e+01  -2.1223189e+01
   1.1037155e+05  -2.5264565e+01  -2.1436149e+01
   1.1158840e+05  -2.6022347e+01  -2.1853266e+01
   1.1281866e+05  -2.7290466e+01  -2.2170127e+01
   1.1406249e+05  -2.8739869e+01  -2.2207459e+01
   1.1532003e+05  -2.9976213e+01  -2.2300411e+01
   1.1659144e+05  -3.1157281e+01  -2.2114753e+01
   1.1787686e+05  -3.1855533e+01  -2.2084733e+01
   1.1917646e+05  -3.1957860e+01  -2.1803065e+01
   1.2049038e+05  -3.1936676e+01  -2.1488582e+01
   1.2181879e+05  -3.1634508e+01  -2.0753103e+01
   1.2316185e+05  -3.0933456e+01  -2.0423994e+01
   1.2451971e+05  -2.9914092e+01  -2.0134432e+01
   1.2589254e+05  -2.9245980e+01  -2.0128465e+01
   1.2728051e+05  -2.8533389e+01  -2.0141144e+01
   1.2868378e+05  -2.8266352e+01  -2.0758301e+01
   1.3010252e+05  -2.8005480e+01  -2.1062973e+01
   1.3153691e+05  -2.7722309e+01  -2.1727401e+01
   1.3298710e+05  -2.7460645e+01  -2.2875701e+01
   1.3445329e+05  -2.7210501e+01  -2.3464008e+01
   1.3593564e+05  -2.6921648e+01  -2.4552179e+01
   1.3743433e+05  -2.6669667e+01  -2.4602294e+01
   1.3894955e+05  -2.6402602e+01  -2.4364021e+01
   1.4048147e+05  -2.6140515e+01  -2.3252941e+01
   1.4203028e+05  -2.5077886e+01  -2.2614559e+01
   1.4359617e+05  -2.4416346e+01  -2.2344543e+01
   1.4517932e+05  -2.3776744e+01  -2.1715152e+01
   1.4677993e+05  -2.3106507e+01  -2.1504134e+01
   1.4839818e+05  -2.2839718e+01  -2.1428571e+01
   1.5003427e+05  -2.2293244e+01  -2.1423496e+01
   1.5168840e+05  -2.2156168e+01  -2.1407407e+01
   1.5336077e+05  -2.2099759e+01  -2.1407407e+01
   1.5505158e+05  -2.2095238e+01  -2.1478438e+01
   1.5676103e+05  -2.2099766e+01  -2.1646304e+01
   1.5848932e+05  -2.2116402e+01  -2.1789670e+01
   1.6023667e+05  -2.2087152e+01  -2.1888115e+01
   1.6200328e+05  -2.1744202e+01  -2.1750866e+01
   1.6378937e+05  -2.1576274e+01  -2.1591513e+01
   1.6559515e+05  -2.1402855e+01  -2.1186274e+01
   1.6742084e+05  -2.0924699e+01  -2.0987139e+01
   1.6926666e+05  -2.0451184e+01  -2.0561091e+01
   1.7113283e+05  -2.0249800e+01  -2.0358199e+01
   1.7301957e+05  -1.9728142e+01  -1.9866405e+01
   1.7492712e+05  -1.9175932e+01  -1.9273930e+01
   1.7685569e+05  -1.8695901e+01  -1.8796770e+01
   1.7880553e+05  -1.8151318e+01  -1.8279938e+01
   1.8077687e+05  -1.7646588e+01  -1.7758665e+01
   1.8276994e+05  -1.6755556e+01  -1.6529440e+01
   1.8478498e+05  -1.5825999e+01  -1.6036118e+01
   1.8682224e+05  -1.5320252e+01  -1.5501448e+01
   1.8888196e+05  -1.4887445e+01  -1.4815826e+01
   1.9096439e+05  -1.4974199e+01  -1.4920268e+01
   1.9306977e+05  -1.5446736e+01  -1.5722741e+01
   1.9519837e+05  -1.6354291e+01  -1.6631812e+01
   1.9735044e+05  -1.6547171e+01  -1.7529823e+01
   1.9952623e+05  -1.6186396e+01  -1.7918648e+01
   2.0172601e+05  -1.5795672e+01  -1.7916860e+01
   2.0395005e+05  -1.5443732e+01  -1.7474594e+01
   2.0619860e+05  -1.5073639e+01  -1.6619983e+01
   2.0847195e+05  -1.4776267e+01  -1.5798225e+01
   2.1077035e+05  -1.4740695e+01  -1.5388292e+01
   2.1309410e+05  -1.4792926e+01  -1.5066526e+01
   2.1544347e+05  -1.5052423e+01  -1.5094751e+01
   2.1781874e+05  -1.5597704e+01  -1.5422043e+01
   2.2022019e+05  -1.5914912e+01  -1.6083792e+01
   2.2264813e+05  -1.6252174e+01  -1.7613462e+01
   2.2510283e+05  -1.6916245e+01  -2.0452938e+01
   2.2758459e+05  -1.7663851e+01  -2.2573169e+01
   2.3009372e+05  -1.9209784e+01  -2.4678951e+01
   2.3263051e+05  -2.0548959e+01  -2.6172179e+01
   2.3519526e+05  -2.3006441e+01  -2.7645894e+01
   2.3778830e+05  -2.5201114e+01  -2.8286428e+01
   2.4040992e+05  -2.6549625e+01  -2.8847289e+01
   2.4306044e+05  -2.7572363e+01  -2.9021380e+01
   2.4574019e+05  -2.7622601e+01  -2.9129497e+01
   2.4844948e+05  -2.7558312e+01  -2.9202341e+01
   2.5118864e+05  -2.7233216e+01  -2.9074515e+01
   2.5395800e+05  -2.6680822e+01  -2.8838909e+01
   2.5675790e+05  -2.6052416e+01  -2.8627082e+01
   2.5958866e+05  -2.5415599e+01  -2.8078398e+01
   2.6245063e+05  -2.4417615e+01  -2.7578892e+01
   2.6534415e+05  -2.4226041e+01  -2.7099991e+01
   2.6826958e+05  -2.4190476e+01  -2.6756693e+01
   2.7122726e+05  -2.4190476e+01  -2.6456748e+01
   2.7421754e+05  -2.4255069e+01  -2.6340695e+01
   2.7724080e+05  -2.4455258e+01  -2.5984379e+01
   2.8029739e+05  -2.4601131e+01  -2.5670111e+01
   2.8338767e+05  -2.4761333e+01  -2.5229221e+01
   2.8651203e+05  -2.4907743e+01  -2.4841702e+01
   2.8967083e+05  -2.4953659e+01  -2.4188289e+01
   2.9286446e+05  -2.5009965e+01  -2.3281138e+01
   2.9609329e+05  -2.5522377e+01  -2.2379097e+01
   2.9935773e+05  -2.5975047e+01  -2.1523041e+01
   3.0265816e+05  -2.6846542e+01  -2.0797281e+01
   3.0599497e+05  -2.8097387e+01  -2.0785197e+01
   3.0936857e+05  -3.0763999e+01  -2.1088756e+01
   3.1277937e+05  -3.3323076e+01  -2.1703974e+01
   3.1622777e+05  -3.5788837e+01  -2.1975609e+01
   3.1971418e+05  -3.9063343e+01  -2.1879465e+01
   3.2323904e+05  -3.7253847e+01  -2.0844336e+01
   3.2680276e+05  -3.2985260e+01  -2.0100796e+01
   3.3040577e+05  -3.0583770e+01  -1.9387496e+01
   3.3404850e+05  -2.8000345e+01  -1.8381311e+01
   3.3773139e+05  -2.5528624e+01  -1.7740662e+01
   3.4145489e+05  -2.3703305e+01  -1.7544412e+01
   3.4521944e+05  -2.1468970e+01  -1.7691044e+01
   3.4902549e+05  -2.0429829e+01  -1.8206561e+01
   3.5287350e+05  -2.0114130e+01  -1.8816111e+01
   3.5676394e+05  -2.0074074e+01  -1.9246834e+01
   3.6069727e+05  -2.0127374e+01  -2.0002090e+01
   3.6467397e+05  -2.0404982e+01  -2.0518547e+01
   3.6869451e+05  -2.0497355e+01  -2.0878307e+01
   3.7275937e+05  -2.0445117e+01  -2.1027411e+01
   3.7686905e+05  -2.0313534e+01  -2.1138103e+01
   3.8102404e+05  -2.0116402e+01  -2.1267051e+01
   3.8522484e+05  -1.9947784e+01  -2.1263827e+01
   3.8947195e+05  -1.9790849e+01  -2.1206608e+01
   3.9376589e+05  -1.9497546e+01  -2.1294536e+01
   3.9810717e+05  -1.9301394e+01  -2.1204887e+01
   4.0249631e+05  -1.9059262e+01  -2.0993935e+01
   4.0693384e+05  -1.8834499e+01  -2.0716962e+01
   4.1142030e+05  -1.8437211e+01  -2.0602066e+01
   4.1595622e+05  -1.8165546e+01  -2.0518519e+01
   4.2054214e+05  -1.7899236e+01  -2.0402116e+01
   4.2517863e+05  -1.7714286e+01  -2.0541083e+01
   4.2986623e+05  -1.7714286e+01  -2.0904757e+01
   4.3460552e+05  -1.7959803e+01  -2.1262204e+01
   4.3939706e+05  -1.8104141e+01  -2.1650794e+01
   4.4424142e+05  -1.8481157e+01  -2.2031551e+01
   4.4913919e+05  -1.8864127e+01  -2.2341677e+01
   4.5409096e+05  -1.9414806e+01  -2.2494135e+01
   4.5909732e+05  -2.0214936e+01  -2.2943800e+01
   4.6415888e+05  -2.1079606e+01  -2.3418651e+01
   4.6927625e+05  -2.2063685e+01  -2.4149595e+01
   4.7445003e+05  -2.3308177e+01  -2.4906725e+01
   4.7968085e+05  -2.4189484e+01  -2.5752421e+01
   4.8496934e+05  -2.5000402e+01  -2.6497103e+01
   4.9031614e+05  -2.5578741e+01  -2.7277111e+01
   4.9572189e+05  -2.5619048e+01  -2.7937019e+01
   5.0118723e+05  -2.5560305e+01  -2.7973395e+01
   5.0671283e+05  -2.5205666e+01  -2.7746549e+01
   5.1229936e+05  -2.4587847e+01  -2.7479754e+01
   5.1794747e+05  -2.4092492e+01  -2.6830773e+01
   5.2365785e+05  -2.3788360e+01  -2.6242151e+01
   5.2943119e+05  -2.3809283e+01  -2.5319656e+01
   5.3526818e+05  -2.4312758e+01  -2.4663979e+01
   5.4116953e+05  -2.5340661e+01  -2.3849193e+01
   5.4713593e+05  -2.6738765e+01  -2.3067796e+01
   5.5316812e+05  -2.7842281e+01  -2.3047619e+01
   5.5926681e+05  -2.9200290e+01  -2.3237938e+01
   5.6543274e+05  -3.0054269e+01  -2.3671842e+01
   5.7166665e+05  -3.0430629e+01  -2.3886733e+01
   5.7796929e+05  -3.0234487e+01  -2.4140405e+01
   5.8434141e+05  -2.9690813e+01  -2.4100267e+01
   5.9078379e+05  -2.8946603e+01  -2.3939999e+01
   5.9729720e+05  -2.7970288e+01  -2.3430461e+01
   6.0388241e+05  -2.6985979e+01  -2.2478949e+01
   6.1054023e+05  -2.6408827e+01  -2.1424208e+01
   6.1727145e+05  -2.5646601e+01  -2.0667950e+01
   6.2407688e+05  -2.5190631e+01  -1.9515156e+01
   6.3095734e+05  -2.4512802e+01  -1.9248970e+01
   6.3791366e+05  -2.3725310e+01  -1.9153439e+01
   6.4494668e+05  -2.2648070e+01  -1.9266393e+01
   6.5205723e+05  -2.1888904e+01  -1.9661027e+01
   6.5924618e+05  -2.1362538e+01  -2.0136864e+01
   6.6651438e+05  -2.1238095e+01  -2.0583223e+01
   6.7386272e+05  -2.1134430e+01  -2.0879679e+01
   6.8129207e+05  -2.0921765e+01  -2.1320545e+01
   6.8880333e+05  -2.0592091e+01  -2.1449735e+01
   6.9639740e+05  -1.9975020e+01  -2.1057641e+01
   7.0407520e+05  -1.9264125e+01  -2.0603430e+01
   7.1183765e+05  -1.8440350e+01  -2.0372924e+01
   7.1968567e+05  -1.7720175e+01  -2.0105820e+01
   7.2762022e+05  -1.7132781e+01  -2.0095238e+01
   7.3564225e+05  -1.6511681e+01  -2.0140521e+01
   7.4375273e+05  -1.6190476e+01  -2.0682641e+01
   7.5195262e+05  -1.6352442e+01  -2.1352038e+01
   7.6024291e+05  -1.6652766e+01  -2.2048134e+01
   7.6862461e+05  -1.7091410e+01  -2.2155557e+01
   7.7709871e+05  -1.7686668e+01  -2.1179440e+01
   7.8566625e+05  -1.8296700e+01  -2.0529101e+01
   7.9432823e+05  -1.9271033e+01  -2.0993583e+01
   8.0308572e+05  -2.1142753e+01  -2.1404754e+01
   8.1193976e+05  -2.2722925e+01  -2.2447468e+01
   8.2089142e+05  -2.3956470e+01  -2.3138559e+01
   8.2994176e+05  -2.4000000e+01  -2.3925543e+01
   8.3909189e+05  -2.3665499e+01  -2.4778706e+01
   8.4834290e+05  -2.3099066e+01  -2.5238095e+01
   8.5769590e+05  -2.2248833e+01  -2.5613819e+01
   8.6715202e+05  -2.1631253e+01  -2.5272397e+01
   8.7671239e+05  -2.1296281e+01  -2.4565911e+01
   8.8637816e+05  -2.1253239e+01  -2.3892002e+01
   8.9615050e+05  -2.1280423e+01  -2.2936909e+01
   9.0603058e+05  -2.1238095e+01  -2.1806785e+01
   9.1601959e+05  -2.1578449e+01  -2.0689296e+01
   9.2611873e+05  -2.2065697e+01  -1.9546346e+01
   9.3632921e+05  -2.2470781e+01  -1.8538274e+01
   9.4665226e+05  -2.2539875e+01  -1.7772028e+01
   9.5708912e+05  -2.1861665e+01  -1.7018888e+01
   9.6764105e+05  -2.1022334e+01  -1.6870064e+01
   9.7830932e+05  -2.0127213e+01  -1.7202126e+01
   9.8909520e+05  -1.9637539e+01  -1.7612742e+01
