7868.097602	-5.001365001
8150.184767	-4.717444717
8432.271932	-4.433524434
8777.045134	-4.160524161
9215.847391	-3.909363909
9623.306629	-3.658203658
10030.76587	-3.396123396
10500.91114	-3.144963145
11096.42849	-2.948402948
11817.31791	-2.882882883
12506.86432	-2.97024297
13039.69563	-3.188643189
13447.15487	-3.461643462
13854.6141	-3.723723724
14324.75938	-3.974883975
14826.24767	-4.215124215
15296.39295	-4.466284466
15735.1952	-4.717444717
16173.99746	-4.97952498
16644.14274	-5.21976522
17176.97405	-5.449085449
17647.11932	-5.689325689
18023.23554	-5.94048594
18368.00874	-6.213486213
18712.78195	-6.475566476
19088.89817	-6.726726727
19496.3574	-6.988806989
19966.50268	-7.229047229
20499.33399	-7.458367458
21000.82228	-7.698607699
21502.31058	-7.938847939
22035.14189	-8.179088179
22567.9732	-8.419328419
23069.4615	-8.65956866
23539.60677	-8.8998089
24041.09506	-9.129129129
24573.92638	-9.347529348
25106.75769	-9.576849577
25608.24598	-9.817089817
26141.07729	-10.03549004
26705.25162	-10.25389025
27238.08293	-10.48321048
27802.25726	-10.7016107
28429.11763	-10.90909091
29087.32102	-11.10565111
29745.5244	-11.3022113
30341.04175	-11.50969151
30905.21608	-11.71717172
31500.73343	-11.91373191
32190.27983	-12.08845209
32911.16925	-12.24133224
33632.05867	-12.40513241
34384.29111	-12.54709255
35136.52355	-12.66721267
35857.41298	-12.80917281
36546.95938	-12.97297297
37267.8488	-13.13677314
37988.73822	-13.28965329
38678.28463	-13.44253344
39430.51707	-13.56265356
40214.09252	-13.67185367
40997.66798	-13.77013377
41812.58646	-13.85749386
42627.50494	-13.95577396
43411.08039	-14.05405405
44225.99887	-14.11957412
45072.26037	-14.17417417
45887.17884	-14.21785422
46733.44034	-14.25061425
47579.70183	-14.25061425
48425.96333	-14.23969424
49272.22482	-14.23969424
50118.48632	-14.23969424
50964.74781	-14.23969424
51811.00931	-14.23969424
52657.2708	-14.25061425
53503.5323	-14.22877423
54318.45078	-14.18509419
55164.71227	-14.13049413
56010.97377	-14.07589408
56825.89224	-13.999454
57609.4677	-13.9011739
58361.70014	-13.78105378
59145.2756	-13.66093366
59928.85106	-13.55173355
60649.74048	-13.40977341
61339.28688	-13.24597325
62028.83329	-13.06033306
62655.69365	-12.85285285
63188.52496	-12.62353262
63721.35628	-12.40513241
64379.55966	-12.21949222
65131.7921	-12.08845209
65915.36756	-11.99017199
66698.94302	-11.87005187
67451.17546	-11.74993175
68234.75092	-11.65165165
69081.01241	-11.5970516
69927.27391	-11.5970516
70773.5354	-11.66257166
71463.08181	-11.81545182
71995.91312	-12.04477204
72434.71537	-12.30685231
72873.51763	-12.55801256
73312.31989	-12.80917281
73719.77913	-13.06033306
74221.26742	-13.28965329
74785.44175	-13.4971335
75286.93004	-13.72645373
75757.07532	-13.97761398
76258.56361	-14.21785422
76728.70889	-14.44717445
77073.48209	-14.70925471
77324.22623	-14.99317499
77574.97038	-15.26617527
77763.02849	-15.55009555
77951.0866	-15.83401583
78233.17377	-16.11793612
78546.60395	-16.4018564
78954.06319	-16.66393666
79518.23752	-16.86049686
80239.12694	-16.96969697
81085.38843	-16.99153699
81931.64993	-16.94785695
82809.25444	-16.88233688
83592.8299	-16.89325689
84094.31819	-17.04613705
84345.06234	-17.2972973
84407.74838	-17.59213759
84470.43441	-17.8978979
84564.46347	-18.19273819
84627.14951	-18.48757849
84721.17856	-18.78241878
84815.20762	-19.07725908
84877.89365	-19.37209937
84940.57969	-19.66693967
85065.95176	-19.96177996
85159.98082	-20.25662026
85191.32384	-20.55146055
85285.35289	-20.84630085
85410.72496	-21.14114114
85473.411	-21.43598144
85536.09704	-21.73082173
85630.12609	-22.02566203
85724.15515	-22.32050232
85786.84118	-22.61534262
85880.87024	-22.91018291
85974.89929	-23.20502321
86037.58533	-23.4998635
86131.61439	-23.79470379
86225.64344	-24.07862408
86288.32948	-24.37346437
86382.35853	-24.66830467
86476.38759	-24.96314496
86539.07362	-25.25798526
86601.75966	-25.55282555
86727.13173	-25.84766585
86821.16079	-26.14250614
86883.84683	-26.43734644
86977.87588	-26.73218673
87071.90494	-27.02702703
87134.59097	-27.32186732
87197.27701	-27.61670762
87322.64908	-27.91154791
87416.67814	-28.20638821
87479.36417	-28.5012285
87542.05021	-28.7960688
87636.07927	-29.09090909
87698.7653	-29.38574939
87761.45134	-29.68058968
87886.82341	-29.96450996
87980.85247	-30.25935026
88043.5385	-30.55419055
88137.56756	-30.84903085
88200.2536	-31.14387114
88231.59661	-31.43871144
88701.74189	-32.00655201
89109.20113	-31.66803167
89673.37546	-31.43871144
90018.14866	-31.16571117
90582.32299	-30.93639094
90989.78223	-30.67431067
91397.24147	-30.42315042
91804.70071	-30.17199017
92212.15994	-29.90990991
92619.61918	-29.64782965
93089.76446	-29.40758941
93622.59577	-29.22194922
93810.65388	-29.26562927
94124.08406	-29.45126945
94343.48519	-29.73518974
94468.85726	-30.01911002
94688.25839	-30.3030303
94907.65952	-30.5978706
95127.06065	-30.88179088
95346.46178	-31.15479115
95565.86291	-31.43871144
95722.578	-31.72263172
95910.63611	-32.00655201
96130.03724	-32.27955228
96349.43836	-32.56347256
96537.49647	-32.85831286
96756.8976	-33.14223314
96976.29873	-33.42615343
97164.35684	-33.72099372
97352.41495	-34.01583402
97603.1591	-34.2997543
97853.90324	-34.58367458
98041.96135	-34.86759487
98230.01946	-35.15151515
98449.42059	-35.43543544
98668.82172	-35.71935572
98856.87983	-36.01419601
99044.93794	-36.2981163
99232.99605	-36.58203658
99389.71114	-36.86595687
99609.11227	-37.14987715
100173.2866	-37.37919738
100737.4609	-37.14987715
101332.9783	-36.94239694
101959.8386	-36.74583675
102586.699	-36.54927655
103119.5303	-36.33087633
103621.0186	-36.09063609
104122.5069	-35.85039585
104623.9952	-35.61015561
105156.8265	-35.39175539
105721.0008	-35.18427518
106222.4891	-34.96587497
106692.6344	-34.72563473
107225.4657	-34.4963145
107820.9831	-34.28883429
108479.1865	-34.1031941
109137.3898	-33.90663391
109764.2502	-33.6991537
110422.4536	-33.5025935
111143.343	-33.33879334
111832.8894	-33.17499317
112522.4358	-33.000273
113180.6392	-32.81463281
113901.5286	-32.65083265
114622.4181	-32.48703249
115280.6214	-32.32323232
115970.1678	-32.15943216
116722.4003	-32.02839203
117537.3188	-31.93011193
118289.5512	-31.80999181
119010.4406	-31.66803167
119731.33	-31.51515152
120452.2195	-31.37319137
121235.7949	-31.25307125
122019.3704	-31.14387114
122802.9458	-31.02375102
123586.5213	-30.92547093
124401.4398	-30.83811084
125185.0152	-30.72891073
125937.2477	-30.61971062
126752.1661	-30.53235053
127567.0846	-30.45591046
128382.0031	-30.36855037
129196.9216	-30.3030303
130043.1831	-30.23751024
130858.1016	-30.16107016
131673.02	-30.0955501
132487.9385	-30.03003003
133302.857	-29.96450996
134117.7755	-29.90990991
134964.037	-29.84438984
135778.9554	-29.75702976
136593.8739	-29.69150969
137440.1354	-29.63690964
138255.0539	-29.58230958
139101.3154	-29.52770953
139916.2339	-29.48402948
140762.4953	-29.44034944
141608.7568	-29.38574939
142423.6753	-29.33114933
143269.9368	-29.2983893
144116.1983	-29.2983893
144962.4598	-29.2983893
145808.7213	-29.2983893
146654.9828	-29.27654928
147501.2443	-29.25470925
148347.5058	-29.25470925
149193.7673	-29.24378924
150040.0288	-29.21102921
150886.2903	-29.2001092
151732.5518	-29.2001092
152578.8133	-29.23286923
153393.7317	-29.28746929
154208.6502	-29.34206934
155054.9117	-29.40758941
155869.8302	-29.45126945
156716.0917	-29.48402948
157531.0102	-29.53862954
158377.2717	-29.59322959
159192.1901	-29.64782965
160038.4516	-29.7024297
160853.3701	-29.75702976
161699.6316	-29.81162981
162514.5501	-29.88806989
163329.4685	-29.97542998
164113.044	-30.07371007
164896.6195	-30.17199017
165680.1949	-30.25935026
166463.7704	-30.35763036
167216.0028	-30.48867049
167968.2353	-30.61971062
168751.8107	-30.73983074
169504.0432	-30.85995086
170287.6186	-30.94731095
171133.8801	-30.96915097
171980.1416	-30.93639094
172795.0601	-30.85995086
173578.6355	-30.73983074
174299.525	-30.57603058
174926.3853	-30.36855037
175396.5306	-30.12831013
175741.3038	-29.86622987
176023.391	-29.59322959
176305.4781	-29.32022932
176618.9083	-29.04722905
176932.3385	-28.77422877
177277.1117	-28.5012285
177621.8849	-28.22822823
177966.6581	-27.95522796
178248.7453	-27.68222768
178562.1755	-27.3983074
178875.6056	-27.12530713
179157.6928	-26.84138684
179439.78	-26.55746656
179721.8671	-26.27354627
180003.9543	-26.000546
180348.7275	-25.72754573
180662.1577	-25.45454545
181006.9309	-25.19246519
181320.3611	-24.93038493
181633.7913	-24.64646465
181947.2214	-24.37346437
182229.3086	-24.1004641
182511.3958	-23.82746383
182793.4829	-23.55446355
183075.5701	-23.28146328
183357.6573	-23.00846301
183639.7444	-22.73546274
183921.8316	-22.46246246
184203.9188	-22.18946219
184517.3489	-21.91646192
184799.4361	-21.63254163
185081.5233	-21.34862135
185363.6104	-21.07562108
185708.3836	-20.8026208
186021.8138	-20.52962053
186335.244	-20.25662026
186648.6742	-19.98361998
186930.7614	-19.71061971
187212.8485	-19.42669943
187526.2787	-19.15369915
187839.7089	-18.88069888
188153.1391	-18.60769861
188435.2262	-18.32377832
188717.3134	-18.05077805
188999.4006	-17.76685777
189281.4877	-17.49385749
189563.5749	-17.22085722
189845.6621	-16.94785695
190127.7492	-16.67485667
190409.8364	-16.4018564
190691.9236	-16.12885613
190974.0107	-15.85585586
191256.0979	-15.58285558
191538.185	-15.30985531
191851.6152	-15.03685504
192133.7024	-14.75293475
192415.7896	-14.46901447
192760.5628	-14.1960142
193136.679	-13.94485394
193481.4522	-13.68277368
193794.8824	-13.40977341
194108.3126	-13.13677314
194453.0858	-12.87469287
194860.545	-12.62353262
195205.3182	-12.36145236
195487.4054	-12.07753208
195832.1786	-11.81545182
196396.3529	-11.65165165
197179.9283	-11.56429156
198026.1898	-11.50969151
198872.4513	-11.44417144
199656.0268	-11.34589135
200408.2592	-11.21485121
201129.1487	-11.07289107
201818.6951	-10.92001092
202508.2415	-10.76713077
203197.7879	-10.59241059
203887.3343	-10.42861043
204670.9097	-10.30849031
205485.8282	-10.24297024
206332.0897	-10.18837019
207147.0082	-10.14469014
207993.2697	-10.13377013
208839.5312	-10.17745018
209591.7636	-10.28665029
210281.31	-10.45045045
210970.8564	-10.62517063
211660.4028	-10.81081081
212318.6062	-11.00737101
212851.4375	-11.22577123
213321.5828	-11.46601147
213760.385	-11.70625171
214199.1873	-11.95741196
214637.9896	-12.20857221
215076.7918	-12.45973246
215515.5941	-12.6999727
215954.3963	-12.95113295
216424.5416	-13.19137319
216863.3439	-13.43161343
217333.4891	-13.68277368
217803.6344	-13.92301392
218242.4367	-14.17417417
218681.2389	-14.41441441
219120.0412	-14.66557467
219558.8434	-14.91673492
220028.9887	-15.15697516
220467.791	-15.40813541
220937.9362	-15.64837565
221376.7385	-15.88861589
221815.5408	-16.13977614
222285.686	-16.38001638
222724.4883	-16.63117663
223194.6336	-16.87141687
223633.4358	-17.12257712
224072.2381	-17.37373737
224542.3834	-17.61397761
224981.1856	-17.86513787
225419.9879	-18.11629812
225858.7901	-18.36745837
226422.9645	-18.5967786
227112.5109	-18.77149877
227896.0863	-18.85885886
228742.3478	-18.88069888
229588.6093	-18.86977887
230434.8708	-18.83701884
231249.7893	-18.77149877
232033.3647	-18.66229866
232785.5972	-18.52033852
233475.1436	-18.35653836
234070.6609	-18.15997816
234572.1492	-17.91973792
235073.6375	-17.67949768
235575.1258	-17.43925744
236013.9281	-17.18809719
236452.7303	-16.94785695
236954.2186	-16.71853672
237518.3929	-16.5001365
238113.9103	-16.27081627
238709.4276	-16.06333606
239336.288	-15.86677587
239963.1484	-15.68113568
240652.6948	-15.50641551
241310.8982	-15.33169533
241969.1016	-15.15697516
242689.991	-14.99317499
243410.8804	-14.84029484
244194.4559	-14.74201474
245009.3743	-14.74201474
245792.9498	-14.82937483
246545.1822	-14.98225498
247266.0717	-15.14605515
247986.9611	-15.2989353
248676.5075	-15.45181545
249397.3969	-15.6046956
250118.2863	-15.75757576
250807.8327	-15.92137592
251528.7221	-16.07425607
252249.6116	-16.23805624
252970.501	-16.39093639
253691.3904	-16.54381654
254380.9368	-16.70761671
255101.8262	-16.87141687
255791.3726	-17.03521704
256512.2621	-17.18809719
257233.1515	-17.33005733
257954.0409	-17.48293748
258674.9303	-17.63581764
259364.4767	-17.78869779
260085.3661	-17.94157794
260806.2556	-18.09445809
261527.145	-18.24733825
262216.6914	-18.4002184
262906.2378	-18.56401856
263658.4702	-18.71689872
264379.3597	-18.88069888
265100.2491	-19.03357903
265821.1385	-19.1973792
266510.6849	-19.36117936
267231.5743	-19.51405951
267952.4638	-19.67785968
268673.3532	-19.84165984
269425.5856	-19.99453999
270146.475	-20.13650014
270930.0505	-20.25662026
271744.969	-20.34398034
272528.5444	-20.44226044
273312.1199	-20.54054054
274064.3523	-20.66066066
274816.5848	-20.79170079
275600.1602	-20.91182091
276383.7357	-21.03194103
277167.3111	-21.13022113
277950.8866	-21.22850123
278734.4621	-21.32678133
279518.0375	-21.42506143
280270.27	-21.54518155
281022.5024	-21.68714169
281806.0779	-21.80726181
282589.6533	-21.91646192
283373.2288	-22.01474201
284156.8042	-22.11302211
284940.3797	-22.21130221
285723.9551	-22.32050232
286476.1876	-22.45154245
287228.42	-22.58258258
288043.3385	-22.69178269
288826.914	-22.8009828
289579.1464	-22.92110292
290300.0358	-23.06306306
291083.6113	-23.18318318
291898.5298	-23.25962326
292713.4482	-23.31422331
293528.3667	-23.37974338
294343.2852	-23.45618346
295158.2037	-23.53262353
296004.4652	-23.58722359
296819.3836	-23.64182364
297634.3021	-23.72918373
298449.2206	-23.80562381
299264.1391	-23.83838384
300079.0575	-23.83838384
300893.976	-23.87114387
301708.8945	-23.94758395
302523.813	-24.02402402
303307.3884	-24.11138411
304122.3069	-24.1987442
304937.2254	-24.28610429
305752.1439	-24.36254436
306567.0623	-24.44990445
307319.2948	-24.57002457
308008.8412	-24.73382473
308698.3876	-24.8976249
309387.934	-25.07234507
310014.7944	-25.27982528
310516.2827	-25.52006552
310955.0849	-25.76030576
311425.2302	-26.000546
311895.3755	-26.24078624
312365.5207	-26.49194649
312867.009	-26.72126672
313431.1834	-26.93966694
313995.3577	-27.15806716
314528.189	-27.38738739
315061.0203	-27.61670762
315562.5086	-27.86786787
316032.6539	-28.10810811
316502.7992	-28.34834835
317004.2874	-28.58858859
317505.7757	-28.82882883
317975.921	-29.06906907
318446.0663	-29.32022932
318916.2116	-29.57138957
319449.0429	-29.8007098
319950.5312	-30.03003003
320483.3625	-30.25935026
321078.8798	-30.48867049
321768.4262	-30.65247065
322552.0017	-30.72891073
323398.2632	-30.76167076
324244.5247	-30.79443079
325028.1001	-30.84903085
325843.0186	-30.91455091
326689.2801	-30.96915097
327504.1986	-31.05651106
328256.431	-31.17663118
328977.3205	-31.32951133
329698.2099	-31.49331149
330387.7563	-31.66803167
331045.9597	-31.85367185
331704.163	-32.03931204
332393.7094	-32.21403221
333114.5989	-32.37783238
333772.8023	-32.55255255
334431.0056	-32.72727273
335089.209	-32.91291291
335778.7554	-33.07671308
336499.6449	-33.24051324
337157.8482	-33.42615343
337816.0516	-33.61179361
338474.255	-33.7974338
339195.1444	-33.93939394
339978.7199	-33.96123396
340730.9523	-33.87387387
341451.8417	-33.72099372
342078.7021	-33.52443352
342611.5334	-33.2951133
343050.3357	-33.05487305
343489.1379	-32.8037128
343865.2542	-32.54163254
344147.3413	-32.26863227
344460.7715	-31.995632
344836.8877	-31.73355173
345244.347	-31.48239148
345589.1202	-31.20939121
345902.5504	-30.92547093
346278.6666	-30.66339066
346654.7828	-30.41223041
346968.213	-30.13923014
347281.6432	-29.86622987
347657.7594	-29.6041496
348033.8756	-29.34206934
348378.6488	-29.05814906
348692.079	-28.78514879
349068.1952	-28.53398853
349444.3114	-28.28282828
349789.0846	-28.00982801
350071.1718	-27.73682774
350415.945	-27.47474747
350823.4042	-27.21266721
351168.1774	-26.95058695
351481.6076	-26.67758668
351826.3808	-26.4045864
352233.8401	-26.14250614
352578.6133	-25.88042588
352892.0434	-25.60742561
353236.8166	-25.33442533
353644.2759	-25.07234507
353989.0491	-24.81026481
354302.4793	-24.53726454
354647.2525	-24.26426426
355054.7117	-24.002184
355399.4849	-23.74010374
355712.9151	-23.46710347
356057.6883	-23.19410319
356465.1475	-22.93202293
356809.9207	-22.66994267
357123.3509	-22.3969424
357499.4671	-22.13486213
357875.5834	-21.87278187
358189.0135	-21.5997816
358502.4437	-21.32678133
358878.5599	-21.06470106
359411.3913	-20.83538084
360069.5946	-20.64974065
360759.141	-20.48594049
361480.0305	-20.35490035
362294.9489	-20.27846028
363141.2104	-20.23478023
363987.4719	-20.2020202
364833.7334	-20.18018018
365648.6519	-20.12558013
366463.5704	-20.04914005
367247.1458	-19.95085995
368030.7213	-19.83073983
368751.6107	-19.6996997
369503.8432	-19.57957958
370256.0756	-19.45945946
371008.308	-19.32841933
371760.5405	-19.1973792
372512.7729	-19.06633907
373265.0054	-18.93529894
374017.2378	-18.79333879
374769.4702	-18.66229866
375521.7027	-18.53125853
376273.9351	-18.4002184
377026.1676	-18.26917827
377778.4	-18.13813814
378530.6324	-18.00709801
379282.8649	-17.87605788
380035.0973	-17.73409773
380787.3298	-17.6030576
381539.5622	-17.47201747
382291.7946	-17.34097734
383044.0271	-17.20993721
383796.2595	-17.07889708
384517.1489	-16.93693694
385269.3814	-16.82773683
386084.2999	-16.74037674
386930.5614	-16.66393666
387745.4798	-16.58749659
388560.3983	-16.52197652
389406.6598	-16.46737647
390221.5783	-16.39093639
391005.1537	-16.31449631
391820.0722	-16.27081627
392666.3337	-16.24897625
393512.5952	-16.23805624
394358.8567	-16.23805624
395205.1182	-16.22713623
396051.3797	-16.21621622
396897.6412	-16.21621622
397743.9027	-16.21621622
398590.1642	-16.20529621
399436.4257	-16.17253617
400282.6872	-16.16161616
401128.9487	-16.16161616
401975.2102	-16.16161616
402821.4717	-16.17253617
403667.7331	-16.18345618
404513.9946	-16.17253617
405360.2561	-16.15069615
406206.5176	-16.12885613
407052.7791	-16.11793612
407899.0406	-16.10701611
408745.3021	-16.08517609
409591.5636	-16.06333606
410437.8251	-16.06333606
411284.0866	-16.06333606
412099.0051	-16.04149604
412945.2666	-16.00873601
413791.5281	-15.98689599
414637.7896	-15.97597598
415484.0511	-15.97597598
416330.3126	-15.96505597
417145.231	-15.94321594
417991.4925	-15.92137592
418837.754	-15.91045591
419684.0155	-15.91045591
420530.277	-15.92137592
421376.5385	-15.95413595
422191.457	-15.997816
423037.7185	-16.01965602
423883.98	-16.04149604
424730.2415	-16.08517609
425545.1599	-16.17253617
426297.3924	-16.3035763
427080.9678	-16.42369642
427895.8863	-16.52197652
428679.4618	-16.62025662
429463.0372	-16.71853672
430246.6127	-16.83865684
431030.1882	-16.96969697
431813.7636	-17.07889708
432597.3391	-17.17717718
433380.9145	-17.28637729
434164.49	-17.3955774
434948.0654	-17.5047775
435762.9839	-17.6030576
436577.9024	-17.69041769
437361.4779	-17.78869779
438145.0533	-17.88697789
438928.6288	-17.98525799
439743.5472	-18.05077805
440589.8087	-18.10537811
441404.7272	-18.14905815
442250.9887	-18.15997816
443097.2502	-18.13813814
443912.1687	-18.10537811
444758.4302	-18.09445809
445604.6917	-18.08353808
446450.9532	-18.07261807
447297.2147	-18.06169806
448143.4762	-18.05077805
448989.7377	-18.03985804
449835.9992	-18.01801802
450682.2606	-17.996178
451528.5221	-17.98525799
452374.7836	-17.98525799
453221.0451	-17.98525799
454067.3066	-17.98525799
454913.5681	-17.97433797
455759.8296	-17.97433797
456606.0911	-18.00709801
457421.0096	-18.03985804
458267.2711	-18.07261807
459082.1896	-18.11629812
459897.108	-18.15997816
460743.3695	-18.18181818
461589.631	-18.21457821
462404.5495	-18.28009828
463250.811	-18.34561835
464065.7295	-18.42205842
464880.648	-18.47665848
465726.9094	-18.53125853
466573.1709	-18.5967786
467388.0894	-18.66229866
468234.3509	-18.71689872
469049.2694	-18.78241878
469864.1879	-18.83701884
470710.4494	-18.9025389
471525.3678	-18.97897898
472340.2863	-19.05541906
473186.5478	-19.0990991
474032.8093	-19.14277914
474879.0708	-19.18645919
475693.9893	-19.23013923
476540.2508	-19.26289926
477386.5123	-19.30657931
478201.4307	-19.35025935
479047.6922	-19.37209937
479893.9537	-19.36117936
480740.2152	-19.36117936
481586.4767	-19.37209937
482432.7382	-19.39393939
483278.9997	-19.42669943
484125.2612	-19.43761944
484971.5227	-19.43761944
485817.7842	-19.43761944
486664.0457	-19.43761944
487510.3072	-19.49221949
488262.5396	-19.6014196
488983.4291	-19.73245973
489704.3185	-19.86349986
490425.2079	-20.00546001
491114.7543	-20.16926017
491835.6437	-20.33306033
492525.1901	-20.47502048
493246.0795	-20.62790063
493935.626	-20.78078078
494656.5154	-20.92274092
495471.4339	-21.03194103
496286.3523	-21.13022113
497038.5848	-21.26126126
497759.4742	-21.41414141
498480.3636	-21.55610156
499201.253	-21.6980617
499984.8285	-21.82910183
500737.0609	-21.97106197
501489.2934	-22.1021021
502272.8688	-22.21130221
503087.7873	-22.28774229
503934.0488	-22.34234234
504780.3103	-22.40786241
505595.2288	-22.47338247
506441.4903	-22.50614251
507287.7518	-22.51706252
508134.0133	-22.52798253
508980.2748	-22.51706252
509826.5362	-22.51706252
510672.7977	-22.50614251
511519.0592	-22.50614251
512365.3207	-22.50614251
513211.5822	-22.48430248
514026.5007	-22.41878242
514810.0762	-22.32050232
515593.6516	-22.21130221
516345.8841	-22.09118209
517098.1165	-21.94922195
517819.0059	-21.7963418
518477.2093	-21.61070161
519072.7267	-21.4032214
519699.587	-21.20666121
520357.7904	-21.01010101
520984.6508	-20.81354081
521611.5111	-20.61698062
522301.0575	-20.43134043
522959.2609	-20.23478023
523617.4643	-20.03822004
524275.6677	-19.85257985
524933.8711	-19.66693967
525592.0745	-19.48129948
526281.6209	-19.30657931
526939.8243	-19.12093912
527629.3707	-18.94621895
528287.574	-18.76057876
528820.4054	-18.55309855
529321.8937	-18.33469833
529886.068	-18.11629812
530481.5853	-17.90881791
531077.1027	-17.7013377
531672.62	-17.49385749
532299.4804	-17.2972973
532957.6838	-17.13349713
533647.2302	-16.96969697
534368.1196	-16.81681682
535057.666	-16.67485667
535778.5554	-16.52197652
536468.1018	-16.38001638
537188.9913	-16.22713623
537909.8807	-16.08517609
538630.7701	-15.94321594
539383.0025	-15.82309582
540166.578	-15.72481572
540950.1535	-15.62653563
541765.0719	-15.56101556
542611.3334	-15.53917554
543457.5949	-15.53917554
544303.8564	-15.57193557
545118.7749	-15.6046956
545965.0364	-15.62653563
546779.9549	-15.68113568
547563.5303	-15.76849577
548315.7628	-15.88861589
549067.9952	-16.00873601
549851.5707	-16.12885613
550603.8031	-16.24897625
551356.0355	-16.36909637
552108.268	-16.5001365
552829.1574	-16.64209664
553581.3898	-16.78405678
554270.9362	-16.93693694
554897.7966	-17.13349713
555461.9709	-17.35189735
556026.1453	-17.58121758
556621.6626	-17.7996178
557185.837	-18.02893803
557718.6683	-18.25825826
558282.8426	-18.47665848
558847.0169	-18.68413868
559411.1913	-18.91345891
559975.3656	-19.14277914
560539.5399	-19.37209937
561103.7142	-19.59049959
561636.5456	-19.81981982
562200.7199	-20.04914005
562827.5803	-20.25662026
563454.4406	-20.45318045
564112.644	-20.64974065
564770.8474	-20.84630085
565397.7078	-21.04286104
566024.5681	-21.23942124
566651.4285	-21.42506143
567278.2889	-21.63254163
567873.8062	-21.84002184
568500.6666	-22.03658204
569158.87	-22.22222222
569879.7594	-22.38602239
570600.6488	-22.53890254
571321.5382	-22.68086268
572073.7707	-22.81190281
572826.0031	-22.94294294
573578.2355	-23.07398307
574330.468	-23.19410319
575082.7004	-23.32514333
575803.5898	-23.46710347
576524.4793	-23.60906361
577214.0257	-23.75102375
577966.2581	-23.88206388
578749.8336	-23.99126399
579533.409	-24.08954409
580316.9845	-24.20966421
581069.2169	-24.34070434
581821.4494	-24.49358449
582605.0248	-24.61370461
583388.6003	-24.72290472
584140.8327	-24.85394485
584830.3791	-25.00682501
585488.5825	-25.18154518
586146.7859	-25.36718537
586836.3323	-25.53098553
587588.5647	-25.65110565
588372.1402	-25.74938575
589155.7157	-25.86950587
589876.6051	-26.000546
590628.8375	-26.10974611
591443.756	-26.1971062
592290.0175	-26.27354627
593104.936	-26.34998635
593919.8544	-26.43734644
594734.7729	-26.51378651
595549.6914	-26.61206661
596301.9238	-26.72126672
597085.4993	-26.83046683
597900.4178	-26.92874693
598715.3362	-27.01610702
599530.2547	-27.1034671
600282.4872	-27.2017472
601066.0626	-27.31094731
601880.9811	-27.40922741
602695.8996	-27.48566749
603510.8181	-27.55118755
604325.7365	-27.61670762
605140.655	-27.69314769
605955.5735	-27.75866776
606770.492	-27.83510784
607585.4104	-27.92246792
608400.3289	-27.998908
609215.2474	-28.06442806
610061.5089	-28.12994813
610876.4274	-28.21730822
611691.3458	-28.3046683
612506.2643	-28.37018837
613321.1828	-28.43570844
614136.1013	-28.5012285
614982.3628	-28.55582856
615797.2812	-28.5995086
616643.5427	-28.63226863
617489.8042	-28.66502867
618336.0657	-28.70870871
619150.9842	-28.78514879
619965.9027	-28.86158886
620812.1642	-28.91618892
621627.0827	-28.95986896
622473.3441	-29.01446901
623288.2626	-29.05814906
624134.5241	-29.11274911
624949.4426	-29.16734917
625795.7041	-29.21102921
626610.6226	-29.26562927
627456.8841	-29.32022932
628271.8025	-29.37482937
629118.064	-29.40758941
629932.9825	-29.45126945
630779.244	-29.49494949
631625.5055	-29.53862954
632440.424	-29.58230958
633286.6855	-29.62598963
634101.6039	-29.68058968
634947.8654	-29.71334971
635794.1269	-29.74610975
636640.3884	-29.77886978
637486.6499	-29.82254982
638332.9114	-29.85530986
639179.1729	-29.87714988
640025.4344	-29.90990991
640840.3529	-29.94266994
641686.6144	-29.96450996
642532.8759	-29.97542998
643379.1374	-29.97542998
644225.3989	-29.99727
645071.6604	-30.03003003
645917.9219	-30.06279006
646764.1834	-30.07371007
647610.4449	-30.08463008
648456.7063	-30.0955501
649302.9678	-30.11739012
650149.2293	-30.12831013
650995.4908	-30.12831013
651841.7523	-30.12831013
652688.0138	-30.15015015
653534.2753	-30.16107016
654380.5368	-30.16107016
655226.7983	-30.16107016
656073.0598	-30.16107016
656919.3213	-30.19383019
657734.2398	-30.23751024
658580.5013	-30.27027027
659426.7628	-30.29211029
660273.0243	-30.31395031
661119.2858	-30.33579034
661965.5472	-30.34671035
662811.8087	-30.33579034
663658.0702	-30.31395031
664504.3317	-30.3030303
665350.5932	-30.31395031
666196.8547	-30.3030303
667043.1162	-30.27027027
667858.0347	-30.21567022
668672.9532	-30.15015015
669487.8717	-30.07371007
670302.7901	-29.98634999
671117.7086	-29.90990991
671932.6271	-29.83346983
672747.5456	-29.75702976
673531.121	-29.64782965
674283.3535	-29.52770953
675066.9289	-29.3966694
675850.5044	-29.28746929
676634.0798	-29.18918919
677417.6553	-29.07998908
678201.2307	-28.98170898
679016.1492	-28.91618892
679862.4107	-28.86158886
680677.3292	-28.78514879
681492.2477	-28.6977887
682338.5092	-28.64318864
683184.7707	-28.61042861
684031.0322	-28.57766858
684845.9506	-28.53398853
685692.2121	-28.51214851
686538.4736	-28.5012285
687384.7351	-28.47938848
688230.9966	-28.44662845
689077.2581	-28.41386841
689923.5196	-28.39202839
690769.7811	-28.38110838
691616.0426	-28.39202839
692462.3041	-28.4029484
693308.5656	-28.38110838
694154.8271	-28.33742834
695001.0886	-28.3046683
695847.3501	-28.29374829
696693.6116	-28.27190827
697508.53	-28.23914824
698354.7915	-28.21730822
699201.053	-28.20638821
700047.3145	-28.18454818
700893.576	-28.15178815
701708.4945	-28.11902812
702554.756	-28.0971881
703401.0175	-28.07534808
704247.279	-28.04258804
705093.5405	-28.02074802
705939.802	-28.00982801
706786.0635	-28.00982801
707632.325	-28.00982801
708478.5865	-28.00982801
709324.848	-28.00982801
710171.1094	-27.97706798
710986.0279	-27.93338793
711832.2894	-27.91154791
712678.5509	-27.91154791
713524.8124	-27.91154791
714371.0739	-27.91154791
715217.3354	-27.91154791
716063.5969	-27.9006279
716909.8584	-27.86786787
717724.7769	-27.83510784
718571.0384	-27.79142779
719385.9568	-27.73682774
720232.2183	-27.71498771
721078.4798	-27.71498771
721924.7413	-27.71498771
722771.0028	-27.7040677
723617.2643	-27.67130767
724432.1828	-27.62762763
725247.1013	-27.57302757
726093.3628	-27.50750751
726908.2812	-27.43106743
727723.1997	-27.35462735
728538.1182	-27.27818728
729321.6937	-27.17990718
730136.6121	-27.08162708
730920.1876	-26.96150696
731672.42	-26.80862681
732330.6234	-26.62298662
732988.8268	-26.42642643
733647.0302	-26.22986623
734336.5766	-26.05514606
735057.466	-25.9022659
735809.6984	-25.81490581
736624.6169	-25.76030576
737439.5354	-25.69478569
738191.7678	-25.58558559
738881.3142	-25.43270543
739570.8606	-25.26890527
740291.7501	-25.11602512
741043.9825	-24.97406497
741796.215	-24.83210483
742517.1044	-24.69014469
743237.9938	-24.53726454
743896.1972	-24.36254436
744523.0575	-24.16598417
745181.2609	-23.96942397
745839.4643	-23.76194376
746529.0107	-23.58722359
747249.9001	-23.44526345
747970.7896	-23.28146328
748628.9929	-23.08490308
749287.1963	-22.8992629
749976.7427	-22.72454272
750666.2891	-22.56074256
751387.1786	-22.38602239
752045.3819	-22.2003822
752703.5853	-22.02566203
753424.4748	-21.87278187
754114.0212	-21.70898171
754803.5676	-21.53426153
755461.7709	-21.33770134
756025.9453	-21.10838111
756590.1196	-20.88998089
757248.323	-20.7043407
757937.8694	-20.51870052
758596.0728	-20.33306033
759285.6192	-20.15834016
759975.1656	-20.00546001
760696.055	-19.88533989
761448.2874	-19.77613978
762231.8629	-19.66693967
763046.7814	-19.57957958
763861.6999	-19.48129948
764645.2753	-19.37209937
765397.5078	-19.25197925
766118.3972	-19.11001911
766870.6296	-18.96805897
767622.8621	-18.82609883
768375.0945	-18.70597871
769158.67	-18.58585859
769879.5594	-18.44389844
770569.1058	-18.28009828
771289.9952	-18.12721813
772042.2276	-17.996178
772763.1171	-17.86513787
773484.0065	-17.72317772
774236.2389	-17.59213759
775019.8144	-17.47201747
775803.3898	-17.35189735
776586.9653	-17.25361725
777401.8838	-17.17717718
778216.8023	-17.08981709
779031.7207	-17.01337701
779846.6392	-16.94785695
780692.9007	-16.89325689
781507.8192	-16.83865684
782354.0807	-16.77313677
783168.9992	-16.68577669
783983.9176	-16.62025662
784830.1791	-16.58749659
785676.4406	-16.57657658
786522.7021	-16.56565657
787368.9636	-16.54381654
788215.2251	-16.54381654
789061.4866	-16.55473655
789907.7481	-16.58749659
790754.0096	-16.60933661
791600.2711	-16.63117663
792446.5326	-16.66393666
793292.7941	-16.71853672
794107.7126	-16.80589681
794891.288	-16.92601693
795643.5205	-17.05705706
796395.7529	-17.17717718
797179.3283	-17.28637729
797962.9038	-17.40649741
798746.4793	-17.51569752
799530.0547	-17.64673765
800250.9441	-17.7996178
800940.4906	-17.96341796
801630.037	-18.11629812
802319.5834	-18.28009828
803040.4728	-18.44389844
803730.0192	-18.60769861
804419.5656	-18.77149877
805140.455	-18.93529894
805830.0014	-19.08817909
806550.8908	-19.24105924
807271.7803	-19.39393939
807961.3267	-19.55773956
808650.8731	-19.72153972
809371.7625	-19.88533989
810029.9659	-20.04914005
810688.1693	-20.21294021
811409.0587	-20.36582037
812129.9481	-20.51870052
812882.1805	-20.63882064
813665.756	-20.74802075
814449.3315	-20.86814087
815232.9069	-20.96642097
816047.8254	-21.01010101
816894.0869	-21.01010101
817740.3484	-20.999181
818586.6099	-20.98826099
819432.8714	-20.96642097
820247.7898	-20.93366093
821094.0513	-20.88998089
821908.9698	-20.82446082
822723.8883	-20.72618073
823507.4638	-20.61698062
824291.0392	-20.51870052
825074.6147	-20.40950041
825826.8471	-20.28938029
826610.4226	-20.15834016
827331.312	-20.00546001
828020.8584	-19.84165984
828710.4048	-19.67785968
829462.6372	-19.53589954
830183.5267	-19.39393939
830935.7591	-19.26289926
831719.3346	-19.15369915
832502.91	-19.04449904
833255.1425	-18.93529894
834070.0609	-18.85885886
834884.9794	-18.8042588
835731.2409	-18.77149877
836577.5024	-18.76057876
837423.7639	-18.76057876
838270.0254	-18.77149877
839116.2869	-18.77149877
839962.5484	-18.79333879
840808.8099	-18.82609883
841623.7283	-18.85885886
842469.9898	-18.89161889
843284.9083	-18.93529894
844131.1698	-19.000819
844946.0883	-19.07725908
845729.6638	-19.16461916
846513.2392	-19.25197925
847265.4717	-19.37209937
847986.3611	-19.52497952
848738.5935	-19.65601966
849522.169	-19.76521977
850337.0874	-19.84165984
851152.0059	-19.91809992
851935.5814	-20.01638002
852719.1568	-20.13650014
853502.7323	-20.24570025
854286.3078	-20.35490035
855069.8832	-20.47502048
855822.1157	-20.60606061
856574.3481	-20.72618073
857357.9236	-20.83538084
858141.499	-20.94458094
858925.0745	-21.04286104
859739.9929	-21.10838111
860586.2544	-21.16298116
861401.1729	-21.22850123
862216.0914	-21.28310128
863062.3529	-21.34862135
863877.2714	-21.39230139
864723.5329	-21.41414141
865569.7944	-21.44690145
866384.7128	-21.52334152
867168.2883	-21.62162162
868014.5498	-21.68714169
868860.8113	-21.71990172
869707.0728	-21.75266175
870521.9913	-21.7963418
871368.2528	-21.84002184
872183.1712	-21.88370188
873029.4327	-21.92738193
873875.6942	-21.97106197
874721.9557	-22.003822
875568.2172	-22.01474201
876414.4787	-22.02566203
877260.7402	-22.04750205
878075.6587	-22.09118209
878921.9202	-22.11302211
879768.1817	-22.11302211
880614.4432	-22.09118209
881429.3616	-22.05842206
882275.6231	-22.02566203
883121.8846	-22.01474201
883968.1461	-22.01474201
884814.4076	-22.01474201
885660.6691	-22.01474201
886506.9306	-22.01474201
887353.1921	-22.01474201
888199.4536	-22.01474201
889045.7151	-22.003822
889860.6336	-21.98198198
890706.8951	-21.94922195
891553.1566	-21.90554191
892368.075	-21.86186186
893214.3365	-21.81818182
894029.255	-21.76358176
894875.5165	-21.71990172
895721.778	-21.67622168
896568.0395	-21.61070161
897382.958	-21.55610156
898229.2195	-21.51242151
899044.1379	-21.45782146
899890.3994	-21.42506143
900736.6609	-21.39230139
901582.9224	-21.35954136
902429.1839	-21.33770134
903275.4454	-21.32678133
904121.7069	-21.32678133
904967.9684	-21.32678133
905814.2299	-21.3049413
906629.1484	-21.27218127
907475.4099	-21.26126126
908321.6714	-21.26126126
909167.9329	-21.27218127
910014.1944	-21.28310128
910860.4559	-21.3049413
911706.7173	-21.32678133
912552.9788	-21.32678133
913399.2403	-21.32678133
914245.5018	-21.34862135
915060.4203	-21.39230139
915906.6818	-21.42506143
916752.9433	-21.46874147
917567.8618	-21.53426153
918351.4372	-21.61070161
919166.3557	-21.68714169
920012.6172	-21.75266175
920827.5357	-21.81818182
921673.7972	-21.88370188
922488.7157	-21.94922195
923303.6341	-22.02566203
924118.5526	-22.1021021
924964.8141	-22.15670216
925779.7326	-22.22222222
926594.6511	-22.2986623
927409.5695	-22.37510238
928224.488	-22.45154245
929039.4065	-22.53890254
929854.325	-22.62626263
930669.2434	-22.7027027
931484.1619	-22.79006279
932299.0804	-22.86650287
933113.9989	-22.92110292
933928.9173	-22.97570298
934775.1788	-23.03030303
935590.0973	-23.10674311
936373.6728	-23.19410319
937188.5913	-23.27054327
938003.5097	-23.33606334
938818.4282	-23.41250341
939602.0037	-23.48894349
940416.9221	-23.55446355
941263.1836	-23.61998362
942078.1021	-23.67458367
942924.3636	-23.70734371
943739.2821	-23.75102375
944585.5436	-23.80562381
945400.4621	-23.86022386
946246.7236	-23.89298389
947092.985	-23.92574393
947939.2465	-23.92574393
948785.508	-23.9039039
949631.7695	-23.87114387
950446.688	-23.82746383
951292.9495	-23.79470379
952139.211	-23.77286377
952985.4725	-23.75102375
953831.734	-23.72918373
954677.9955	-23.70734371
955524.257	-23.67458367
956339.1755	-23.61998362
957185.437	-23.56538357
958031.6984	-23.52170352
958877.9599	-23.47802348
959692.8784	-23.42342342
960539.1399	-23.36882337
961354.0584	-23.32514333
962200.3199	-23.3033033
963046.5814	-23.27054327
963861.4999	-23.22686323
964707.7614	-23.18318318
965522.6798	-23.13950314
966368.9413	-23.10674311
967215.2028	-23.0958231
968061.4643	-23.06306306
968876.3828	-23.01938302
969722.6443	-22.96478296
970537.5628	-22.92110292
971383.8243	-22.8992629
972230.0858	-22.8992629
973076.3472	-22.8992629
973922.6087	-22.87742288
974768.8702	-22.85558286
975615.1317	-22.86650287
976461.3932	-22.88834289
977307.6547	-22.8992629
978153.9162	-22.8992629
979000.1777	-22.8992629
979846.4392	-22.91018291
980692.7007	-22.93202293
981538.9622	-22.96478296
982385.2237	-23.01938302
983200.1422	-23.06306306
984046.4037	-23.10674311
984861.3221	-23.16134316
985707.5836	-23.19410319
986553.8451	-23.20502321
987400.1066	-23.22686323
988246.3681	-23.24870325
989092.6296	-23.27054327
989938.8911	-23.29238329
990785.1526	-23.31422331
991600.0711	-23.35790336
992446.3326	-23.4015834
993292.5941	-23.44526345
994107.5126	-23.47802348
994953.774	-23.52170352
995768.6925	-23.56538357
996614.954	-23.5981436
997461.2155	-23.63090363
998307.477	-23.64182364
999153.7385	-23.61998362
