7232.178015	-11.89417989
7384.093519	-12.16931217
7444.859721	-12.45502646
7536.009024	-12.73015873
7657.541427	-13.01587302
7748.69073	-13.3015873
7870.223134	-13.57671958
7961.372436	-13.86243386
8052.521739	-14.14814815
8143.671042	-14.42328042
8234.820345	-14.70899471
8325.969647	-14.99470899
8447.502051	-15.28042328
8538.651354	-15.56613757
8660.183757	-15.84126984
8751.33306	-16.12698413
8842.482363	-16.41269841
8964.014766	-16.68783069
9055.164069	-16.97354497
9146.313372	-17.25925926
9237.462674	-17.53439153
9328.611977	-17.82010582
9419.76128	-18.10582011
9541.293683	-18.39153439
9662.826087	-18.67724868
9753.97539	-18.95238095
9875.507793	-19.23809524
9966.657096	-19.52380952
10057.8064	-19.7989418
10148.9557	-20.08465608
10240.105	-20.35978836
10361.63741	-20.64550265
10483.16981	-20.93121693
10574.31911	-21.20634921
10695.85152	-21.49206349
10787.00082	-21.77777778
10878.15012	-22.05291005
10969.29943	-22.33862434
11060.44873	-22.62433862
11181.98113	-22.8994709
11273.13043	-23.18518519
11364.27974	-23.46031746
11485.81214	-23.74603175
11576.96144	-24.03174603
11698.49385	-24.30687831
11789.64315	-24.59259259
11850.40935	-24.87830688
11971.94176	-25.15343915
12093.47416	-25.43915344
12184.62346	-25.71428571
12306.15587	-26
12366.92207	-26.28571429
12488.45447	-26.56084656
12609.98687	-26.84656085
12731.51928	-27.13227513
12822.66858	-27.41798942
12913.81788	-27.7037037
13035.35029	-27.97883598
13126.49959	-28.26455026
13217.64889	-28.55026455
13308.7982	-28.82539683
13430.3306	-29.11111111
13551.863	-29.3968254
13643.01231	-29.67195767
13734.16161	-29.95767196
13825.31091	-30.23280423
13916.46021	-30.51851852
14007.60952	-30.8042328
14098.75882	-31.07936508
14189.90812	-31.36507937
14311.44053	-31.65079365
14341.82363	-31.93650794
14372.20673	-32.24338624
14615.27153	-32.4973545
15314.08285	-32.51851852
15374.84906	-32.59259259
15496.38146	-32.24338624
15557.14766	-31.95767196
15648.29696	-31.67195767
15769.82937	-31.3968254
15891.36177	-31.11111111
16012.89418	-30.83597884
16134.42658	-30.55026455
16225.57588	-30.26455026
16347.10829	-29.98941799
16468.64069	-29.7037037
16590.17309	-29.42857143
16681.3224	-29.14285714
16772.4717	-28.85714286
16924.3872	-28.57142857
17045.91961	-28.28571429
17167.45201	-28.01058201
17258.60131	-27.72486772
17380.13372	-27.44973545
17501.66612	-27.16402116
17592.81542	-26.87830688
17714.34783	-26.6031746
17835.88023	-26.31746032
17957.41263	-26.04232804
18048.56194	-25.75661376
18139.71124	-25.47089947
18261.24364	-25.18518519
18382.77605	-24.8994709
18504.30845	-24.62433862
18625.84085	-24.33862434
18716.99016	-24.06349206
18838.52256	-23.77777778
18960.05496	-23.49206349
19081.58737	-23.21693122
19203.11977	-22.93121693
19294.26907	-22.65608466
19415.80148	-22.37037037
19506.95078	-22.08465608
19628.48318	-21.80952381
19750.01559	-21.52380952
19871.54799	-21.24867725
19993.08039	-20.96296296
20084.2297	-20.68783069
20205.7621	-20.4021164
20327.2945	-20.11640212
20479.21001	-19.84126984
20570.35931	-19.55555556
20661.50861	-19.28042328
20783.04102	-18.99470899
20874.19032	-18.70899471
20995.72272	-18.43386243
21117.25513	-18.14814815
21208.40443	-17.87301587
21329.93683	-17.58730159
21421.08614	-17.3015873
21481.85234	-17.02645503
21603.38474	-16.74074074
21876.83265	-16.38095238
22059.13126	-15.9047619
22332.57916	-15.42857143
22454.11157	-15.71428571
22666.79327	-15.98941799
22849.09188	-16.27513228
22940.24118	-16.56084656
23031.39048	-16.84656085
23122.53979	-17.12169312
23213.68909	-17.40740741
23304.83839	-17.69312169
23426.3708	-17.96825397
23517.5201	-18.25396825
23608.6694	-18.53968254
23699.8187	-18.81481481
23790.96801	-19.1005291
23912.50041	-19.38624339
24003.64971	-19.66137566
24094.79902	-19.94708995
24216.33142	-20.23280423
24307.48072	-20.50793651
24398.63002	-20.79365079
24489.77933	-21.06878307
24580.92863	-21.35449735
24672.07793	-21.64021164
24793.61034	-21.91534392
24884.75964	-22.2010582
25006.29204	-22.48677249
25097.44135	-22.76190476
25188.59065	-23.04761905
25310.12305	-23.32275132
25401.27235	-23.60846561
25492.42166	-23.89417989
25583.57096	-24.16931217
25674.72026	-24.45502646
25765.86957	-24.74074074
25887.40197	-25.01587302
25978.55127	-25.3015873
26100.08368	-25.58730159
26191.23298	-25.86243386
26282.38228	-26.14814815
26373.53158	-26.43386243
26464.68089	-26.70899471
26555.83019	-26.99470899
26677.36259	-27.28042328
26768.51189	-27.56613757
26859.6612	-27.85185185
26950.8105	-28.12698413
27041.9598	-28.41269841
27163.49221	-28.6984127
27254.64151	-28.97354497
27376.17391	-29.25925926
27497.70632	-29.54497354
27588.85562	-29.83068783
27680.00492	-30.11640212
27771.15422	-30.39153439
27862.30353	-30.67724868
27953.45283	-30.96296296
28074.98523	-31.23809524
28166.13454	-31.52380952
28257.28384	-31.80952381
28318.05004	-32.0952381
28348.43314	-32.4021164
28561.11485	-32.65608466
29229.54307	-32.67724868
29290.30927	-32.39153439
29442.22477	-32.11640212
29594.14028	-31.83068783
29715.67268	-31.55555556
29837.20509	-31.26984127
29958.73749	-30.99470899
30080.26989	-30.70899471
30201.8023	-30.42328042
30323.3347	-30.13756614
30444.8671	-29.85185185
30566.39951	-29.57671958
30687.93191	-29.29100529
30809.46432	-29.01587302
30930.99672	-28.73015873
31022.14602	-28.45502646
31143.67842	-28.16931217
31265.21083	-27.88359788
31386.74323	-27.60846561
31508.27564	-27.32275132
31660.19114	-27.04761905
31781.72354	-26.76190476
31903.25595	-26.48677249
32024.78835	-26.2010582
32146.32075	-25.92592593
32267.85316	-25.64021164
32389.38556	-25.35449735
32510.91797	-25.06878307
32632.45037	-24.78306878
32753.98277	-24.50793651
32875.51518	-24.22222222
32997.04758	-23.94708995
33118.57998	-23.66137566
33240.11239	-23.38624339
33361.64479	-23.1005291
33452.79409	-22.81481481
33574.3265	-22.53968254
33695.8589	-22.25396825
33847.77441	-21.97883598
33969.30681	-21.69312169
34090.83921	-21.41798942
34212.37162	-21.13227513
34333.90402	-20.85714286
34455.43642	-20.57142857
34576.96883	-20.28571429
34698.50123	-20
34820.03363	-19.71428571
34941.56604	-19.43915344
35063.09844	-19.15343915
35184.63084	-18.87830688
35306.16325	-18.59259259
35427.69565	-18.31746032
35549.22806	-18.03174603
35670.76046	-17.75661376
35792.29286	-17.47089947
35913.82527	-17.18518519
36035.35767	-16.91005291
36156.89007	-16.62433862
36278.42248	-16.34920635
36399.95488	-16.06349206
36491.10418	-15.78835979
36612.63659	-15.5026455
36734.16899	-15.21693122
36886.0845	-14.93121693
37007.6169	-14.64550265
37098.7662	-14.37037037
37220.29861	-14.08465608
37432.98031	-13.80952381
37615.27892	-13.53439153
37949.49303	-13.51322751
38769.83675	-13.5026455
39529.41427	-13.58730159
40258.6087	-13.72486772
40866.27071	-13.92592593
41291.63413	-14.16931217
41595.46514	-14.43386243
41777.76374	-14.6984127
41868.91304	-14.98412698
41960.06235	-15.26984127
42081.59475	-15.54497354
42172.74405	-15.83068783
42233.51025	-16.11640212
42324.65956	-16.39153439
42415.80886	-16.67724868
42476.57506	-16.96296296
42567.72436	-17.24867725
42628.49057	-17.53439153
42689.25677	-17.82010582
42780.40607	-18.10582011
42901.93847	-18.38095238
42932.32158	-18.66666667
42993.08778	-18.95238095
43084.23708	-19.23809524
43175.38638	-19.52380952
43236.15258	-19.80952381
43327.30189	-20.0952381
43418.45119	-20.38095238
43448.83429	-20.66666667
43509.60049	-20.95238095
43631.1329	-21.22751323
43722.2822	-21.51322751
43783.0484	-21.7989418
43843.8146	-22.08465608
43934.9639	-22.37037037
43995.73011	-22.65608466
44056.49631	-22.94179894
44147.64561	-23.22751323
44238.79491	-23.51322751
44269.17801	-23.7989418
44329.94422	-24.08465608
44451.47662	-24.35978836
44542.62592	-24.64550265
44603.39212	-24.93121693
44664.15833	-25.21693122
44755.30763	-25.5026455
44816.07383	-25.78835979
44876.84003	-26.07407407
44967.98934	-26.35978836
45059.13864	-26.64550265
45089.52174	-26.93121693
45150.28794	-27.21693122
45271.82034	-27.49206349
45362.96965	-27.77777778
45423.73585	-28.06349206
45484.50205	-28.34920635
45575.65135	-28.63492063
45636.41756	-28.92063492
45697.18376	-29.20634921
45788.33306	-29.49206349
45879.48236	-29.77777778
45940.24856	-30.06349206
46031.39787	-30.34920635
46122.54717	-30.63492063
46183.31337	-30.92063492
46213.69647	-31.20634921
46304.84578	-31.49206349
46395.99508	-31.77777778
46456.76128	-32.06349206
46517.52748	-32.34920635
46608.67678	-32.63492063
46699.82609	-32.92063492
46760.59229	-33.20634921
46851.74159	-33.49206349
46942.89089	-33.77777778
47003.6571	-34.06349206
47034.0402	-34.34920635
47125.1895	-34.63492063
47216.3388	-34.92063492
47277.105	-35.20634921
47337.87121	-35.49206349
47459.40361	-35.77777778
47550.55291	-36.06349206
47580.93601	-36.34920635
47641.70221	-36.63492063
47763.23462	-36.92063492
47824.00082	-37.20634921
47854.38392	-37.49206349
47945.53322	-37.77777778
48036.68253	-38.06349206
48097.44873	-38.34920635
48158.21493	-38.63492063
48279.74733	-38.92063492
48370.89664	-39.20634921
48401.27974	-39.49206349
48462.04594	-39.77777778
48553.19524	-40.06349206
48644.34454	-40.34920635
48705.11075	-40.63492063
48796.26005	-40.92063492
48887.40935	-41.20634921
48948.17555	-41.49206349
49008.94176	-41.77777778
49100.09106	-42.06349206
49160.85726	-42.34920635
49191.24036	-42.63492063
49312.77276	-42.92063492
49555.83757	-43.18518519
49707.75308	-43.42857143
50011.58409	-42.97354497
50224.26579	-42.41269841
50254.64889	-42.11640212
50315.41509	-41.83068783
50345.7982	-41.54497354
50436.9475	-41.25925926
50528.0968	-40.97354497
50588.863	-40.68783069
50588.863	-40.4021164
50649.6292	-40.11640212
50771.16161	-39.83068783
50831.92781	-39.54497354
50862.31091	-39.25925926
50923.07711	-38.97354497
51044.60952	-38.68783069
51105.37572	-38.4021164
51135.75882	-38.11640212
51196.52502	-37.83068783
51287.67432	-37.54497354
51378.82363	-37.25925926
51409.20673	-36.97354497
51439.58983	-36.68783069
51530.73913	-36.4021164
51621.88843	-36.11640212
51682.65463	-35.83068783
51713.03774	-35.54497354
51773.80394	-35.25925926
51895.33634	-34.97354497
51956.10254	-34.68783069
51956.10254	-34.4021164
52016.86874	-34.11640212
52138.40115	-33.83068783
52199.16735	-33.54497354
52229.55045	-33.25925926
52290.31665	-32.97354497
52381.46596	-32.68783069
52472.61526	-32.4021164
52502.99836	-32.11640212
52563.76456	-31.83068783
52654.91386	-31.54497354
52746.06317	-31.25925926
52776.44627	-30.97354497
52806.82937	-30.68783069
52897.97867	-30.4021164
52989.12797	-30.11640212
53049.89418	-29.83068783
53080.27728	-29.54497354
53141.04348	-29.25925926
53262.57588	-28.97354497
53323.34208	-28.68783069
53323.34208	-28.4021164
53384.10829	-28.11640212
53505.64069	-27.83068783
53566.40689	-27.54497354
53596.78999	-27.25925926
53657.55619	-26.97354497
53748.7055	-26.68783069
53839.8548	-26.4021164
53870.2379	-26.11640212
53900.621	-25.83068783
53991.7703	-25.54497354
54082.91961	-25.25925926
54143.68581	-24.97354497
54174.06891	-24.68783069
54234.83511	-24.4021164
54356.36751	-24.11640212
54417.13372	-23.83068783
54447.51682	-23.54497354
54508.28302	-23.25925926
54599.43232	-22.97354497
54660.19852	-22.68783069
54690.58162	-22.4021164
54751.34783	-22.11640212
54842.49713	-21.83068783
54872.88023	-21.54497354
54872.88023	-21.25925926
54964.02953	-20.97354497
55450.15915	-20.74074074
56088.20427	-20.57142857
56878.16489	-20.51851852
57698.50861	-20.56084656
58458.08614	-20.65608466
59217.66366	-20.77248677
59916.47498	-20.92063492
60493.7539	-21.12169312
60949.50041	-21.34391534
61253.33142	-21.60846561
61496.39623	-21.88359788
61678.69483	-22.15873016
61860.99344	-22.44444444
62104.05824	-22.71957672
62377.50615	-22.99470899
62620.57096	-23.26984127
62863.63577	-23.54497354
63106.70057	-23.82010582
63349.76538	-24.0952381
63532.06399	-24.37037037
63744.74569	-24.64550265
63987.8105	-24.92063492
64261.25841	-25.18518519
64504.32322	-25.46031746
64747.38802	-25.73544974
64929.68663	-26.01058201
65142.36833	-26.28571429
65385.43314	-26.56084656
65628.49795	-26.83597884
65901.94586	-27.1005291
66145.01066	-27.36507937
66327.30927	-27.64021164
66539.99098	-27.91534392
66752.67268	-28.19047619
66995.73749	-28.46560847
67269.1854	-28.73015873
67542.63331	-29.00529101
67785.69811	-29.28042328
67967.99672	-29.56613757
68150.29532	-29.84126984
68393.36013	-30.11640212
68636.42494	-30.39153439
68909.87285	-30.65608466
69183.32075	-30.92063492
69396.00246	-31.1957672
69547.91797	-31.47089947
69760.59967	-31.74603175
70155.57998	-31.98941799
70702.4758	-32.2010582
71279.75472	-32.39153439
71887.41674	-32.59259259
72495.07875	-32.78306878
73163.50697	-32.93121693
73892.70139	-33.04761905
74652.27892	-33.14285714
75411.85644	-33.24867725
76110.66776	-33.37566138
76779.09598	-33.54497354
77417.1411	-33.73544974
78055.18622	-33.92592593
78693.23134	-34.10582011
79300.89336	-34.30687831
79878.17227	-34.50793651
80546.60049	-34.66666667
81306.17801	-34.75132275
82126.52174	-34.77248677
82946.86546	-34.75132275
83736.82609	-34.6984127
84557.16981	-34.63492063
85347.13043	-34.64550265
85985.17555	-34.77248677
86471.30517	-34.99470899
86866.28548	-35.24867725
87170.11649	-35.51322751
87534.7137	-35.76719577
88051.22642	-36
88658.88843	-36.17989418
89357.69975	-36.31746032
90117.27728	-36.42328042
90907.2379	-36.47619048
91727.58162	-36.46560847
92456.77605	-36.37037037
93125.20427	-36.21164021
93763.24938	-36.01058201
94279.7621	-35.78835979
94705.12551	-35.54497354
95130.48893	-35.3015873
95525.46924	-35.05820106
95829.30025	-34.8042328
96041.98195	-34.52910053
96254.66366	-34.25396825
96406.57916	-33.97883598
96588.87777	-33.69312169
96771.17637	-33.41798942
96953.47498	-33.13227513
97135.77358	-32.84656085
97318.07219	-32.57142857
97500.3708	-32.2962963
97682.6694	-32.01058201
97864.96801	-31.73544974
98047.26661	-31.46031746
98229.56522	-31.17460317
98411.86382	-30.8994709
98594.16243	-30.61375661
98776.46103	-30.33862434
98958.75964	-30.06349206
99110.67514	-29.77777778
99292.97375	-29.5026455
99475.27235	-29.22751323
99657.57096	-28.94179894
99839.86957	-28.66666667
100052.5513	-28.39153439
100234.8499	-28.10582011
100417.1485	-27.82010582
100599.4471	-27.54497354
100751.3626	-27.25925926
100933.6612	-26.98412698
101115.9598	-26.70899471
101267.8753	-26.42328042
101450.1739	-26.14814815
101632.4725	-25.87301587
101814.7711	-25.58730159
102027.4528	-25.31216931
102209.7514	-25.03703704
102392.05	-24.75132275
102574.3486	-24.47619048
102756.6473	-24.2010582
102938.9459	-23.91534392
103121.2445	-23.64021164
103303.5431	-23.36507937
103455.4586	-23.07936508
103637.7572	-22.8042328
103820.0558	-22.52910053
104032.7375	-22.25396825
104397.3347	-22
104913.8474	-21.78835979
105521.5094	-21.5978836
106220.3208	-21.43915344
106979.8983	-21.32275132
107769.8589	-21.24867725
108590.2026	-21.21693122
109410.5463	-21.23809524
110200.507	-21.32275132
110929.7014	-21.47089947
111537.3634	-21.66137566
112084.2592	-21.87301587
112661.5381	-22.06349206
113360.3495	-22.2010582
114119.927	-22.28571429
114940.2707	-22.31746032
115760.6144	-22.28571429
116520.192	-22.2010582
117279.7695	-22.10582011
118008.9639	-21.98941799
118707.7752	-21.85185185
119406.5865	-21.7037037
120044.6317	-21.53439153
120621.9106	-21.33333333
121168.8064	-21.13227513
121685.3191	-20.91005291
122201.8318	-20.6984127
122809.4938	-20.50793651
123508.3052	-20.33862434
124207.1165	-20.19047619
124966.694	-20.0952381
125756.6546	-20.08465608
126546.6153	-20.13756614
127306.1928	-20.24338624
128005.0041	-20.39153439
128643.0492	-20.57142857
129220.3281	-20.77248677
129736.8409	-21.00529101
130222.9705	-21.23809524
130709.1001	-21.47089947
131134.4635	-21.71428571
131559.8269	-21.95767196
131985.1903	-22.2010582
132440.9368	-22.43386243
132927.0664	-22.66666667
133352.4299	-22.91005291
133717.0271	-23.16402116
134112.0074	-23.41798942
134537.3708	-23.65079365
134962.7342	-23.89417989
135388.0976	-24.13756614
135874.2272	-24.38095238
136481.8893	-24.57142857
137211.0837	-24.64550265
137909.895	-24.58201058
138517.557	-24.4021164
139034.0697	-24.16931217
139489.8162	-23.93650794
139975.9459	-23.7037037
140431.6924	-23.46031746
140887.4389	-23.22751323
141403.9516	-23.00529101
141950.8474	-22.79365079
142467.3601	-22.58201058
143044.639	-22.37037037
143682.6842	-22.17989418
144320.7293	-22
144989.1575	-21.83068783
145687.9688	-21.67195767
146386.7801	-21.54497354
147146.3577	-21.46031746
147966.7014	-21.42857143
148787.0451	-21.42857143
149607.3888	-21.42857143
150427.7326	-21.41798942
151248.0763	-21.40740741
152068.42	-21.40740741
152888.7637	-21.40740741
153709.1075	-21.40740741
154529.4512	-21.44973545
155319.4118	-21.53439153
156109.3724	-21.62962963
156899.3331	-21.72486772
157689.2937	-21.78835979
158509.6374	-21.84126984
159299.598	-21.89417989
160119.9418	-21.91534392
160940.2855	-21.88359788
161699.863	-21.80952381
162489.8236	-21.71428571
163249.4011	-21.61904762
164008.9787	-21.52380952
164738.1731	-21.41798942
165467.3675	-21.29100529
166196.5619	-21.16402116
166956.1395	-21.03703704
167685.3339	-20.8994709
168414.5283	-20.77248677
169143.7227	-20.66666667
169872.9171	-20.53968254
170541.3454	-20.38095238
171240.1567	-20.23280423
171938.968	-20.08465608
172577.0131	-19.9047619
173123.9089	-19.7037037
173670.8048	-19.48148148
174308.8499	-19.29100529
175007.6612	-19.14285714
175736.8556	-19.00529101
176405.2838	-18.84656085
177043.329	-18.67724868
177711.7572	-18.50793651
178410.5685	-18.34920635
179078.9967	-18.17989418
179656.2756	-17.97883598
180263.9377	-17.78835979
180871.5997	-17.5978836
181388.1124	-17.38624339
181783.0927	-17.15343915
182147.6899	-16.8994709
182633.8195	-16.67724868
183241.4815	-16.48677249
183818.7605	-16.28571429
184335.2732	-16.06349206
184851.7859	-15.85185185
185459.4479	-15.67195767
186158.2592	-15.5026455
186826.6874	-15.32275132
187464.7326	-15.13227513
188133.1608	-14.97354497
188862.3552	-14.85714286
189682.6989	-14.81481481
190472.6596	-14.87830688
191141.0878	-15.03703704
191718.3667	-15.24867725
192204.4963	-15.47089947
192629.8597	-15.71428571
193085.6062	-15.95767196
193632.5021	-16.17989418
194179.3979	-16.39153439
194695.9106	-16.61375661
195242.8064	-16.83597884
195820.0853	-17.04761905
196427.7473	-17.23809524
197065.7925	-17.42857143
197673.4545	-17.61904762
198311.4996	-17.77777778
199040.694	-17.89417989
199830.6546	-17.95767196
200650.9984	-17.98941799
201471.3421	-17.97883598
202200.5365	-17.88359788
202868.9647	-17.71428571
203507.0098	-17.52380952
204084.2888	-17.31216931
204600.8015	-17.07936508
205117.3142	-16.85714286
205694.5931	-16.64550265
206271.872	-16.44444444
206879.534	-16.25396825
207517.5792	-16.07407407
208155.6243	-15.88359788
208793.6694	-15.71428571
209462.0976	-15.54497354
210160.9089	-15.40740741
210890.1034	-15.29100529
211649.6809	-15.17460317
212439.6415	-15.07936508
213259.9852	-15.01587302
214080.329	-15.00529101
214870.2896	-15.06878307
215629.8671	-15.17460317
216359.0615	-15.3015873
217088.2559	-15.41798942
217847.8335	-15.52380952
218577.0279	-15.65079365
219245.4561	-15.80952381
219883.5012	-16
220460.7801	-16.2010582
221007.676	-16.42328042
221463.4225	-16.65608466
221858.4028	-16.8994709
222253.3831	-17.14285714
222587.5972	-17.3968254
222921.8113	-17.66137566
223195.2592	-17.93650794
223438.324	-18.21164021
223681.3888	-18.48677249
223894.0705	-18.76190476
224076.3692	-19.03703704
224258.6678	-19.32275132
224440.9664	-19.5978836
224592.8819	-19.88359788
224744.7974	-20.15873016
224896.7129	-20.44444444
225109.3946	-20.71957672
225413.2256	-20.98412698
225717.0566	-21.24867725
225990.5045	-21.52380952
226263.9524	-21.7989418
226567.7834	-22.06349206
226932.3806	-22.30687831
227266.5947	-22.56084656
227600.8089	-22.81481481
227935.023	-23.07936508
228299.6202	-23.33333333
228603.4512	-23.5978836
228876.8991	-23.86243386
229180.7301	-24.12698413
229484.5611	-24.39153439
229788.3921	-24.65608466
230122.6062	-24.92063492
230487.2034	-25.17460317
230882.1838	-25.41798942
231337.9303	-25.65079365
231763.2937	-25.88359788
232219.0402	-26.12698413
232735.5529	-26.34920635
233252.0656	-26.57142857
233647.0459	-26.81481481
233981.26	-27.07936508
234376.2404	-27.33333333
234892.7531	-27.55555556
235500.4151	-27.73544974
236199.2264	-27.88359788
236928.4208	-28.02116402
237657.6153	-28.15873016
238326.0435	-28.31746032
238933.7055	-28.4973545
239602.1337	-28.64550265
240331.3281	-28.76190476
241090.9057	-28.85714286
241880.8663	-28.94179894
242670.8269	-29.00529101
243460.7875	-29.03703704
244281.1313	-29.06878307
245071.0919	-29.12169312
245891.4356	-29.16402116
246681.3962	-29.21693122
247501.74	-29.24867725
248322.0837	-29.23809524
249142.4274	-29.1957672
249932.388	-29.14285714
250722.3486	-29.1005291
251512.3093	-29.03703704
252302.2699	-28.97354497
253122.6136	-28.93121693
253912.5742	-28.88888889
254732.918	-28.83597884
255522.8786	-28.76190476
256282.4561	-28.66666667
257042.0336	-28.56084656
257771.2281	-28.42328042
258500.4225	-28.28571429
259199.2338	-28.13756614
259928.4282	-28.01058201
260657.6226	-27.88359788
261356.434	-27.75661376
262055.2453	-27.62962963
262814.8228	-27.52380952
263574.4003	-27.41798942
264303.5947	-27.3015873
265002.4061	-27.16402116
265761.9836	-27.04761905
266521.5611	-26.94179894
267281.1386	-26.86772487
268071.0993	-26.8042328
268861.0599	-26.74074074
269651.0205	-26.65608466
270410.598	-26.57142857
271200.5587	-26.50793651
272020.9024	-26.45502646
272810.863	-26.41269841
273631.2067	-26.35978836
274421.1674	-26.28571429
275180.7449	-26.2010582
275970.7055	-26.10582011
276730.283	-26.01058201
277520.2436	-25.93650794
278340.5874	-25.88359788
279130.548	-25.80952381
279890.1255	-25.71428571
280649.703	-25.61904762
281378.8975	-25.5026455
282108.0919	-25.37566138
282867.6694	-25.25925926
283627.2469	-25.16402116
284356.4413	-25.05820106
285116.0189	-24.95238095
285875.5964	-24.85714286
286635.1739	-24.76190476
287394.7514	-24.66666667
288123.9459	-24.53968254
288822.7572	-24.4021164
289551.9516	-24.28571429
290281.146	-24.16931217
290949.5742	-24.01058201
291557.2363	-23.80952381
292134.5152	-23.60846561
292711.7941	-23.41798942
293349.8392	-23.23809524
293957.5012	-23.04761905
294534.7801	-22.84656085
295142.4422	-22.65608466
295780.4873	-22.47619048
296418.5324	-22.28571429
297026.1944	-22.0952381
297694.6226	-21.92592593
298393.434	-21.76719577
299061.8622	-21.60846561
299760.6735	-21.46031746
300429.1017	-21.31216931
301127.913	-21.15343915
301826.7244	-21.00529101
302525.5357	-20.86772487
303315.4963	-20.78306878
304135.84	-20.76190476
304956.1838	-20.76190476
305776.5275	-20.76190476
306596.8712	-20.79365079
307386.8318	-20.84656085
308176.7925	-20.93121693
308936.37	-21.03703704
309665.5644	-21.16402116
310364.3757	-21.3015873
311093.5701	-21.41798942
311853.1477	-21.52380952
312612.7252	-21.62962963
313372.3027	-21.72486772
314162.2633	-21.82010582
314952.224	-21.89417989
315772.5677	-21.95767196
316562.5283	-22
317382.872	-22
318172.8326	-21.94708995
318962.7933	-21.88359788
319752.7539	-21.7989418
320512.3314	-21.68253968
321180.7596	-21.52380952
321818.8048	-21.33333333
322456.8499	-21.15343915
323155.6612	-20.98412698
323854.4725	-20.82539683
324492.5176	-20.65608466
325160.9459	-20.4973545
325829.3741	-20.33862434
326467.4192	-20.17989418
327135.8474	-20.02116402
327834.6587	-19.87301587
328503.087	-19.72486772
329201.8983	-19.57671958
329900.7096	-19.42857143
330599.5209	-19.28042328
331298.3322	-19.13227513
331997.1436	-18.99470899
332665.5718	-18.84656085
333334	-18.68783069
334002.4282	-18.52910053
334670.8564	-18.37037037
335339.2847	-18.21164021
336038.096	-18.06349206
336736.9073	-17.92592593
337466.1017	-17.80952381
338225.6792	-17.7037037
339015.6399	-17.62962963
339835.9836	-17.58730159
340656.3273	-17.54497354
341476.671	-17.52380952
342297.0148	-17.51322751
343117.3585	-17.54497354
343907.3191	-17.5978836
344727.6628	-17.66137566
345548.0066	-17.73544974
346307.5841	-17.83068783
347097.5447	-17.93650794
347857.1222	-18.04232804
348647.0829	-18.14814815
349406.6604	-18.26455026
350135.8548	-18.39153439
350834.6661	-18.52910053
351533.4774	-18.67724868
352293.055	-18.79365079
353052.6325	-18.88888889
353842.5931	-18.97354497
354632.5537	-19.06878307
355422.5144	-19.14285714
356242.8581	-19.21693122
357002.4356	-19.31216931
357731.63	-19.43915344
358430.4413	-19.57671958
359129.2527	-19.7037037
359858.4471	-19.82010582
360618.0246	-19.92592593
361407.9852	-20.01058201
362197.9459	-20.11640212
362927.1403	-20.23280423
363686.7178	-20.33862434
364446.2953	-20.44444444
365205.8728	-20.55026455
365965.4504	-20.65608466
366755.411	-20.75132275
367514.9885	-20.83597884
368335.3322	-20.87830688
369155.676	-20.87830688
369976.0197	-20.86772487
370765.9803	-20.88888889
371555.9409	-20.94179894
372376.2847	-20.99470899
373166.2453	-21.05820106
373956.2059	-21.12169312
374776.5496	-21.15343915
375596.8934	-21.15343915
376417.2371	-21.14285714
377237.5808	-21.13227513
378057.9245	-21.13227513
378878.2683	-21.15343915
379668.2289	-21.1957672
380488.5726	-21.24867725
381308.9163	-21.3015873
382129.26	-21.32275132
382949.6038	-21.33333333
383769.9475	-21.31216931
384559.9081	-21.26984127
385380.2518	-21.23809524
386200.5956	-21.22751323
387020.9393	-21.21693122
387841.283	-21.20634921
388661.6267	-21.20634921
389481.9705	-21.22751323
390302.3142	-21.23809524
391122.6579	-21.23809524
391943.0016	-21.23809524
392763.3454	-21.24867725
393583.6891	-21.26984127
394404.0328	-21.3015873
395224.3765	-21.31216931
396044.7203	-21.3015873
396834.6809	-21.26984127
397655.0246	-21.22751323
398444.9852	-21.17460317
399265.329	-21.11111111
400055.2896	-21.06878307
400875.6333	-21.03703704
401695.977	-20.99470899
402516.3208	-20.96296296
403336.6645	-20.92063492
404126.6251	-20.86772487
404946.9688	-20.81481481
405767.3126	-20.77248677
406587.6563	-20.74074074
407377.6169	-20.6984127
408197.9606	-20.67724868
409018.3043	-20.66666667
409838.6481	-20.63492063
410628.6087	-20.6031746
411448.9524	-20.57142857
412269.2961	-20.53968254
413059.2568	-20.51851852
413879.6005	-20.50793651
414699.9442	-20.50793651
415520.2879	-20.51851852
416340.6317	-20.51851852
417160.9754	-20.4973545
417981.3191	-20.47619048
418801.6628	-20.46560847
419622.0066	-20.43386243
420442.3503	-20.4021164
421262.694	-20.4021164
422083.0377	-20.41269841
422903.3815	-20.44444444
423723.7252	-20.48677249
424544.0689	-20.52910053
425364.4126	-20.58201058
426154.3733	-20.63492063
426974.717	-20.6984127
427764.6776	-20.76190476
428585.0213	-20.81481481
429405.3651	-20.87830688
430195.3257	-20.94179894
430985.2863	-20.99470899
431775.2469	-21.05820106
432565.2075	-21.13227513
433385.5513	-21.18518519
434175.5119	-21.23809524
434965.4725	-21.29100529
435785.8162	-21.34391534
436575.7769	-21.3968254
437396.1206	-21.44973545
438186.0812	-21.52380952
438945.6587	-21.61904762
439735.6194	-21.69312169
440555.9631	-21.75661376
441345.9237	-21.82010582
442135.8843	-21.87301587
442956.2281	-21.93650794
443746.1887	-22.01058201
444566.5324	-22.06349206
445386.8761	-22.11640212
446176.8368	-22.15873016
446997.1805	-22.21164021
447787.1411	-22.26455026
448607.4848	-22.31746032
449397.4454	-22.39153439
450187.4061	-22.46560847
450977.3667	-22.4973545
451797.7104	-22.48677249
452618.0541	-22.47619048
453438.3979	-22.48677249
454228.3585	-22.52910053
455048.7022	-22.57142857
455869.0459	-22.61375661
456659.0066	-22.67724868
457448.9672	-22.73015873
458269.3109	-22.78306878
459028.8884	-22.85714286
459788.466	-22.95238095
460548.0435	-23.04761905
461307.621	-23.14285714
462097.5816	-23.22751323
462887.5422	-23.3015873
463707.886	-23.37566138
464467.4635	-23.48148148
465196.6579	-23.5978836
465956.2354	-23.69312169
466746.1961	-23.77777778
467505.7736	-23.88359788
468234.968	-23.98941799
469024.9286	-24.08465608
469814.8893	-24.17989418
470574.4668	-24.27513228
471364.4274	-24.35978836
472154.388	-24.44444444
472913.9655	-24.53968254
473673.5431	-24.65608466
474433.1206	-24.77248677
475131.9319	-24.91005291
475861.1263	-25.03703704
476559.9377	-25.17460317
477258.749	-25.31216931
477987.9434	-25.43915344
478717.1378	-25.55555556
479446.3322	-25.67195767
480205.9098	-25.78835979
480935.1042	-25.9047619
481694.6817	-26
482454.2592	-26.10582011
483213.8368	-26.21164021
483973.4143	-26.30687831
484702.6087	-26.42328042
485431.8031	-26.53968254
486191.3806	-26.65608466
486920.5751	-26.78306878
487619.3864	-26.92063492
488348.5808	-27.03703704
489108.1583	-27.14285714
489867.7358	-27.23809524
490627.3134	-27.33333333
491386.8909	-27.42857143
492146.4684	-27.53439153
492936.429	-27.64021164
493696.0066	-27.73544974
494485.9672	-27.82010582
495275.9278	-27.9047619
496065.8884	-27.97883598
496886.2322	-28.01058201
497706.5759	-28.01058201
498526.9196	-28
499347.2633	-28
500167.6071	-28
500987.9508	-27.98941799
501808.2945	-27.96825397
502628.6382	-27.93650794
503448.982	-27.88359788
504238.9426	-27.83068783
505059.2863	-27.80952381
505879.63	-27.7989418
506699.9737	-27.77777778
507489.9344	-27.74603175
508310.2781	-27.71428571
509100.2387	-27.66137566
509920.5824	-27.5978836
510710.5431	-27.53439153
511530.8868	-27.48148148
512320.8474	-27.41798942
513110.808	-27.34391534
513931.1518	-27.29100529
514721.1124	-27.23809524
515511.073	-27.1957672
516331.4167	-27.13227513
517090.9943	-27.02645503
517820.1887	-26.91005291
518579.7662	-26.81481481
519369.7268	-26.73015873
520159.6874	-26.64550265
520919.265	-26.56084656
521709.2256	-26.47619048
522499.1862	-26.38095238
523289.1468	-26.28571429
524048.7244	-26.2010582
524838.685	-26.11640212
525598.2625	-26.01058201
526297.0738	-25.88359788
526965.5021	-25.73544974
527694.6965	-25.60846561
528454.274	-25.5026455
529244.2346	-25.40740741
530003.8121	-25.29100529
530733.0066	-25.16402116
531462.201	-25.03703704
532221.7785	-24.94179894
532981.356	-24.85714286
533740.9336	-24.76190476
534500.5111	-24.66666667
535290.4717	-24.57142857
536050.0492	-24.47619048
536809.6267	-24.38095238
537569.2043	-24.28571429
538328.7818	-24.19047619
539118.7424	-24.0952381
539878.3199	-24
540637.8975	-23.88359788
541367.0919	-23.75661376
542096.2863	-23.62962963
542886.2469	-23.52380952
543645.8244	-23.41798942
544405.402	-23.32275132
545195.3626	-23.24867725
545985.3232	-23.16402116
546744.9007	-23.08994709
547565.2445	-23.04761905
548385.5882	-23.04761905
549205.9319	-23.04761905
550026.2756	-23.04761905
550846.6194	-23.04761905
551666.9631	-23.04761905
552487.3068	-23.04761905
553307.6505	-23.04761905
554127.9943	-23.04761905
554948.338	-23.03703704
555768.6817	-23.03703704
556589.0254	-23.06878307
557378.9861	-23.12169312
558199.3298	-23.17460317
558989.2904	-23.21693122
559809.6341	-23.24867725
560599.5947	-23.3015873
561419.9385	-23.35449735
562209.8991	-23.40740741
563030.2428	-23.46031746
563820.2034	-23.52380952
564610.1641	-23.58730159
565430.5078	-23.62962963
566250.8515	-23.67195767
567071.1952	-23.7037037
567891.539	-23.71428571
568711.8827	-23.72486772
569501.8433	-23.76719577
570322.187	-23.82010582
571112.1477	-23.87301587
571932.4914	-23.91534392
572722.452	-23.94708995
573542.7957	-23.95767196
574363.1395	-23.98941799
575183.4832	-24.03174603
575973.4438	-24.07407407
576793.7875	-24.0952381
577614.1313	-24.11640212
578434.475	-24.15873016
579254.8187	-24.19047619
580075.1624	-24.19047619
580895.5062	-24.19047619
581715.8499	-24.19047619
582536.1936	-24.19047619
583356.5373	-24.15873016
584146.4979	-24.11640212
584966.8417	-24.0952381
585787.1854	-24.0952381
586607.5291	-24.07407407
587397.4897	-24.03174603
588217.8335	-24.01058201
589038.1772	-24
589858.5209	-23.97883598
590648.4815	-23.95767196
591468.8253	-23.93650794
592289.169	-23.88359788
593048.7465	-23.80952381
593838.7071	-23.74603175
594659.0509	-23.68253968
595449.0115	-23.64021164
596269.3552	-23.57671958
597028.9327	-23.49206349
597788.5103	-23.3968254
598578.4709	-23.32275132
599368.4315	-23.24867725
600158.3921	-23.15343915
600917.9696	-23.04761905
601677.5472	-22.95238095
602437.1247	-22.85714286
603166.3191	-22.73015873
603865.1304	-22.59259259
604594.3249	-22.47619048
605353.9024	-22.37037037
606083.0968	-22.26455026
606842.6743	-22.15873016
607571.8687	-22.04232804
608301.0632	-21.92592593
609030.2576	-21.78835979
609729.0689	-21.64021164
610488.6464	-21.51322751
611278.6071	-21.41798942
612068.5677	-21.32275132
612828.1452	-21.22751323
613618.1058	-21.14285714
614408.0664	-21.04761905
615137.2609	-20.92063492
615866.4553	-20.79365079
616595.6497	-20.67724868
617324.8441	-20.55026455
618023.6555	-20.41269841
618752.8499	-20.2962963
619482.0443	-20.17989418
620211.2387	-20.04232804
620940.4331	-19.91534392
621700.0107	-19.80952381
622459.5882	-19.71428571
623249.5488	-19.62962963
624039.5094	-19.55555556
624859.8532	-19.51322751
625680.1969	-19.47089947
626500.5406	-19.44973545
627320.8843	-19.42857143
628141.2281	-19.38624339
628931.1887	-19.35449735
629751.5324	-19.32275132
630541.493	-19.26984127
631361.8368	-19.22751323
632182.1805	-19.18518519
633002.5242	-19.17460317
633822.8679	-19.17460317
634643.2116	-19.17460317
635463.5554	-19.16402116
636283.8991	-19.15343915
637104.2428	-19.15343915
637924.5865	-19.15343915
638744.9303	-19.17460317
639565.274	-19.20634921
640385.6177	-19.22751323
641205.9614	-19.23809524
642026.3052	-19.23809524
642846.6489	-19.23809524
643666.9926	-19.23809524
644487.3363	-19.24867725
645277.297	-19.29100529
646097.6407	-19.34391534
646887.6013	-19.3968254
647707.945	-19.41798942
648528.2888	-19.41798942
649348.6325	-19.43915344
650168.9762	-19.48148148
650989.3199	-19.54497354
651779.2806	-19.61904762
652599.6243	-19.68253968
653419.968	-19.72486772
654209.9286	-19.77777778
655030.2724	-19.82010582
655850.6161	-19.86243386
656670.9598	-19.92592593
657460.9204	-19.98941799
658281.2642	-20.04232804
659071.2248	-20.0952381
659891.5685	-20.14814815
660711.9122	-20.21164021
661501.8728	-20.27513228
662322.2166	-20.32804233
663112.1772	-20.37037037
663932.5209	-20.41269841
664722.4815	-20.46560847
665542.8253	-20.50793651
666332.7859	-20.55026455
667153.1296	-20.59259259
667943.0902	-20.63492063
668763.434	-20.66666667
669583.7777	-20.70899471
670373.7383	-20.75132275
671194.082	-20.77248677
671984.0427	-20.8042328
672804.3864	-20.83597884
673624.7301	-20.85714286
674445.0738	-20.88888889
675235.0345	-20.94179894
676055.3782	-20.99470899
676845.3388	-21.03703704
677665.6825	-21.1005291
678455.6432	-21.17460317
679215.2207	-21.23809524
680035.5644	-21.26984127
680855.9081	-21.3015873
681645.8687	-21.34391534
682435.8294	-21.38624339
683256.1731	-21.41798942
684076.5168	-21.43915344
684896.8605	-21.44973545
685717.2043	-21.44973545
686537.548	-21.44973545
687357.8917	-21.44973545
688178.2354	-21.44973545
688998.5792	-21.44973545
689818.9229	-21.46031746
690639.2666	-21.46031746
691459.6103	-21.42857143
692279.9541	-21.37566138
693100.2978	-21.33333333
693920.6415	-21.29100529
694710.6021	-21.23809524
695500.5628	-21.18518519
696290.5234	-21.12169312
697080.484	-21.04761905
697870.4446	-20.98412698
698690.7884	-20.92063492
699480.749	-20.84656085
700270.7096	-20.79365079
701091.0533	-20.75132275
701881.0139	-20.70899471
702701.3577	-20.66666667
703521.7014	-20.61375661
704342.0451	-20.58201058
705162.3888	-20.57142857
705982.7326	-20.57142857
706803.0763	-20.57142857
707623.42	-20.57142857
708443.7637	-20.58201058
709264.1075	-20.58201058
710084.4512	-20.53968254
710844.0287	-20.47619048
711633.9893	-20.41269841
712454.3331	-20.35978836
713244.2937	-20.30687831
714064.6374	-20.25396825
714854.598	-20.22222222
715674.9418	-20.2010582
716495.2855	-20.16931217
717285.2461	-20.13756614
718105.5898	-20.11640212
718925.9336	-20.10582011
719746.2773	-20.10582011
720566.621	-20.0952381
721386.9647	-20.0952381
722207.3084	-20.08465608
722997.2691	-20.07407407
723817.6128	-20.06349206
724637.9565	-20.05291005
725458.3002	-20.06349206
726278.644	-20.08465608
727098.9877	-20.0952381
727919.3314	-20.0952381
728739.6751	-20.0952381
729560.0189	-20.0952381
730380.3626	-20.0952381
731200.7063	-20.0952381
732021.05	-20.0952381
732841.3938	-20.0952381
733661.7375	-20.08465608
734482.0812	-20.08465608
735302.4249	-20.11640212
736092.3856	-20.15873016
736912.7293	-20.2010582
737733.073	-20.24338624
738523.0336	-20.28571429
739343.3774	-20.32804233
740133.338	-20.38095238
740953.6817	-20.42328042
741743.6423	-20.48677249
742503.2199	-20.57142857
743293.1805	-20.65608466
744083.1411	-20.71957672
744903.4848	-20.78306878
745693.4454	-20.86772487
746483.4061	-20.95238095
747273.3667	-21.01587302
748093.7104	-21.07936508
748883.671	-21.15343915
749643.2486	-21.22751323
750463.5923	-21.29100529
751283.936	-21.34391534
752073.8966	-21.3968254
752863.8573	-21.46031746
753653.8179	-21.53439153
754443.7785	-21.5978836
755264.1222	-21.65079365
756054.0829	-21.72486772
756844.0435	-21.80952381
757634.0041	-21.87301587
758454.3478	-21.93650794
759244.3084	-21.98941799
760064.6522	-22.03174603
760854.6128	-22.05291005
761674.9565	-22.04232804
762495.3002	-22.04232804
763285.2609	-22.07407407
764105.6046	-22.10582011
764925.9483	-22.13756614
765715.9089	-22.16931217
766536.2527	-22.19047619
767356.5964	-22.19047619
768176.9401	-22.16931217
768966.9007	-22.13756614
769787.2445	-22.08465608
770577.2051	-22
771336.7826	-21.91534392
772126.7432	-21.83068783
772916.7039	-21.74603175
773706.6645	-21.66137566
774435.8589	-21.55555556
775165.0533	-21.43915344
775924.6308	-21.33333333
776684.2084	-21.22751323
777443.7859	-21.12169312
778233.7465	-21.02645503
779023.7071	-20.94179894
779783.2847	-20.85714286
780573.2453	-20.79365079
781393.589	-20.73015873
782183.5496	-20.68783069
783003.8934	-20.65608466
783793.854	-20.61375661
784614.1977	-20.56084656
785434.5414	-20.52910053
786254.8852	-20.52910053
787075.2289	-20.52910053
787895.5726	-20.52910053
788715.9163	-20.53968254
789536.26	-20.58201058
790326.2207	-20.63492063
791146.5644	-20.67724868
791936.525	-20.74074074
792726.4856	-20.81481481
793516.4463	-20.88888889
794306.4069	-20.95238095
795126.7506	-20.99470899
795916.7112	-21.04761905
796737.055	-21.08994709
797527.0156	-21.14285714
798316.9762	-21.1957672
799137.3199	-21.23809524
799957.6637	-21.28042328
800747.6243	-21.32275132
801567.968	-21.35449735
802388.3117	-21.3968254
803208.6555	-21.44973545
803998.6161	-21.5026455
804788.5767	-21.55555556
805578.5373	-21.62962963
806368.4979	-21.72486772
807097.6924	-21.84126984
807796.5037	-21.96825397
808556.0812	-22.08465608
809346.0418	-22.16931217
810166.3856	-22.23280423
810956.3462	-22.30687831
811746.3068	-22.39153439
812536.2674	-22.46560847
813326.2281	-22.52910053
814116.1887	-22.59259259
814906.1493	-22.67724868
815696.1099	-22.75132275
816486.0705	-22.81481481
817306.4143	-22.87830688
818096.3749	-22.95238095
818886.3355	-23.00529101
819706.6792	-23.05820106
820496.6399	-23.11111111
821316.9836	-23.16402116
822106.9442	-23.23809524
822896.9048	-23.32275132
823686.8655	-23.38624339
824507.2092	-23.44973545
825297.1698	-23.53439153
826087.1304	-23.61904762
826877.0911	-23.69312169
827667.0517	-23.75661376
828457.0123	-23.83068783
829246.9729	-23.91534392
830036.9336	-24
830826.8942	-24.08465608
831586.4717	-24.17989418
832346.0492	-24.27513228
833105.6267	-24.38095238
833895.5874	-24.48677249
834685.548	-24.56084656
835505.8917	-24.62433862
836295.8523	-24.67724868
837085.813	-24.6984127
837906.1567	-24.71957672
838696.1173	-24.75132275
839516.461	-24.8042328
840306.4217	-24.85714286
841096.3823	-24.92063492
841886.3429	-24.98412698
842676.3035	-25.02645503
843496.6473	-25.05820106
844316.991	-25.08994709
845106.9516	-25.12169312
845927.2953	-25.16402116
846717.2559	-25.21693122
847537.5997	-25.23809524
848357.9434	-25.23809524
849178.2871	-25.23809524
849998.6308	-25.23809524
850818.9746	-25.26984127
851608.9352	-25.32275132
852429.2789	-25.37566138
853219.2395	-25.41798942
854039.5833	-25.47089947
854829.5439	-25.52380952
855649.8876	-25.56613757
856470.2313	-25.58730159
857290.5751	-25.60846561
858110.9188	-25.61904762
858931.2625	-25.61904762
859751.6062	-25.61904762
860571.95	-25.5978836
861392.2937	-25.56613757
862212.6374	-25.54497354
863032.9811	-25.53439153
863853.3249	-25.51322751
864673.6686	-25.47089947
865494.0123	-25.40740741
866283.9729	-25.35449735
867104.3167	-25.31216931
867894.2773	-25.26984127
868714.621	-25.24867725
869534.9647	-25.20634921
870294.5422	-25.13227513
871023.7367	-25.03703704
871813.6973	-24.96296296
872603.6579	-24.8994709
873424.0016	-24.83597884
874213.9623	-24.76190476
875003.9229	-24.70899471
875824.2666	-24.65608466
876614.2272	-24.6031746
877434.571	-24.56084656
878254.9147	-24.51851852
879075.2584	-24.45502646
879865.219	-24.38095238
880655.1797	-24.30687831
881445.1403	-24.24338624
882235.1009	-24.16931217
883025.0615	-24.11640212
883845.4053	-24.07407407
884635.3659	-24.03174603
885425.3265	-23.97883598
886215.2871	-23.92592593
887035.6308	-23.88359788
887825.5915	-23.80952381
888585.169	-23.71428571
889344.7465	-23.61904762
890134.7071	-23.52380952
890924.6678	-23.42857143
891714.6284	-23.36507937
892534.9721	-23.31216931
893324.9327	-23.24867725
894084.5103	-23.15343915
894844.0878	-23.05820106
895603.6653	-22.96296296
896393.6259	-22.87830688
897183.5865	-22.79365079
897943.1641	-22.71957672
898733.1247	-22.64550265
899523.0853	-22.56084656
900313.0459	-22.46560847
901072.6235	-22.35978836
901801.8179	-22.26455026
902591.7785	-22.17989418
903381.7391	-22.0952381
904141.3167	-22
904931.2773	-21.92592593
905721.2379	-21.85185185
906511.1985	-21.77777778
907301.1591	-21.7037037
908091.1198	-21.64021164
908881.0804	-21.58730159
909671.041	-21.51322751
910430.6185	-21.41798942
911190.1961	-21.32275132
911949.7736	-21.22751323
912739.7342	-21.14285714
913499.3117	-21.04761905
914258.8893	-20.94179894
915018.4668	-20.83597884
915808.4274	-20.75132275
916598.388	-20.66666667
917357.9655	-20.56084656
918117.5431	-20.46560847
918907.5037	-20.37037037
919697.4643	-20.27513228
920457.0418	-20.15873016
921186.2363	-20.04232804
921945.8138	-19.94708995
922735.7744	-19.87301587
923525.735	-19.7989418
924285.3126	-19.71428571
925075.2732	-19.64021164
925895.6169	-19.57671958
926685.5775	-19.53439153
927505.9212	-19.49206349
928295.8819	-19.42857143
929055.4594	-19.34391534
929815.0369	-19.24867725
930604.9975	-19.15343915
931364.5751	-19.06878307
932154.5357	-18.99470899
932944.4963	-18.93121693
933734.4569	-18.84656085
934524.4176	-18.76190476
935283.9951	-18.66666667
936073.9557	-18.58201058
936894.2994	-18.51851852
937684.26	-18.44444444
938474.2207	-18.37037037
939264.1813	-18.2962963
940084.525	-18.24338624
940874.4856	-18.2010582
941694.8294	-18.15873016
942484.79	-18.11640212
943305.1337	-18.06349206
944095.0943	-17.98941799
944854.6719	-17.89417989
945644.6325	-17.82010582
946464.9762	-17.78835979
947285.3199	-17.76719577
948075.2806	-17.72486772
948865.2412	-17.67195767
949655.2018	-17.5978836
950445.1624	-17.52380952
951235.1231	-17.46031746
952055.4668	-17.3968254
952845.4274	-17.32275132
953635.388	-17.24867725
954425.3486	-17.1957672
955215.3093	-17.14285714
956005.2699	-17.08994709
956825.6136	-17.04761905
957645.9573	-17.00529101
958466.3011	-16.97354497
959286.6448	-16.95238095
960106.9885	-16.94179894
960927.3322	-16.94179894
961747.676	-16.94179894
962568.0197	-16.94179894
963388.3634	-16.94179894
964208.7071	-16.94179894
965029.0509	-16.95238095
965849.3946	-16.94179894
966639.3552	-16.91005291
967459.6989	-16.87830688
968280.0427	-16.86772487
969100.3864	-16.85714286
969920.7301	-16.85714286
970741.0738	-16.88888889
971531.0345	-16.92063492
972351.3782	-16.95238095
973171.7219	-16.99470899
973961.6825	-17.02645503
974782.0263	-17.04761905
975602.37	-17.05820106
976422.7137	-17.08994709
977212.6743	-17.13227513
978033.018	-17.17460317
978822.9787	-17.21693122
979643.3224	-17.23809524
980463.6661	-17.23809524
981284.0098	-17.23809524
982104.3536	-17.26984127
982894.3142	-17.31216931
983714.6579	-17.35449735
984535.0016	-17.38624339
985355.3454	-17.43915344
986145.306	-17.49206349
986965.6497	-17.53439153
987785.9934	-17.57671958
988606.3372	-17.60846561
989426.6809	-17.61904762
990247.0246	-17.64021164
991036.9852	-17.68253968
991857.329	-17.74603175
992647.2896	-17.7989418
993467.6333	-17.84126984
994257.5939	-17.88359788
995077.9377	-17.92592593
995867.8983	-17.97883598
996688.242	-18.02116402
997478.2026	-18.06349206
998298.5463	-18.11640212
999088.507	-18.19047619
999848.0845	-18.30687831
	
	
	
	
