   2.9000000e+01  -3.7347371e+01  -3.8126186e+01		
   3.8000000e+01  -3.9845570e+01  -4.0375648e+01		
   4.7000000e+01  -4.1606426e+01  -4.2452474e+01		
   5.6000000e+01  -4.3317065e+01  -4.4064175e+01		
   6.5000000e+01  -4.4344842e+01  -4.5010317e+01		
   7.4000000e+01  -4.5859724e+01  -4.6657481e+01		
   8.3000000e+01  -4.6629320e+01  -4.7513593e+01		
   9.2000000e+01  -4.7459801e+01  -4.8572517e+01		
   1.0100000e+02  -4.8493243e+01  -4.9631855e+01		
   1.1000000e+02  -4.9342844e+01  -5.0149116e+01		
   1.1900000e+02  -5.0148557e+01  -5.1141835e+01		
   1.2800000e+02  -5.1022646e+01  -5.2017626e+01		
   1.3700000e+02  -5.1891163e+01  -5.2573862e+01		
   1.4600000e+02  -5.2577941e+01  -5.3268846e+01		
   1.5500000e+02  -5.3492624e+01  -5.4665689e+01		
   1.6400000e+02  -5.4556229e+01  -5.5378093e+01		
   1.7300000e+02  -5.5289427e+01  -5.6424972e+01		
   1.8200000e+02  -5.5946723e+01  -5.7192979e+01		
   1.9100000e+02  -5.6573979e+01  -5.7945832e+01		
   2.0000000e+02  -5.7286645e+01  -5.8721007e+01		
   2.0324492e+02  -5.7707018e+01  -5.8846475e+01		
   2.0654248e+02  -5.7823401e+01  -5.9353903e+01		
   2.0989355e+02  -5.7950164e+01  -5.9478520e+01		
   2.1329899e+02  -5.8495451e+01  -5.9601116e+01		
   2.1675968e+02  -5.8642299e+01  -6.0046265e+01		
   2.2027651e+02  -5.8780983e+01  -6.0183386e+01		
   2.2385041e+02  -5.9400720e+01  -6.0762051e+01		
   2.2748229e+02  -5.9547255e+01  -6.0891379e+01		
   2.3117310e+02  -5.9684209e+01  -6.1014748e+01		
   2.3492379e+02  -6.0077907e+01  -6.1455116e+01		
   2.3873533e+02  -6.0194084e+01  -6.1538096e+01		
   2.4260871e+02  -6.0311988e+01  -6.1624567e+01		
   2.4654494e+02  -6.0868126e+01  -6.2082615e+01		
   2.5054503e+02  -6.0984289e+01  -6.2199566e+01		
   2.5461002e+02  -6.1595088e+01  -6.2310492e+01		
   2.5874097e+02  -6.1742809e+01  -6.2741322e+01		
   2.6293893e+02  -6.2365384e+01  -6.2847335e+01		
   2.6720501e+02  -6.2513069e+01  -6.2958935e+01		
   2.7154030e+02  -6.2651262e+01  -6.3411663e+01		
   2.7594593e+02  -6.3269932e+01  -6.3504440e+01		
   2.8042304e+02  -6.3411594e+01  -6.3608958e+01		
   2.8497279e+02  -6.3996761e+01  -6.4146889e+01		
   2.8959636e+02  -6.4130892e+01  -6.4289113e+01		
   2.9429494e+02  -6.4275958e+01  -6.4426140e+01		
   2.9906976e+02  -6.4907903e+01  -6.4956709e+01		
   3.0392204e+02  -6.5029052e+01  -6.5064738e+01		
   3.0885305e+02  -6.5133025e+01  -6.5160861e+01		
   3.1386407e+02  -6.5436558e+01  -6.5416460e+01		
   3.1895638e+02  -6.5526146e+01  -6.5499357e+01		
   3.2413132e+02  -6.5617275e+01  -6.5593372e+01		
   3.2939022e+02  -6.5958318e+01  -6.5685164e+01		
   3.3473444e+02  -6.6033046e+01  -6.5980221e+01		
   3.4016537e+02  -6.6090317e+01  -6.6054889e+01		
   3.4568441e+02  -6.6135052e+01  -6.6124461e+01		
   3.5129300e+02  -6.6469932e+01  -6.6361694e+01		
   3.5699259e+02  -6.6589374e+01  -6.6378759e+01		
   3.6278465e+02  -6.6695271e+01  -6.6385542e+01		
   3.6867068e+02  -6.6787905e+01  -6.6373648e+01		
   3.7465221e+02  -6.6772958e+01  -6.6008249e+01		
   3.8073079e+02  -6.6748989e+01  -6.5896498e+01		
   3.8690799e+02  -6.6715291e+01  -6.5780135e+01		
   3.9318541e+02  -6.6534245e+01  -6.5330704e+01		
   3.9956469e+02  -6.6462956e+01  -6.5256748e+01		
   4.0604746e+02  -6.6386693e+01  -6.5182120e+01		
   4.1263541e+02  -6.6303118e+01  -6.5105253e+01		
   4.1933025e+02  -6.5978290e+01  -6.4602954e+01		
   4.2613372e+02  -6.5886332e+01  -6.4455312e+01		
   4.3304756e+02  -6.5791186e+01  -6.3846088e+01		
   4.4007358e+02  -6.5223362e+01  -6.3728656e+01		
   4.4721360e+02  -6.5091265e+01  -6.3612474e+01		
   4.5446945e+02  -6.4607897e+01  -6.3073604e+01		
   4.6184303e+02  -6.4473123e+01  -6.2918284e+01		
   4.6933625e+02  -6.4346095e+01  -6.2760219e+01		
   4.7695104e+02  -6.3683803e+01  -6.2106788e+01		
   4.8468937e+02  -6.3538339e+01  -6.1964857e+01		
   4.9255326e+02  -6.2885114e+01  -6.1319238e+01		
   5.0054474e+02  -6.2746624e+01  -6.1173129e+01		
   5.0866587e+02  -6.2040012e+01  -6.0450859e+01		
   5.1691877e+02  -6.1907374e+01  -6.0312864e+01		
   5.2530556e+02  -6.1147418e+01  -5.9503660e+01		
   5.3382843e+02  -6.1003780e+01  -5.9357551e+01		
   5.4248958e+02  -6.0264738e+01  -5.8686485e+01		
   5.5129125e+02  -6.0117656e+01  -5.8552677e+01		
   5.6023572e+02  -5.9396806e+01  -5.7822930e+01		
   5.6932532e+02  -5.9266337e+01  -5.7689736e+01		
   5.7856239e+02  -5.8696028e+01  -5.7544083e+01		
   5.8794933e+02  -5.8566151e+01  -5.7032329e+01		
   5.9748857e+02  -5.8433459e+01  -5.6904988e+01		
   6.0718257e+02  -5.7985352e+01  -5.6779609e+01		
   6.1703386e+02  -5.7924976e+01  -5.6314393e+01		
   6.2704498e+02  -5.7857988e+01  -5.6193798e+01		
   6.3721853e+02  -5.7345787e+01  -5.6075019e+01		
   6.4755714e+02  -5.7177990e+01  -5.5608264e+01		
   6.5806349e+02  -5.7021765e+01  -5.5478286e+01		
   6.6874030e+02  -5.6415545e+01  -5.5350650e+01		
   6.7959034e+02  -5.6277240e+01  -5.4899087e+01		
   6.9061642e+02  -5.5805251e+01  -5.4782399e+01		
   7.0182139e+02  -5.5693708e+01  -5.4665077e+01		
   7.1320815e+02  -5.5577424e+01  -5.4161022e+01		
   7.2477966e+02  -5.5087544e+01  -5.4074517e+01		
   7.3653892e+02  -5.5000310e+01  -5.3998602e+01		
   7.4848896e+02  -5.4894823e+01  -5.3570400e+01		
   7.6063289e+02  -5.4306899e+01  -5.3450257e+01		
   7.7297385e+02  -5.4183680e+01  -5.3327978e+01		
   7.8551503e+02  -5.4058886e+01  -5.2968834e+01		
   7.9825969e+02  -5.3581326e+01  -5.2860130e+01		
   8.1121113e+02  -5.3482104e+01  -5.2752681e+01		
   8.2437270e+02  -5.3389864e+01  -5.2285257e+01		
   8.3774781e+02  -5.3138317e+01  -5.2161525e+01		
   8.5133992e+02  -5.3037718e+01  -5.2041143e+01		
   8.6515256e+02  -5.2947448e+01  -5.1614112e+01		
   8.7918931e+02  -5.2863853e+01  -5.1516278e+01		
   8.9345380e+02  -5.2509140e+01  -5.1411855e+01		
   9.0794972e+02  -5.2394724e+01  -5.1301015e+01		
   9.2268083e+02  -5.2281372e+01  -5.0892911e+01		
   9.3765095e+02  -5.1706525e+01  -5.0771486e+01		
   9.5286396e+02  -5.1576285e+01  -5.0650367e+01		
   9.6832379e+02  -5.1251536e+01  -5.0218156e+01		
   9.8403444e+02  -5.1193954e+01  -5.0117443e+01		
   1.0000000e+03  -5.1111885e+01  -5.0014199e+01		
   1.0110250e+03  -5.0920309e+01  -4.9835682e+01		
   1.0221716e+03  -5.0681260e+01  -4.9657190e+01		
   1.0334411e+03  -5.0426091e+01  -4.9488661e+01		
   1.0448348e+03  -5.0219286e+01  -4.9355376e+01		
   1.0563541e+03  -5.0066330e+01  -4.9241488e+01		
   1.0680004e+03  -4.9944750e+01  -4.9146967e+01		
   1.0797752e+03  -4.9798690e+01  -4.9215789e+01		
   1.0916797e+03  -4.9642622e+01  -4.9121437e+01		
   1.1037155e+03  -4.9767558e+01  -4.8987108e+01		
   1.1158840e+03  -4.9611341e+01  -4.8844443e+01		
   1.1281866e+03  -4.9451503e+01  -4.8730722e+01		
   1.1406249e+03  -4.9302684e+01  -4.8585952e+01		
   1.1532003e+03  -4.9143540e+01  -4.8400620e+01		
   1.1659144e+03  -4.8975895e+01  -4.8218579e+01		
   1.1787686e+03  -4.8885660e+01  -4.8023620e+01		
   1.1917646e+03  -4.8855935e+01  -4.7804697e+01		
   1.2049038e+03  -4.8873117e+01  -4.7990443e+01		
   1.2181879e+03  -4.8839569e+01  -4.7771088e+01		
   1.2316185e+03  -4.8756594e+01  -4.7525358e+01		
   1.2451971e+03  -4.8635106e+01  -4.7317688e+01		
   1.2589254e+03  -4.8487039e+01  -4.7179800e+01		
   1.2728051e+03  -4.8282107e+01  -4.7077769e+01		
   1.2868378e+03  -4.8044233e+01  -4.6951546e+01		
   1.3010252e+03  -4.7868928e+01  -4.6832719e+01		
   1.3153691e+03  -4.7776454e+01  -4.6686824e+01		
   1.3298710e+03  -4.7847880e+01  -4.6511554e+01		
   1.3445329e+03  -4.7767333e+01  -4.6660092e+01		
   1.3593564e+03  -4.7726493e+01  -4.6487856e+01		
   1.3743433e+03  -4.7607593e+01  -4.6353967e+01		
   1.3894955e+03  -4.7411566e+01  -4.6220095e+01		
   1.4048147e+03  -4.7182554e+01  -4.6095965e+01		
   1.4203028e+03  -4.6949274e+01  -4.5982921e+01		
   1.4359617e+03  -4.6724099e+01  -4.5869072e+01		
   1.4517932e+03  -4.6519865e+01  -4.5757035e+01		
   1.4677993e+03  -4.6368066e+01  -4.5843073e+01		
   1.4839818e+03  -4.6326807e+01  -4.5726865e+01		
   1.5003427e+03  -4.6344000e+01  -4.5570654e+01		
   1.5168840e+03  -4.6325301e+01  -4.5418257e+01		
   1.5336077e+03  -4.6303768e+01  -4.5282739e+01		
   1.5505158e+03  -4.6209488e+01  -4.5124911e+01		
   1.5676103e+03  -4.6055502e+01  -4.4946490e+01		
   1.5848932e+03  -4.5890430e+01  -4.4751655e+01		
   1.6023667e+03  -4.5749903e+01  -4.4606949e+01		
   1.6200328e+03  -4.5580524e+01  -4.4714093e+01		
   1.6378937e+03  -4.5362174e+01  -4.4587384e+01		
   1.6559515e+03  -4.5547779e+01  -4.4511886e+01		
   1.6742084e+03  -4.5334749e+01  -4.4412596e+01		
   1.6926666e+03  -4.5140021e+01  -4.4289789e+01		
   1.7113283e+03  -4.4968844e+01  -4.4168237e+01		
   1.7301957e+03  -4.4822229e+01  -4.4037627e+01		
   1.7492712e+03  -4.4676619e+01  -4.3848239e+01		
   1.7685569e+03  -4.4520498e+01  -4.4015419e+01		
   1.7880553e+03  -4.4364399e+01  -4.3821011e+01		
   1.8077687e+03  -4.4245186e+01  -4.3623503e+01		
   1.8276994e+03  -4.4334485e+01  -4.3421409e+01		
   1.8478498e+03  -4.4216221e+01  -4.3284516e+01		
   1.8682224e+03  -4.4079742e+01  -4.3192633e+01		
   1.8888196e+03  -4.3928568e+01  -4.3076506e+01		
   1.9096439e+03  -4.3780403e+01  -4.2897980e+01		
   1.9306977e+03  -4.3644467e+01  -4.2681358e+01		
   1.9519837e+03  -4.3496695e+01  -4.2484010e+01		
   1.9735044e+03  -4.3356769e+01  -4.2309744e+01		
   1.9952623e+03  -4.3222988e+01  -4.2452483e+01		
   2.0172601e+03  -4.3330149e+01  -4.2282779e+01		
   2.0395005e+03  -4.3196239e+01  -4.2133461e+01		
   2.0619860e+03  -4.3057344e+01  -4.2014009e+01		
   2.0847195e+03  -4.2884622e+01  -4.1922136e+01		
   2.1077035e+03  -4.2668672e+01  -4.1801651e+01		
   2.1309410e+03  -4.2489323e+01  -4.1647494e+01		
   2.1544347e+03  -4.2379085e+01  -4.1510722e+01		
   2.1781874e+03  -4.2256165e+01  -4.1617823e+01		
   2.2022019e+03  -4.2082122e+01  -4.1484550e+01		
   2.2264813e+03  -4.2225007e+01  -4.1358781e+01		
   2.2510283e+03  -4.2046460e+01  -4.1197283e+01		
   2.2758459e+03  -4.1872899e+01  -4.1021412e+01		
   2.3009372e+03  -4.1716714e+01  -4.0830372e+01		
   2.3263051e+03  -4.1560549e+01  -4.0659300e+01		
   2.3519526e+03  -4.1416054e+01  -4.0536722e+01		
   2.3778830e+03  -4.1268365e+01  -4.0401948e+01		
   2.4040992e+03  -4.1080082e+01  -4.0509001e+01		
   2.4306044e+03  -4.0897716e+01  -4.0367527e+01		
   2.4574019e+03  -4.1040606e+01  -4.0169354e+01		
   2.4844948e+03  -4.0862058e+01  -3.9945867e+01		
   2.5118864e+03  -4.0684107e+01  -3.9760021e+01		
   2.5395800e+03  -4.0489733e+01  -3.9612622e+01		
   2.5675790e+03  -4.0295372e+01  -3.9478798e+01		
   2.5958866e+03  -4.0124983e+01  -3.9344993e+01		
   2.6245063e+03  -4.0001065e+01  -3.9210668e+01		
   2.6534415e+03  -3.9887293e+01  -3.9313881e+01		
   2.6826958e+03  -3.9758319e+01  -3.9177018e+01		
   2.7122726e+03  -3.9600972e+01  -3.9020590e+01		
   2.7421754e+03  -3.9725891e+01  -3.8843447e+01		
   2.7724080e+03  -3.9570718e+01  -3.8668615e+01		
   2.8029739e+03  -3.9393260e+01  -3.8482484e+01		
   2.8338767e+03  -3.9222561e+01  -3.8308747e+01		
   2.8651203e+03  -3.9066402e+01  -3.8169746e+01		
   2.8967083e+03  -3.8880098e+01  -3.8019848e+01		
   2.9286446e+03  -3.8659589e+01  -3.7846024e+01		
   2.9609329e+03  -3.8454180e+01  -3.7614258e+01		
   2.9935773e+03  -3.8317352e+01  -3.7827013e+01		
   3.0265816e+03  -3.8220996e+01  -3.7596827e+01		
   3.0599497e+03  -3.8292453e+01  -3.7343387e+01		
   3.0936857e+03  -3.8195922e+01  -3.7125973e+01		
   3.1277937e+03  -3.8035325e+01  -3.6929906e+01		
   3.1622777e+03  -3.7798083e+01  -3.6719621e+01		
   3.1971418e+03  -3.7537091e+01  -3.6482088e+01		
   3.2323904e+03  -3.7313978e+01  -3.6263386e+01		
   3.2680276e+03  -3.7119619e+01  -3.6065014e+01		
   3.3040577e+03  -3.6911900e+01  -3.5868877e+01		
   3.3404850e+03  -3.6678195e+01  -3.5634984e+01		
   3.3773139e+03  -3.6460498e+01  -3.5361086e+01		
   3.4145489e+03  -3.6261983e+01  -3.5129084e+01		
   3.4521944e+03  -3.6052448e+01  -3.4940168e+01		
   3.4902549e+03  -3.5804764e+01  -3.5107210e+01		
   3.5287350e+03  -3.5571098e+01  -3.4910518e+01		
   3.5676394e+03  -3.5333659e+01  -3.4736575e+01		
   3.6069727e+03  -3.5537952e+01  -3.4552360e+01		
   3.6467397e+03  -3.5302249e+01  -3.4342119e+01		
   3.6869451e+03  -3.5089679e+01  -3.4103672e+01		
   3.7275937e+03  -3.4895297e+01  -3.3843671e+01		
   3.7686905e+03  -3.4688412e+01  -3.3557222e+01		
   3.8102404e+03  -3.4431939e+01  -3.3254217e+01		
   3.8522484e+03  -3.4162503e+01  -3.2958197e+01		
   3.8947195e+03  -3.3899810e+01  -3.2683853e+01		
   3.9376589e+03  -3.3625843e+01  -3.2439478e+01		
   3.9810717e+03  -3.3344537e+01  -3.2175067e+01		
   4.0249631e+03  -3.3060262e+01  -3.1899470e+01		
   4.0693384e+03  -3.2798997e+01  -3.1644377e+01		
   4.1142030e+03  -3.2544362e+01  -3.1383589e+01		
   4.1595622e+03  -3.2282371e+01  -3.1101039e+01		
   4.2054214e+03  -3.2017084e+01  -3.0818822e+01		
   4.2517863e+03  -3.1743948e+01  -3.0528871e+01		
   4.2986623e+03  -3.1460904e+01  -3.0234252e+01		
   4.3460552e+03  -3.1166915e+01  -2.9943726e+01		
   4.3939706e+03  -3.0871950e+01  -2.9663755e+01		
   4.4424142e+03  -3.0560180e+01  -2.9398400e+01		
   4.4913919e+03  -3.0246855e+01  -2.9117981e+01		
   4.5409096e+03  -2.9955778e+01  -2.8816624e+01		
   4.5909732e+03  -2.9652614e+01  -2.8511712e+01		
   4.6415888e+03  -2.8679338e+01  -2.8220188e+01		
   4.6927625e+03  -2.8366515e+01  -2.7191578e+01		
   4.7445003e+03  -2.8134231e+01  -2.6869407e+01		
   4.7968085e+03  -2.7031182e+01  -2.6564608e+01		
   4.8496934e+03  -2.6857156e+01  -2.6293581e+01		
   4.9031614e+03  -2.5746243e+01  -2.5198622e+01		
   4.9572189e+03  -2.5507318e+01  -2.4892459e+01		
   5.0118723e+03  -2.4402436e+01  -2.4651525e+01		
   5.0671283e+03  -2.3279377e+01  -2.3580263e+01		
   5.1229936e+03  -2.2309327e+01  -2.2629925e+01		
   5.1794747e+03  -2.1352050e+01  -2.1722567e+01		
   5.2365785e+03  -2.0501210e+01  -2.0756753e+01		
   5.2943119e+03  -1.9420710e+01  -1.9824040e+01		
   5.3526818e+03  -1.9294543e+01  -1.8724974e+01		
   5.4116953e+03  -1.8186781e+01  -1.8479743e+01		
   5.4713593e+03  -1.7889865e+01  -1.8134038e+01		
   5.5316812e+03  -1.7678996e+01  -1.7767701e+01		
   5.5926681e+03  -1.7746951e+01  -1.7599346e+01		
   5.6543274e+03  -1.8016649e+01  -1.7665536e+01		
   5.7166665e+03  -1.9140160e+01  -1.8489337e+01		
   5.7796929e+03  -1.9265364e+01  -1.9512158e+01		
   5.8434141e+03  -2.0320655e+01  -2.0606240e+01		
   5.9078379e+03  -2.1248113e+01  -2.1419448e+01		
   5.9729720e+03  -2.2912008e+01  -2.2193252e+01		
   6.0388241e+03  -2.3874507e+01  -2.4135296e+01		
   6.1054023e+03  -2.4863631e+01  -2.4202503e+01		
   6.1727145e+03  -2.4965929e+01  -2.5277704e+01		
   6.2407688e+03  -2.6074191e+01  -2.6340066e+01		
   6.3095734e+03  -2.7172320e+01  -2.6518409e+01		
   6.3791366e+03  -2.7354877e+01  -2.7626071e+01		
   6.4494668e+03  -2.8458447e+01  -2.7896225e+01		
   6.5205723e+03  -2.8775594e+01  -2.8117047e+01		
   6.5924618e+03  -2.8995854e+01  -2.9195160e+01		
   6.6651438e+03  -3.0038904e+01  -3.0281595e+01		
   6.7386272e+03  -3.1089247e+01  -3.0484230e+01		
   6.8129207e+03  -3.1358755e+01  -3.1587057e+01		
   6.8880333e+03  -3.1630060e+01  -3.1840429e+01		
   6.9639740e+03  -3.2718515e+01  -3.2951150e+01		
   7.0407520e+03  -3.2996699e+01  -3.3187231e+01		
   7.1183765e+03  -3.3297915e+01  -3.4279671e+01		
   7.1968567e+03  -3.4337975e+01  -3.4580924e+01		
   7.2762022e+03  -3.5435472e+01  -3.4867532e+01		
   7.3564225e+03  -3.5596613e+01  -3.6009198e+01		
   7.4375273e+03  -3.6698276e+01  -3.6239246e+01		
   7.5195262e+03  -3.6968452e+01  -3.6521611e+01		
   7.6024291e+03  -3.8057872e+01  -3.7660010e+01		
   7.6862461e+03  -3.8280870e+01  -3.7906643e+01		
   7.7709871e+03  -3.8594946e+01  -3.8980999e+01		
   7.8566625e+03  -3.8930076e+01  -3.9172298e+01		
   7.9432823e+03  -3.9254937e+01  -4.0319090e+01		
   8.0308572e+03  -4.0299893e+01  -4.0578053e+01		
   8.1193976e+03  -4.0599475e+01  -4.1691753e+01		
   8.2089142e+03  -4.0916489e+01  -4.1956866e+01		
   8.2994176e+03  -4.1198072e+01  -4.2263405e+01		
   8.3909189e+03  -4.2310063e+01  -4.3317391e+01		
   8.4834290e+03  -4.2597549e+01  -4.4365360e+01		
   8.5769590e+03  -4.2890174e+01  -4.4464754e+01		
   8.6715202e+03  -4.4011469e+01  -4.5510067e+01		
   8.7671239e+03  -4.4259465e+01  -4.6635517e+01		
   8.8637816e+03  -4.4483504e+01  -4.7685611e+01		
   8.9615050e+03  -4.5452044e+01  -4.7757705e+01		
   9.0603058e+03  -4.6420141e+01  -4.8809734e+01		
   9.1601959e+03  -4.8273938e+01  -4.9792929e+01		
   9.2611873e+03  -4.8379663e+01  -5.0744945e+01		
   9.3632921e+03  -4.9422174e+01  -5.1842881e+01		
   9.4665226e+03  -5.0388501e+01  -5.2152402e+01		
   9.5708912e+03  -5.1483045e+01  -5.2480637e+01		
   9.6764105e+03  -5.1786196e+01  -5.2780759e+01		
   9.7830932e+03  -5.2077896e+01  -5.2950852e+01		
   9.8909520e+03  -5.3163822e+01  -5.2865382e+01		
   1.0000000e+04  -5.3452226e+01  -5.2598312e+01		
   1.0110250e+04  -5.3739226e+01  -5.2288908e+01		
   1.0221716e+04  -5.3956647e+01  -5.1961508e+01		
   1.0334411e+04  -5.4030939e+01  -5.1635603e+01		
   1.0448348e+04  -5.3934308e+01  -5.1319907e+01		
   1.0563541e+04  -5.3694729e+01  -5.1046242e+01		
   1.0680004e+04  -5.3369727e+01  -5.0040961e+01		
   1.0797752e+04  -5.3016685e+01  -4.8993507e+01		
   1.0916797e+04  -5.2716955e+01  -4.8011721e+01		
   1.1037155e+04  -5.1645397e+01  -4.7791299e+01		
   1.1158840e+04  -5.0644343e+01  -4.6682168e+01		
   1.1281866e+04  -5.0540868e+01  -4.6543607e+01		
   1.1406249e+04  -4.9448303e+01  -4.5445494e+01		
   1.1532003e+04  -4.9220116e+01  -4.5153912e+01		
   1.1659144e+04  -4.8124975e+01  -4.4857139e+01		
   1.1787686e+04  -4.7854563e+01  -4.4567429e+01		
   1.1917646e+04  -4.7533649e+01  -4.4260556e+01		
   1.2049038e+04  -4.7219727e+01  -4.3953718e+01		
   1.2181879e+04  -4.6931609e+01  -4.2883161e+01		
   1.2316185e+04  -4.5922266e+01  -4.2550085e+01		
   1.2451971e+04  -4.5653979e+01  -4.2259736e+01		
   1.2589254e+04  -4.5384195e+01  -4.1924487e+01		
   1.2728051e+04  -4.4274034e+01  -4.1615295e+01		
   1.2868378e+04  -4.4031510e+01  -4.1356558e+01		
   1.3010252e+04  -4.3709968e+01  -4.0362458e+01		
   1.3153691e+04  -4.3401824e+01  -4.0037310e+01		
   1.3298710e+04  -4.2371566e+01  -3.9716908e+01		
   1.3445329e+04  -4.2046440e+01  -3.9416213e+01		
   1.3593564e+04  -4.1721350e+01  -3.9099374e+01		
   1.3743433e+04  -4.1411375e+01  -3.8785453e+01		
   1.3894955e+04  -4.1170271e+01  -3.8471556e+01		
   1.4048147e+04  -4.0092454e+01  -3.8164712e+01		
   1.4203028e+04  -3.9786700e+01  -3.7131542e+01		
   1.4359617e+04  -3.9483222e+01  -3.6854997e+01		
   1.4517932e+04  -3.9184402e+01  -3.6537149e+01		
   1.4677993e+04  -3.8866930e+01  -3.6216249e+01		
   1.4839818e+04  -3.8568210e+01  -3.5903038e+01		
   1.5003427e+04  -3.8292905e+01  -3.5604838e+01		
   1.5168840e+04  -3.7254758e+01  -3.5316735e+01		
   1.5336077e+04  -3.6967183e+01  -3.5014847e+01		
   1.5505158e+04  -3.6663266e+01  -3.4706200e+01		
   1.5676103e+04  -3.6333202e+01  -3.3584104e+01		
   1.5848932e+04  -3.5287917e+01  -3.3280642e+01		
   1.6023667e+04  -3.4956162e+01  -3.2994919e+01		
   1.6200328e+04  -3.4802780e+01  -3.2708366e+01		
   1.6378937e+04  -3.3791242e+01  -3.2459072e+01		
   1.6559515e+04  -3.3868292e+01  -3.2327415e+01		
   1.6742084e+04  -3.4158306e+01  -3.2410351e+01		
   1.6926666e+04  -3.4497417e+01  -3.2656082e+01		
   1.7113283e+04  -3.4789564e+01  -3.2959252e+01		
   1.7301957e+04  -3.5807056e+01  -3.3280029e+01		
   1.7492712e+04  -3.5914502e+01  -3.3650282e+01		
   1.7685569e+04  -3.5825192e+01  -3.3968031e+01		
   1.7880553e+04  -3.5910605e+01  -3.4046576e+01		
   1.8077687e+04  -3.5772410e+01  -3.3880545e+01		
   1.8276994e+04  -3.5514766e+01  -3.3595476e+01		
   1.8478498e+04  -3.5280694e+01  -3.2517227e+01		
   1.8682224e+04  -3.4262720e+01  -3.2333697e+01		
   1.8888196e+04  -3.3234178e+01  -3.1264587e+01		
   1.9096439e+04  -3.2261981e+01  -3.0197174e+01		
   1.9306977e+04  -3.2047884e+01  -3.0036077e+01		
   1.9519837e+04  -3.1626445e+01  -2.8940468e+01		
   1.9735044e+04  -3.1311895e+01  -2.7886237e+01		
   1.9952623e+04  -3.1278131e+01  -2.7783720e+01		
   2.0172601e+04  -3.2249316e+01  -2.6676366e+01		
   2.0395005e+04  -3.3197737e+01  -2.6606426e+01		
   2.0619860e+04  -3.4908419e+01  -2.6791194e+01		
   2.0847195e+04  -3.6047679e+01  -2.7101290e+01		
   2.1077035e+04  -3.8252662e+01  -2.7329733e+01		
   2.1309410e+04  -3.9156670e+01  -2.8960792e+01		
   2.1544347e+04  -4.0258619e+01  -3.1244744e+01		
   2.1781874e+04  -4.0555959e+01  -3.2606734e+01		
   2.2022019e+04  -4.0740169e+01  -3.4852709e+01		
   2.2264813e+04  -4.0666491e+01  -3.6153882e+01		
   2.2510283e+04  -4.0436587e+01  -3.8533804e+01		
   2.2758459e+04  -3.9341866e+01  -3.8711736e+01		
   2.3009372e+04  -3.9105396e+01  -3.8938427e+01		
   2.3263051e+04  -3.8799973e+01  -3.9131833e+01		
   2.3519526e+04  -3.8465404e+01  -3.8172841e+01		
   2.3778830e+04  -3.7390933e+01  -3.7906555e+01		
   2.4040992e+04  -3.7095476e+01  -3.6828006e+01		
   2.4306044e+04  -3.6815403e+01  -3.6581647e+01		
   2.4574019e+04  -3.5709834e+01  -3.6294291e+01		
   2.4844948e+04  -3.5422213e+01  -3.5179447e+01		
   2.5118864e+04  -3.5129565e+01  -3.4924466e+01		
   2.5395800e+04  -3.4789816e+01  -3.4614646e+01		
   2.5675790e+04  -3.3711623e+01  -3.4326931e+01		
   2.5958866e+04  -3.3453210e+01  -3.3244559e+01		
   2.6245063e+04  -3.3179762e+01  -3.2987712e+01		
   2.6534415e+04  -3.2848600e+01  -3.2672409e+01		
   2.6826958e+04  -3.1806253e+01  -3.2367538e+01		
   2.7122726e+04  -3.1487110e+01  -3.1271677e+01		
   2.7421754e+04  -3.1167789e+01  -3.0972375e+01		
   2.7724080e+04  -3.0869458e+01  -3.0665421e+01		
   2.8029739e+04  -3.0577823e+01  -3.0375652e+01		
   2.8338767e+04  -2.9504700e+01  -3.0110363e+01		
   2.8651203e+04  -2.9255401e+01  -2.9011465e+01		
   2.8967083e+04  -2.8985754e+01  -2.8766319e+01		
   2.9286446e+04  -2.7906017e+01  -2.7651251e+01		
   2.9609329e+04  -2.6899595e+01  -2.6577794e+01		
   2.9935773e+04  -2.5894215e+01  -2.5612763e+01		
   3.0265816e+04  -2.4881642e+01  -2.4602561e+01		
   3.0599497e+04  -2.3918810e+01  -2.4532797e+01		
   3.0936857e+04  -2.3027539e+01  -2.2705886e+01		
   3.1277937e+04  -2.2042849e+01  -2.1688942e+01		
   3.1622777e+04  -2.1834149e+01  -2.1507219e+01		
   3.1971418e+04  -2.0792763e+01  -2.1162520e+01		
   3.2323904e+04  -2.0826147e+01  -2.0823082e+01		
   3.2680276e+04  -2.1098488e+01  -2.1301778e+01		
   3.3040577e+04  -2.1410664e+01  -2.1639538e+01		
   3.3404850e+04  -2.2464847e+01  -2.1890434e+01		
   3.3773139e+04  -2.3919229e+01  -2.3477462e+01		
   3.4145489e+04  -2.6060258e+01  -2.6160659e+01		
   3.4521944e+04  -2.8243098e+01  -2.7512390e+01		
   3.4902549e+04  -2.9218548e+01  -2.8523155e+01		
   3.5287350e+04  -3.0289766e+01  -2.9482476e+01		
   3.5676394e+04  -3.1064123e+01  -3.1445185e+01		
   3.6069727e+04  -3.2488098e+01  -3.3248085e+01		
   3.6467397e+04  -3.5126224e+01  -3.6123853e+01		
   3.6869451e+04  -3.8044890e+01  -3.7520714e+01		
   3.7275937e+04  -4.0256696e+01  -3.9502638e+01		
   3.7686905e+04  -4.1627926e+01  -4.1849132e+01		
   3.8102404e+04  -4.3608532e+01  -4.3189519e+01		
   3.8522484e+04  -4.6021104e+01  -4.5384927e+01		
   3.8947195e+04  -4.6066061e+01  -4.6359459e+01		
   3.9376589e+04  -4.6535567e+01  -4.6610333e+01		
   3.9810717e+04  -4.6484117e+01  -4.5963602e+01		
   4.0249631e+04  -4.5382600e+01  -4.5734601e+01		
   4.0693384e+04  -4.4368032e+01  -4.4718456e+01		
   4.1142030e+04  -4.3568561e+01  -4.3928574e+01		
   4.1595622e+04  -4.2734915e+01  -4.2214950e+01		
   4.2054214e+04  -4.1206708e+01  -4.0723045e+01		
   4.2517863e+04  -4.0138066e+01  -3.9724219e+01		
   4.2986623e+04  -3.9855928e+01  -3.9386416e+01		
   4.3460552e+04  -3.9850623e+01  -3.9113906e+01		
   4.3939706e+04  -4.0075909e+01  -3.8947758e+01		
   4.4424142e+04  -4.0301287e+01  -3.8801497e+01		
   4.4913919e+04  -4.0362822e+01  -3.8609908e+01		
   4.5409096e+04  -4.0228847e+01  -3.8331907e+01		
   4.5909732e+04  -3.9960560e+01  -3.7997915e+01		
   4.6415888e+04  -3.9643609e+01  -3.7682763e+01		
   4.6927625e+04  -3.9326360e+01  -3.7428050e+01		
   4.7445003e+04  -3.9026762e+01  -3.6291215e+01		
   4.7968085e+04  -3.8706122e+01  -3.5986944e+01		
   4.8496934e+04  -3.8381267e+01  -3.5688160e+01		
   4.9031614e+04  -3.7337207e+01  -3.5389536e+01		
   4.9572189e+04  -3.7036694e+01  -3.4364747e+01		
   5.0118723e+04  -3.6726711e+01  -3.4033481e+01		
   5.0671283e+04  -3.6432022e+01  -3.3718784e+01		
   5.1229936e+04  -3.6155383e+01  -3.3393848e+01		
   5.1794747e+04  -3.5883906e+01  -3.3063551e+01		
   5.2365785e+04  -3.5623235e+01  -3.2744956e+01		
   5.2943119e+04  -3.5391075e+01  -3.2440029e+01		
   5.3526818e+04  -3.5175164e+01  -3.2158672e+01		
   5.4116953e+04  -3.4934042e+01  -3.1147039e+01		
   5.4713593e+04  -3.4669634e+01  -3.0874718e+01		
   5.5316812e+04  -3.4429688e+01  -3.0596517e+01		
   5.5926681e+04  -3.4215166e+01  -3.0277076e+01		
   5.6543274e+04  -3.4000282e+01  -3.0021608e+01		
   5.7166665e+04  -3.3772995e+01  -2.8919977e+01		
   5.7796929e+04  -3.3535625e+01  -2.8651015e+01		
   5.8434141e+04  -3.3748355e+01  -2.8358042e+01		
   5.9078379e+04  -3.3511015e+01  -2.8041413e+01		
   5.9729720e+04  -3.3278083e+01  -2.7721740e+01		
   6.0388241e+04  -3.3030921e+01  -2.7414889e+01		
   6.1054023e+04  -3.2754086e+01  -2.7109275e+01		
   6.1727145e+04  -3.2484938e+01  -2.6805378e+01		
   6.2407688e+04  -3.2230346e+01  -2.5845077e+01		
   6.3095734e+04  -3.1253783e+01  -2.5580651e+01		
   6.3791366e+04  -3.0995265e+01  -2.5336241e+01		
   6.4494668e+04  -3.0670852e+01  -2.6329278e+01		
   6.5205723e+04  -3.0345913e+01  -2.8933953e+01		
   6.5924618e+04  -3.0031289e+01  -3.1585511e+01		
   6.6651438e+04  -2.9020049e+01  -3.3198595e+01		
   6.7386272e+04  -2.8842612e+01  -3.4037401e+01		
   6.8129207e+04  -2.8721956e+01  -3.5032581e+01		
   6.8880333e+04  -2.8807918e+01  -3.5096442e+01		
   6.9639740e+04  -2.8696052e+01  -3.4773214e+01		
   7.0407520e+04  -2.8566498e+01  -3.3774381e+01		
   7.1183765e+04  -2.8379786e+01  -3.2720732e+01		
   7.1968567e+04  -2.8172437e+01  -3.2489104e+01		
   7.2762022e+04  -2.7968095e+01  -3.2219518e+01		
   7.3564225e+04  -2.7811418e+01  -3.1149568e+01		
   7.4375273e+04  -2.7723846e+01  -3.0076514e+01		
   7.5195262e+04  -2.7692222e+01  -2.9858988e+01		
   7.6024291e+04  -2.7709415e+01  -2.9801667e+01		
   7.6862461e+04  -2.7699421e+01  -3.0065628e+01		
   7.7709871e+04  -2.7778013e+01  -3.0454028e+01		
   7.8566625e+04  -2.7952095e+01  -3.0708909e+01		
   7.9432823e+04  -2.8130490e+01  -3.0901808e+01		
   8.0308572e+04  -2.8220081e+01  -3.0910802e+01		
   8.1193976e+04  -2.8167346e+01  -3.0717142e+01		
   8.2089142e+04  -2.8021939e+01  -3.0902897e+01		
   8.2994176e+04  -2.8142285e+01  -3.0690550e+01		
   8.3909189e+04  -2.7985672e+01  -2.9717328e+01		
   8.4834290e+04  -2.7828006e+01  -2.9442061e+01		
   8.5769590e+04  -2.7648286e+01  -2.9158958e+01		
   8.6715202e+04  -2.7458804e+01  -2.8897976e+01		
   8.7671239e+04  -2.7258067e+01  -2.8626862e+01		
   8.8637816e+04  -2.7037731e+01  -2.8347167e+01		
   8.9615050e+04  -2.6836442e+01  -2.8077006e+01		
   9.0603058e+04  -2.6658261e+01  -2.7820656e+01		
   9.1601959e+04  -2.6467952e+01  -2.7585864e+01		
   9.2611873e+04  -2.6292510e+01  -2.7386810e+01		
   9.3632921e+04  -2.6435324e+01  -2.7226671e+01		
   9.4665226e+04  -2.6256786e+01  -2.7011498e+01		
   9.5708912e+04  -2.6078708e+01  -2.7197133e+01		
   9.6764105e+04  -2.5870473e+01  -2.6982541e+01		
   9.7830932e+04  -2.5648138e+01  -2.6721730e+01		
   9.8909520e+04  -2.5360161e+01  -2.6457296e+01		
   1.0000000e+05  -2.5120355e+01  -2.6228888e+01		
   1.0110250e+05  -2.4910312e+01  -2.6034511e+01		
   1.0221716e+05  -2.4746134e+01  -2.5833095e+01		
   1.0334411e+05  -2.4626733e+01  -2.5605807e+01		
   1.0448348e+05  -2.4515236e+01  -2.5361878e+01		
   1.0563541e+05  -2.4441312e+01  -2.5147430e+01		
   1.0680004e+05  -2.4492881e+01  -2.5014667e+01		
   1.0797752e+05  -2.4419335e+01  -2.4937091e+01		
   1.0916797e+05  -2.4315356e+01  -2.4834477e+01		
   1.1037155e+05  -2.4201727e+01  -2.4703743e+01		
   1.1158840e+05  -2.4134536e+01  -2.4810847e+01		
   1.1281866e+05  -2.4074680e+01  -2.4676944e+01		
   1.1406249e+05  -2.3956146e+01  -2.4537185e+01		
   1.1532003e+05  -2.3766110e+01  -2.4376757e+01		
   1.1659144e+05  -2.3933269e+01  -2.4204003e+01		
   1.1787686e+05  -2.3743703e+01  -2.4017327e+01		
   1.1917646e+05  -2.3512883e+01  -2.3793142e+01		
   1.2049038e+05  -2.3270554e+01  -2.3529768e+01		
   1.2181879e+05  -2.3080555e+01  -2.3259146e+01		
   1.2316185e+05  -2.2958310e+01  -2.2991012e+01		
   1.2451971e+05  -2.2958782e+01  -2.2700457e+01		
   1.2589254e+05  -2.3038264e+01  -2.2416098e+01		
   1.2728051e+05  -2.3057833e+01  -2.2179801e+01		
   1.2868378e+05  -2.2949536e+01  -2.1965393e+01		
   1.3010252e+05  -2.2727608e+01  -2.1697307e+01		
   1.3153691e+05  -2.2478968e+01  -2.1373700e+01		
   1.3298710e+05  -2.2701785e+01  -2.1084133e+01		
   1.3445329e+05  -2.2444856e+01  -2.0819085e+01		
   1.3593564e+05  -2.2218201e+01  -2.0542152e+01		
   1.3743433e+05  -2.1966173e+01  -2.0279565e+01		
   1.3894955e+05  -2.1668738e+01  -2.0004802e+01		
   1.4048147e+05  -2.1401143e+01  -1.9697573e+01		
   1.4203028e+05  -2.0409803e+01  -1.9392523e+01		
   1.4359617e+05  -2.0127390e+01  -1.9093683e+01		
   1.4517932e+05  -1.9813698e+01  -1.8782906e+01		
   1.4677993e+05  -1.8697573e+01  -1.7673477e+01		
   1.4839818e+05  -1.8403505e+01  -1.7371311e+01		
   1.5003427e+05  -1.8103442e+01  -1.7077985e+01		
   1.5168840e+05  -1.7805839e+01  -1.6832736e+01		
   1.5336077e+05  -1.7516869e+01  -1.5674044e+01		
   1.5505158e+05  -1.7202270e+01  -1.5414199e+01		
   1.5676103e+05  -1.6784969e+01  -1.5345723e+01		
   1.5848932e+05  -1.6846154e+01  -1.5541451e+01		
   1.6023667e+05  -1.7903938e+01  -1.5840022e+01		
   1.6200328e+05  -2.0327940e+01  -1.6765277e+01		
   1.6378937e+05  -2.3640360e+01  -1.8823540e+01		
   1.6559515e+05  -2.6954778e+01  -2.1824877e+01		
   1.6742084e+05  -2.9514112e+01  -2.3722296e+01		
   1.6926666e+05  -3.1195643e+01  -2.5619685e+01		
   1.7113283e+05  -3.1265937e+01  -2.8675765e+01		
   1.7301957e+05  -3.2404807e+01  -3.0519415e+01		
   1.7492712e+05  -3.2691302e+01  -3.2039925e+01		
   1.7685569e+05  -3.3024307e+01  -3.2065374e+01		
   1.7880553e+05  -3.3368212e+01  -3.1328856e+01		
   1.8077687e+05  -3.3559380e+01  -3.0198658e+01		
   1.8276994e+05  -3.3522535e+01  -2.9995939e+01		
   1.8478498e+05  -3.3328777e+01  -2.8880244e+01		
   1.8682224e+05  -3.3066459e+01  -2.8677551e+01		
   1.8888196e+05  -3.2777089e+01  -2.7591237e+01		
   1.9096439e+05  -3.2475075e+01  -2.7388684e+01		
   1.9306977e+05  -3.2168198e+01  -2.6263523e+01		
   1.9519837e+05  -3.1874334e+01  -2.6040778e+01		
   1.9735044e+05  -3.0799396e+01  -2.4929869e+01		
   1.9952623e+05  -3.0572096e+01  -2.4659907e+01		
   2.0172601e+05  -2.7788237e+01  -2.4366687e+01		
   2.0395005e+05  -2.1179876e+01  -2.3300420e+01		
   2.0619860e+05  -2.1137226e+01  -2.3019398e+01		
   2.0847195e+05  -2.0036170e+01  -2.2724965e+01		
   2.1077035e+05  -1.9743726e+01  -2.2403211e+01		
   2.1309410e+05  -1.9435202e+01  -2.2087686e+01		
   2.1544347e+05  -1.9133042e+01  -2.1788225e+01		
   2.1781874e+05  -1.8877060e+01  -2.1488685e+01		
   2.2022019e+05  -1.8669688e+01  -2.1184738e+01		
   2.2264813e+05  -1.8484509e+01  -2.0909056e+01		
   2.2510283e+05  -1.8286741e+01  -2.0659211e+01		
   2.2758459e+05  -1.8040074e+01  -2.0401650e+01		
   2.3009372e+05  -1.7754306e+01  -2.0145549e+01		
   2.3263051e+05  -1.7492916e+01  -1.9902840e+01		
   2.3519526e+05  -1.7250460e+01  -1.9665316e+01		
   2.3778830e+05  -1.7000675e+01  -1.9413445e+01		
   2.4040992e+05  -1.6731324e+01  -1.9171632e+01		
   2.4306044e+05  -1.6471362e+01  -1.8939123e+01		
   2.4574019e+05  -1.6722811e+01  -1.8676997e+01		
   2.4844948e+05  -1.6453171e+01  -1.8420834e+01		
   2.5118864e+05  -1.6203300e+01  -1.8184069e+01		
   2.5395800e+05  -1.5959085e+01  -1.7946609e+01		
   2.5675790e+05  -1.5681071e+01  -1.7692513e+01		
   2.5958866e+05  -1.5411281e+01  -1.7470045e+01		
   2.6245063e+05  -1.5156193e+01  -1.7260050e+01		
   2.6534415e+05  -1.4161310e+01  -1.7032190e+01		
   2.6826958e+05  -1.3839235e+01  -1.7244948e+01		
   2.7122726e+05  -1.3541950e+01  -1.7013675e+01		
   2.7421754e+05  -1.3234954e+01  -1.6744835e+01		
   2.7724080e+05  -1.2927741e+01  -1.6489825e+01		
   2.8029739e+05  -1.2628708e+01  -1.6259284e+01		
   2.8338767e+05  -1.2302355e+01  -1.6030250e+01		
   2.8651203e+05  -1.1979576e+01  -1.5793075e+01		
   2.8967083e+05  -1.1843482e+01  -1.5523285e+01		
   2.9286446e+05  -1.2544082e+01  -1.5215023e+01		
   2.9609329e+05  -1.3509649e+01  -1.4874246e+01		
   2.9935773e+05  -1.4305738e+01  -1.4566599e+01		
   3.0265816e+05  -1.7186427e+01  -1.4334549e+01		
   3.0599497e+05  -1.8106916e+01  -1.4139263e+01		
   3.0936857e+05  -1.8942309e+01  -1.3958619e+01		
   3.1277937e+05  -2.0700248e+01  -1.3780057e+01		
   3.1622777e+05  -2.0697385e+01  -1.3643747e+01		
   3.1971418e+05  -2.0547402e+01  -1.3530274e+01		
   3.2323904e+05  -2.0349088e+01  -1.3390103e+01		
   3.2680276e+05  -1.9281678e+01  -1.3221487e+01		
   3.3040577e+05  -1.8253842e+01  -1.3080529e+01		
   3.3404850e+05  -1.7278017e+01  -1.3187669e+01		
   3.3773139e+05  -1.7080343e+01  -1.3072289e+01		
   3.4145489e+05  -1.6882259e+01  -1.3114966e+01		
   3.4521944e+05  -1.7042997e+01  -1.3293609e+01		
   3.4902549e+05  -1.6844948e+01  -1.3527939e+01		
   3.5287350e+05  -1.6676527e+01  -1.3727867e+01		
   3.5676394e+05  -1.6542654e+01  -1.3782492e+01		
   3.6069727e+05  -1.6399289e+01  -1.3630338e+01		
   3.6467397e+05  -1.6222696e+01  -1.3352778e+01		
   3.6869451e+05  -1.6039071e+01  -1.3066835e+01		
   3.7275937e+05  -1.5860663e+01  -1.2802190e+01		
   3.7686905e+05  -1.5631661e+01  -1.2542473e+01		
   3.8102404e+05  -1.5384532e+01  -1.2257058e+01		
   3.8522484e+05  -1.5134746e+01  -1.1970132e+01		
   3.8947195e+05  -1.4904591e+01  -1.1711990e+01		
   3.9376589e+05  -1.5117360e+01  -1.1486997e+01		
   3.9810717e+05  -1.4896892e+01  -1.1271112e+01		
   4.0249631e+05  -1.3919825e+01  -1.1105295e+01		
   4.0693384e+05  -1.3621467e+01  -1.1103608e+01		
   4.1142030e+05  -1.3322716e+01  -1.1085039e+01		
   4.1595622e+05  -1.2954123e+01  -1.1701585e+01		
   4.2054214e+05  -1.2660839e+01  -1.2003849e+01		
   4.2517863e+05  -1.2523758e+01  -1.3059920e+01		
   4.2986623e+05  -1.2519294e+01  -1.3195301e+01		
   4.3460552e+05  -1.2566543e+01  -1.4310344e+01		
   4.3939706e+05  -1.2679319e+01  -1.4478622e+01		
   4.4424142e+05  -1.2813111e+01  -1.4431010e+01		
   4.4913919e+05  -1.2812035e+01  -1.4191745e+01		
   4.5409096e+05  -1.2829220e+01  -1.3878300e+01		
   4.5909732e+05  -1.2777124e+01  -1.3551013e+01		
   4.6415888e+05  -1.2584573e+01  -1.3258252e+01		
   4.6927625e+05  -1.2326910e+01  -1.2952481e+01		
   4.7445003e+05  -1.2023352e+01  -1.2700726e+01		
   4.7968085e+05  -1.1716571e+01  -1.2576576e+01		
   4.8496934e+05  -1.1499355e+01  -1.2540417e+01		
   4.9031614e+05  -1.1342137e+01  -1.2517451e+01		
   4.9572189e+05  -1.1189245e+01  -1.2510040e+01		
   5.0118723e+05  -1.1054988e+01  -1.2491616e+01		
   5.0671283e+05  -1.0954384e+01  -1.2508811e+01		
   5.1229936e+05  -1.0831962e+01  -1.2489960e+01		
   5.1794747e+05  -1.0676582e+01  -1.2482933e+01		
   5.2365785e+05  -1.0801627e+01  -1.2479797e+01		
   5.2943119e+05  -1.0650325e+01  -1.2565086e+01		
   5.3526818e+05  -1.0567523e+01  -1.2755719e+01		
   5.4116953e+05  -1.0639995e+01  -1.3030788e+01		
   5.4713593e+05  -1.0833682e+01  -1.3375486e+01		
   5.5316812e+05  -1.1083425e+01  -1.3690875e+01		
   5.5926681e+05  -1.1378852e+01  -1.3978210e+01		
   5.6543274e+05  -1.1692992e+01  -1.5026414e+01		
   5.7166665e+05  -1.2786007e+01  -1.5981815e+01		
   5.7796929e+05  -1.3051648e+01  -1.6250125e+01		
   5.8434141e+05  -1.4145936e+01  -1.6583780e+01		
   5.9078379e+05  -1.5083462e+01  -1.6805843e+01		
   5.9729720e+05  -1.5183673e+01  -1.6838740e+01		
   6.0388241e+05  -1.5113311e+01  -1.6689399e+01		
   6.1054023e+05  -1.4967378e+01  -1.6426044e+01		
   6.1727145e+05  -1.5097379e+01  -1.6192671e+01		
   6.2407688e+05  -1.4949226e+01  -1.6124498e+01		
   6.3095734e+05  -1.4901337e+01  -1.6271410e+01		
   6.3791366e+05  -1.5041671e+01  -1.6600993e+01		
   6.4494668e+05  -1.5285934e+01  -1.6944248e+01		
   6.5205723e+05  -1.6392774e+01  -1.7258933e+01		
   6.5924618e+05  -1.6582677e+01  -1.7573648e+01		
   6.6651438e+05  -1.7688699e+01  -1.7847726e+01		
   6.7386272e+05  -1.8736218e+01  -1.8842404e+01		
   6.8129207e+05  -1.8867992e+01  -1.9738216e+01		
   6.8880333e+05  -2.0766338e+01  -2.1360815e+01		
   6.9639740e+05  -2.2307419e+01  -2.3585047e+01		
   7.0407520e+05  -2.2955793e+01  -2.6161511e+01		
   7.1183765e+05  -2.4458394e+01  -2.8936517e+01		
   7.1968567e+05  -2.5342044e+01  -2.9483985e+01		
   7.2762022e+05  -2.4527317e+01  -2.9101675e+01		
   7.3564225e+05  -2.4237872e+01  -2.8922360e+01		
   7.4375273e+05  -2.4010634e+01  -2.7839629e+01		
   7.5195262e+05  -2.2973250e+01  -2.7598638e+01		
   7.6024291e+05  -2.1888540e+01  -2.6593751e+01		
   7.6862461e+05  -2.1727637e+01  -2.4725516e+01		
   7.7709871e+05  -2.0604982e+01  -2.3975827e+01		
   7.8566625e+05  -2.0383942e+01  -2.2224121e+01		
   7.9432823e+05  -1.9291479e+01  -2.2064705e+01		
   8.0308572e+05  -1.8991695e+01  -2.0941356e+01		
   8.1193976e+05  -1.8674956e+01  -1.9959663e+01		
   8.2089142e+05  -1.8368054e+01  -1.9710049e+01		
   8.2994176e+05  -1.8058696e+01  -1.9393935e+01		
   8.3909189e+05  -1.7768265e+01  -1.9136177e+01		
   8.4834290e+05  -1.7524410e+01  -1.8832523e+01		
   8.5769590e+05  -1.7295384e+01  -1.8553756e+01		
   8.6715202e+05  -1.7073837e+01  -1.8310586e+01		
   8.7671239e+05  -1.6874726e+01  -1.8040312e+01		
   8.8637816e+05  -1.6705358e+01  -1.7746116e+01		
   8.9615050e+05  -1.6560468e+01  -1.7464130e+01		
   9.0603058e+05  -1.6492699e+01  -1.7217166e+01		
   9.1601959e+05  -1.6525095e+01  -1.7003253e+01		
   9.2611873e+05  -1.6490731e+01  -1.6806320e+01		
   9.3632921e+05  -1.6559146e+01  -1.6622522e+01		
   9.4665226e+05  -1.6734652e+01  -1.6495593e+01		
   9.5708912e+05  -1.6998810e+01  -1.6450335e+01		
   9.6764105e+05  -1.7282173e+01  -1.6445783e+01		
   9.7830932e+05  -1.8315282e+01  -1.6445783e+01		
   9.8909520e+05  -1.8352108e+01  -1.6441674e+01		
   1.0000000e+06  -1.8114532e+01  -1.6390676e+01		
   1.0081204e+06  -1.8348875e+01  -1.6185861e+01		
   1.0163068e+06  -1.7249695e+01  -1.6323059e+01		
   1.0245596e+06  -1.6833078e+01  -1.6051657e+01		
   1.0328795e+06  -1.6408057e+01  -1.5733655e+01		
   1.0412669e+06  -1.5928826e+01  -1.5452668e+01		
   1.0497224e+06  -1.5500943e+01  -1.5589620e+01		
   1.0582466e+06  -1.5123972e+01  -1.5369389e+01		
   1.0668400e+06  -1.4819479e+01  -1.5339124e+01		
   1.0755032e+06  -1.4990559e+01  -1.5326455e+01		
   1.0842367e+06  -1.4777716e+01  -1.5439634e+01		
   1.0930412e+06  -1.4864249e+01  -1.5749676e+01		
   1.1019172e+06  -1.4782105e+01  -1.5556312e+01		
   1.1108652e+06  -1.4975110e+01  -1.5894372e+01		
   1.1198859e+06  -1.5267847e+01  -1.6268820e+01		
   1.1289798e+06  -1.5096660e+01  -1.6707269e+01		
   1.1381476e+06  -1.5426591e+01  -1.7121705e+01		
   1.1473899e+06  -1.5820144e+01  -1.7453517e+01		
   1.1567071e+06  -1.6196668e+01  -1.7832980e+01		
   1.1661001e+06  -1.5963098e+01  -1.8186077e+01		
   1.1755693e+06  -1.6323943e+01  -1.9406722e+01		
   1.1851154e+06  -1.6733348e+01  -1.9631728e+01		
   1.1947391e+06  -1.7145175e+01  -2.0664062e+01		
   1.2044409e+06  -1.7511023e+01  -2.2614137e+01		
   1.2142214e+06  -1.7310977e+01  -2.2857673e+01		
   1.2240814e+06  -1.7667857e+01  -2.4021083e+01		
   1.2340215e+06  -1.7999812e+01  -2.4283248e+01		
   1.2440422e+06  -1.8342597e+01  -2.4392652e+01		
   1.2541444e+06  -1.8124551e+01  -2.4543308e+01		
   1.2643286e+06  -1.8469138e+01  -2.4281002e+01		
   1.2745954e+06  -1.8809430e+01  -2.3117664e+01		
   1.2849457e+06  -1.8914584e+01  -2.2318248e+01		
   1.2953800e+06  -1.7959531e+01  -2.0493843e+01		
   1.3058990e+06  -1.7555210e+01  -1.8788048e+01		
   1.3165035e+06  -1.6533522e+01  -1.7718009e+01		
   1.3271940e+06  -1.5239267e+01  -1.6955759e+01		
   1.3379714e+06  -1.4769664e+01  -1.5090767e+01		
   1.3488363e+06  -1.4511063e+01  -1.4905835e+01		
   1.3597894e+06  -1.5780425e+01  -1.4778628e+01		
   1.3708315e+06  -1.6013185e+01  -1.5182121e+01		
   1.3819632e+06  -1.7115055e+01  -1.6354858e+01		
   1.3931853e+06  -1.8215936e+01  -1.6597713e+01		
   1.4044986e+06  -1.9278516e+01  -1.7710579e+01		
   1.4159037e+06  -2.0175427e+01  -1.8686166e+01		
   1.4274014e+06  -2.1808276e+01  -1.9541524e+01		
   1.4389925e+06  -2.3445408e+01  -2.0617157e+01		
   1.4506778e+06  -2.5026186e+01  -2.1701418e+01		
   1.4624579e+06  -2.6650531e+01  -2.2800652e+01		
   1.4743337e+06  -2.7518749e+01  -2.3757469e+01		
   1.4863059e+06  -2.8756473e+01  -2.4804924e+01		
   1.4983753e+06  -2.9019804e+01  -2.5986997e+01		
   1.5105427e+06  -2.8824036e+01  -2.6217502e+01		
   1.5228090e+06  -2.9044464e+01  -2.6192364e+01		
   1.5351748e+06  -2.8842382e+01  -2.6249398e+01		
   1.5476411e+06  -2.8373548e+01  -2.6067860e+01		
   1.5602086e+06  -2.7984546e+01  -2.5728919e+01		
   1.5728781e+06  -2.6842824e+01  -2.5937578e+01		
   1.5856506e+06  -2.6533730e+01  -2.5587700e+01		
   1.5985267e+06  -2.6149276e+01  -2.5228165e+01		
   1.6115074e+06  -2.4887055e+01  -2.4880161e+01		
   1.6245936e+06  -2.4075869e+01  -2.4546068e+01		
   1.6377859e+06  -2.3735180e+01  -2.4739388e+01		
   1.6510854e+06  -2.3953304e+01  -2.4425591e+01		
   1.6644930e+06  -2.3620808e+01  -2.4171476e+01		
   1.6780093e+06  -2.3237119e+01  -2.4294790e+01		
   1.6916355e+06  -2.2798804e+01  -2.4065358e+01		
   1.7053723e+06  -2.2376673e+01  -2.3795017e+01		
   1.7192206e+06  -2.1970345e+01  -2.3966420e+01		
   1.7331814e+06  -2.1569841e+01  -2.3648623e+01		
   1.7472556e+06  -2.1192770e+01  -2.3264896e+01		
   1.7614440e+06  -2.1453791e+01  -2.2918717e+01		
   1.7757477e+06  -2.1066628e+01  -2.3104422e+01		
   1.7901675e+06  -2.0787400e+01  -2.2775266e+01		
   1.8047044e+06  -2.0544819e+01  -2.2446647e+01		
   1.8193594e+06  -2.0667871e+01  -2.2118219e+01		
   1.8341333e+06  -2.0408155e+01  -2.2311880e+01		
   1.8490273e+06  -2.0088735e+01  -2.1978911e+01		
   1.8640422e+06  -2.0282222e+01  -2.1609943e+01		
   1.8791790e+06  -1.9984264e+01  -2.0565660e+01		
   1.8944387e+06  -1.8924643e+01  -1.9073272e+01		
   1.9098223e+06  -1.6674923e+01  -1.6899734e+01		
   1.9253309e+06  -1.5675896e+01  -1.5752728e+01		
   1.9409654e+06  -1.5533662e+01  -1.4062584e+01		
   1.9567268e+06  -1.4259910e+01  -1.3443560e+01		
   1.9726163e+06  -1.3860998e+01  -1.1490157e+01		
