   2.9000000e+01  -2.3846741e+01  -2.6582721e+01
   3.8000000e+01  -2.5910417e+01  -2.9153082e+01
   4.7000000e+01  -2.7803159e+01  -3.0711986e+01
   5.6000000e+01  -2.9287393e+01  -3.2405189e+01
   6.5000000e+01  -3.0763034e+01  -3.3689567e+01
   7.4000000e+01  -3.1768340e+01  -3.4674661e+01
   8.3000000e+01  -3.2560885e+01  -3.5743639e+01
   9.2000000e+01  -3.3887210e+01  -3.6475078e+01
   1.0100000e+02  -3.4678525e+01  -3.7262929e+01
   1.1000000e+02  -3.5221644e+01  -3.8120456e+01
   1.1900000e+02  -3.5835436e+01  -3.8875744e+01
   1.2800000e+02  -3.6356726e+01  -3.9351284e+01
   1.3700000e+02  -3.7141112e+01  -4.0030458e+01
   1.4600000e+02  -3.7577505e+01  -4.0763156e+01
   1.5500000e+02  -3.7950678e+01  -4.1293268e+01
   1.6400000e+02  -3.8633581e+01  -4.1788387e+01
   1.7300000e+02  -3.9253286e+01  -4.2224758e+01
   1.8200000e+02  -3.9637735e+01  -4.2670771e+01
   1.9100000e+02  -4.0032993e+01  -4.3087859e+01
   2.0000000e+02  -4.0416321e+01  -4.3547289e+01
   2.0324492e+02  -4.0677606e+01  -4.3603506e+01
   2.0654248e+02  -4.0960786e+01  -4.3759800e+01
   2.0989355e+02  -4.1042071e+01  -4.3894142e+01
   2.1329899e+02  -4.1130727e+01  -4.4000675e+01
   2.1675968e+02  -4.1350994e+01  -4.4031935e+01
   2.2027651e+02  -4.1469421e+01  -4.4172723e+01
   2.2385041e+02  -4.1612279e+01  -4.4373642e+01
   2.2748229e+02  -4.1864034e+01  -4.4623736e+01
   2.3117310e+02  -4.1962343e+01  -4.4829596e+01
   2.3492379e+02  -4.2025313e+01  -4.5004793e+01
   2.3873533e+02  -4.2088257e+01  -4.5129845e+01
   2.4260871e+02  -4.2202135e+01  -4.5343108e+01
   2.4654494e+02  -4.2318086e+01  -4.5561166e+01
   2.5054503e+02  -4.2412509e+01  -4.5654960e+01
   2.5461002e+02  -4.2583782e+01  -4.5815165e+01
   2.5874097e+02  -4.2742271e+01  -4.6003298e+01
   2.6293893e+02  -4.2836701e+01  -4.6190894e+01
   2.6720501e+02  -4.3008430e+01  -4.6333757e+01
   2.7154030e+02  -4.3156168e+01  -4.6472637e+01
   2.7594593e+02  -4.3219126e+01  -4.6660241e+01
   2.8042304e+02  -4.3359956e+01  -4.6914649e+01
   2.8497279e+02  -4.3486039e+01  -4.7176388e+01
   2.8959636e+02  -4.3549002e+01  -4.7364000e+01
   2.9429494e+02  -4.3821255e+01  -4.7573802e+01
   2.9906976e+02  -4.4188999e+01  -4.7772570e+01
   3.0392204e+02  -4.4661261e+01  -4.7897650e+01
   3.0885305e+02  -4.4841732e+01  -4.8090115e+01
   3.1386407e+02  -4.4999872e+01  -4.8302596e+01
   3.1895638e+02  -4.5220278e+01  -4.8490225e+01
   3.2413132e+02  -4.5280737e+01  -4.8722796e+01
   3.2939022e+02  -4.5377583e+01  -4.8945316e+01
   3.3473444e+02  -4.5598007e+01  -4.9070407e+01
   3.4016537e+02  -4.5657538e+01  -4.9172621e+01
   3.4568441e+02  -4.5766342e+01  -4.9280997e+01
   3.5129300e+02  -4.6018274e+01  -4.9437368e+01
   3.5699259e+02  -4.6161838e+01  -4.9593496e+01
   3.6278465e+02  -4.6310131e+01  -4.9750250e+01
   3.6867068e+02  -4.6499095e+01  -4.9906628e+01
   3.7465221e+02  -4.6741097e+01  -5.0062753e+01
   3.8073079e+02  -4.6924773e+01  -5.0226836e+01
   3.8690799e+02  -4.6987766e+01  -5.0414498e+01
   3.9318541e+02  -4.7158908e+01  -5.0578892e+01
   3.9956469e+02  -4.7301725e+01  -5.0750476e+01
   4.0604746e+02  -4.7364723e+01  -5.0969425e+01
   4.1263541e+02  -4.7509209e+01  -5.1072799e+01
   4.1933025e+02  -4.7654906e+01  -5.1150506e+01
   4.2613372e+02  -4.7780911e+01  -5.1275625e+01
   4.3304756e+02  -4.7878866e+01  -5.1446766e+01
   4.4007358e+02  -4.8008694e+01  -5.1619673e+01
   4.4721360e+02  -4.8197717e+01  -5.1744798e+01
   4.5446945e+02  -4.8220339e+01  -5.1892898e+01
   4.6184303e+02  -4.8232298e+01  -5.2034281e+01
   4.6933625e+02  -4.8263804e+01  -5.2128129e+01
   4.7695104e+02  -4.8295145e+01  -5.2175197e+01
   4.8468937e+02  -4.8314501e+01  -5.2253119e+01
   4.9255326e+02  -4.8314501e+01  -5.2472108e+01
   5.0054474e+02  -4.8816314e+01  -5.2597113e+01
   5.0866587e+02  -4.9738317e+01  -5.2753940e+01
   5.1691877e+02  -5.1219344e+01  -5.3098079e+01
   5.2530556e+02  -5.2383909e+01  -5.3324141e+01
   5.3382843e+02  -5.3479375e+01  -5.3480473e+01
   5.4248958e+02  -5.4519326e+01  -5.3543047e+01
   5.5129125e+02  -5.5327979e+01  -5.3605486e+01
   5.6023572e+02  -5.5951181e+01  -5.3684216e+01
   5.6932532e+02  -5.6329375e+01  -5.3809369e+01
   5.7856239e+02  -5.6592055e+01  -5.3981534e+01
   5.8794933e+02  -5.6843749e+01  -5.4339840e+01
   5.9748857e+02  -5.7095898e+01  -5.5184660e+01
   6.0718257e+02  -5.7375069e+01  -5.6953095e+01
   6.1703386e+02  -5.7606729e+01  -5.9070899e+01
   6.2704498e+02  -5.7764334e+01  -6.1323853e+01
   6.3721853e+02  -5.7921003e+01  -6.3619132e+01
   6.4755714e+02  -5.8182486e+01  -6.5988147e+01
   6.5806349e+02  -5.8592292e+01  -6.8491541e+01
   6.6874030e+02  -5.8942017e+01  -7.1108392e+01
   6.7959034e+02  -5.9261705e+01  -7.3387651e+01
   6.9061642e+02  -5.9545439e+01  -7.4608110e+01
   7.0182139e+02  -5.9943227e+01  -7.4793857e+01
   7.1320815e+02  -6.0405476e+01  -7.4423412e+01
   7.2477966e+02  -6.0941460e+01  -7.3390670e+01
   7.3653892e+02  -6.1503175e+01  -7.2264254e+01
   7.4848896e+02  -6.2055897e+01  -7.1113197e+01
   7.6063289e+02  -6.2591923e+01  -6.9986519e+01
   7.7297385e+02  -6.3270804e+01  -6.8935297e+01
   7.8551503e+02  -6.4003696e+01  -6.7995943e+01
   7.9825969e+02  -6.4792032e+01  -6.7307387e+01
   8.1121113e+02  -6.5604631e+01  -6.6499421e+01
   8.2437270e+02  -6.6408630e+01  -6.5670688e+01
   8.3774781e+02  -6.7197027e+01  -6.4888202e+01
   8.5133992e+02  -6.8009750e+01  -6.4205234e+01
   8.6515256e+02  -6.8813564e+01  -6.3520744e+01
   8.7918931e+02  -6.9602023e+01  -6.2769525e+01
   8.9345380e+02  -7.0147401e+01  -6.2142559e+01
   9.0794972e+02  -7.0513003e+01  -6.1538264e+01
   9.2268083e+02  -7.0670707e+01  -6.0912220e+01
   9.3765095e+02  -7.0379246e+01  -6.0508604e+01
   9.5286396e+02  -6.9737218e+01  -6.0110092e+01
   9.6832379e+02  -6.8696290e+01  -5.9577931e+01
   9.8403444e+02  -6.7812772e+01  -5.9145744e+01
   1.0000000e+03  -6.6903434e+01  -5.8792696e+01
   1.0110250e+03  -6.6260350e+01  -5.8643788e+01
   1.0221716e+03  -6.5739687e+01  -5.8494064e+01
   1.0334411e+03  -6.5354674e+01  -5.8345482e+01
   1.0448348e+03  -6.4962072e+01  -5.8192882e+01
   1.0563541e+03  -6.4556552e+01  -5.7959907e+01
   1.0680004e+03  -6.4129788e+01  -5.7724363e+01
   1.0797752e+03  -6.3512180e+01  -5.7508488e+01
   1.0916797e+03  -6.2887761e+01  -5.7294826e+01
   1.1037155e+03  -6.2382669e+01  -5.7028805e+01
   1.1158840e+03  -6.1888515e+01  -5.6730332e+01
   1.1281866e+03  -6.1484615e+01  -5.6404423e+01
   1.1406249e+03  -6.1120165e+01  -5.6042784e+01
   1.1532003e+03  -6.0787090e+01  -5.5708351e+01
   1.1659144e+03  -6.0487606e+01  -5.5474861e+01
   1.1787686e+03  -6.0174614e+01  -5.5240274e+01
   1.1917646e+03  -5.9833089e+01  -5.5049655e+01
   1.2049038e+03  -5.9478806e+01  -5.4856934e+01
   1.2181879e+03  -5.9031527e+01  -5.4665952e+01
   1.2316185e+03  -5.8579318e+01  -5.4473652e+01
   1.2451971e+03  -5.8150871e+01  -5.4308850e+01
   1.2589254e+03  -5.7721130e+01  -5.4159612e+01
   1.2728051e+03  -5.7441658e+01  -5.4037623e+01
   1.2868378e+03  -5.7227254e+01  -5.3952530e+01
   1.3010252e+03  -5.7002503e+01  -5.3842517e+01
   1.3153691e+03  -5.6767171e+01  -5.3651477e+01
   1.3298710e+03  -5.6537293e+01  -5.3457800e+01
   1.3445329e+03  -5.6323818e+01  -5.3245998e+01
   1.3593564e+03  -5.6106370e+01  -5.3031861e+01
   1.3743433e+03  -5.5872058e+01  -5.2766826e+01
   1.3894955e+03  -5.5635163e+01  -5.2489057e+01
   1.4048147e+03  -5.5420013e+01  -5.2252586e+01
   1.4203028e+03  -5.5205121e+01  -5.2039384e+01
   1.4359617e+03  -5.4976540e+01  -5.1835206e+01
   1.4517932e+03  -5.4740671e+01  -5.1643745e+01
   1.4677993e+03  -5.4515839e+01  -5.1446332e+01
   1.4839818e+03  -5.4301879e+01  -5.1234062e+01
   1.5003427e+03  -5.4080617e+01  -5.1020335e+01
   1.5168840e+03  -5.3845772e+01  -5.0829710e+01
   1.5336077e+03  -5.3608964e+01  -5.0636983e+01
   1.5505158e+03  -5.3374629e+01  -5.0498933e+01
   1.5676103e+03  -5.3137710e+01  -5.0370729e+01
   1.5848932e+03  -5.2942180e+01  -5.0229674e+01
   1.6023667e+03  -5.2748758e+01  -5.0080430e+01
   1.6200328e+03  -5.2571700e+01  -4.9949452e+01
   1.6378937e+03  -5.2400143e+01  -4.9843083e+01
   1.6559515e+03  -5.2239774e+01  -4.9741097e+01
   1.6742084e+03  -5.2089987e+01  -4.9656187e+01
   1.6926666e+03  -5.1919504e+01  -4.9568936e+01
   1.7113283e+03  -5.1705987e+01  -4.9441850e+01
   1.7301957e+03  -5.1493261e+01  -4.9313364e+01
   1.7492712e+03  -5.1301513e+01  -4.9203721e+01
   1.7685569e+03  -5.1107651e+01  -4.9096883e+01
   1.7880553e+03  -5.0955136e+01  -4.9017370e+01
   1.8077687e+03  -5.0804682e+01  -4.8953408e+01
   1.8276994e+03  -5.0655192e+01  -4.8861810e+01
   1.8478498e+03  -5.0505064e+01  -4.8734165e+01
   1.8682224e+03  -5.0366321e+01  -4.8605842e+01
   1.8888196e+03  -5.0237919e+01  -4.8478476e+01
   1.9096439e+03  -5.0116039e+01  -4.8351356e+01
   1.9306977e+03  -5.0009270e+01  -4.8266631e+01
   1.9519837e+03  -4.9890777e+01  -4.8180972e+01
   1.9735044e+03  -4.9699010e+01  -4.8060696e+01
   1.9952623e+03  -4.9505129e+01  -4.7932488e+01
   2.0172601e+03  -4.9333240e+01  -4.7804839e+01
   2.0395005e+03  -4.9161275e+01  -4.7676913e+01
   2.0619860e+03  -4.9052664e+01  -4.7548927e+01
   2.0847195e+03  -4.8966868e+01  -4.7421280e+01
   2.1077035e+03  -4.8858571e+01  -4.7292960e+01
   2.1309410e+03  -4.8730156e+01  -4.7165592e+01
   2.1544347e+03  -4.8580018e+01  -4.7036139e+01
   2.1781874e+03  -4.8387815e+01  -4.6887868e+01
   2.2022019e+03  -4.8194132e+01  -4.6737963e+01
   2.2264813e+03  -4.8002346e+01  -4.6607165e+01
   2.2510283e+03  -4.7808445e+01  -4.6478956e+01
   2.2758459e+03  -4.7756651e+01  -4.6364800e+01
   2.3009372e+03  -4.7713655e+01  -4.6258193e+01
   2.3263051e+03  -4.7592219e+01  -4.6160801e+01
   2.3519526e+03  -4.7442061e+01  -4.6075702e+01
   2.3778830e+03  -4.7303740e+01  -4.5969999e+01
   2.4040992e+03  -4.7175313e+01  -4.5800173e+01
   2.4306044e+03  -4.7053849e+01  -4.5628636e+01
   2.4574019e+03  -4.6947059e+01  -4.5459181e+01
   2.4844948e+03  -4.6833261e+01  -4.5287858e+01
   2.5118864e+03  -4.6684079e+01  -4.5224676e+01
   2.5395800e+03  -4.6533253e+01  -4.5181939e+01
   2.5675790e+03  -4.6343861e+01  -4.5058268e+01
   2.5958866e+03  -4.6150362e+01  -4.4887694e+01
   2.6245063e+03  -4.5990111e+01  -4.4754213e+01
   2.6534415e+03  -4.5839938e+01  -4.4669113e+01
   2.6826958e+03  -4.5748695e+01  -4.4583569e+01
   2.7122726e+03  -4.5705881e+01  -4.4498655e+01
   2.7421754e+03  -4.5640456e+01  -4.4413744e+01
   2.7724080e+03  -4.5533655e+01  -4.4350198e+01
   2.8029739e+03  -4.5429375e+01  -4.4285951e+01
   2.8338767e+03  -4.5344120e+01  -4.4133349e+01
   2.8651203e+03  -4.5257925e+01  -4.3962398e+01
   2.8967083e+03  -4.5091296e+01  -4.3805758e+01
   2.9286446e+03  -4.4919280e+01  -4.3656504e+01
   2.9609329e+03  -4.4780785e+01  -4.3497876e+01
   2.9935773e+03  -4.4652053e+01  -4.3327673e+01
   3.0265816e+03  -4.4499825e+01  -4.3171883e+01
   3.0599497e+03  -4.4328554e+01  -4.3065738e+01
   3.0936857e+03  -4.4179982e+01  -4.2961190e+01
   3.1277937e+03  -4.4073170e+01  -4.2918825e+01
   3.1622777e+03  -4.3965607e+01  -4.2875993e+01
   3.1971418e+03  -4.3859027e+01  -4.2780100e+01
   3.2323904e+03  -4.3751273e+01  -4.2673254e+01
   3.2680276e+03  -4.3665399e+01  -4.2553308e+01
   3.3040577e+03  -4.3579383e+01  -4.2425373e+01
   3.3404850e+03  -4.3428700e+01  -4.2316096e+01
   3.3773139e+03  -4.3257040e+01  -4.2230993e+01
   3.4145489e+03  -4.3170571e+01  -4.2145452e+01
   3.4521944e+03  -4.3149160e+01  -4.2060535e+01
   3.4902549e+03  -4.3104043e+01  -4.1975687e+01
   3.5287350e+03  -4.3018586e+01  -4.1912139e+01
   3.5676394e+03  -4.2928864e+01  -4.1847889e+01
   3.6069727e+03  -4.2822273e+01  -4.1837787e+01
   3.6467397e+03  -4.2714508e+01  -4.1837787e+01
   3.6869451e+03  -4.2566575e+01  -4.1769740e+01
   3.7275937e+03  -4.2416031e+01  -4.1663126e+01
   3.7686905e+03  -4.2365776e+01  -4.1575239e+01
   3.8102404e+03  -4.2344317e+01  -4.1511411e+01
   3.8522484e+03  -4.2322920e+01  -4.1452414e+01
   3.8947195e+03  -4.2301507e+01  -4.1409955e+01
   3.9376589e+03  -4.2207333e+01  -4.1362348e+01
   3.9810717e+03  -4.1993667e+01  -4.1214066e+01
   4.0249631e+03  -4.1778591e+01  -4.1064149e+01
   4.0693384e+03  -4.1565389e+01  -4.0897756e+01
   4.1142030e+03  -4.1349837e+01  -4.0726797e+01
   4.1595622e+03  -4.1199868e+01  -4.0611173e+01
   4.2054214e+03  -4.1049309e+01  -4.0525881e+01
   4.2517863e+03  -4.0883230e+01  -4.0449975e+01
   4.2986623e+03  -4.0711535e+01  -4.0386146e+01
   4.3460552e+03  -4.0627812e+01  -4.0311619e+01
   4.3939706e+03  -4.0606397e+01  -4.0205469e+01
   4.4424142e+03  -4.0543582e+01  -4.0099243e+01
   4.4913919e+03  -4.0415370e+01  -4.0014509e+01
   4.5409096e+03  -4.0298537e+01  -3.9928841e+01
   4.5909732e+03  -4.0234570e+01  -3.9843977e+01
   4.6415888e+03  -4.0169898e+01  -3.9758496e+01
   4.6927625e+03  -4.0021485e+01  -3.9618734e+01
   4.7445003e+03  -3.9870911e+01  -3.9448146e+01
   4.7968085e+03  -3.9806107e+01  -3.9324710e+01
   4.8496934e+03  -3.9763180e+01  -3.9260880e+01
   4.9031614e+03  -3.9644302e+01  -3.9207161e+01
   4.9572189e+03  -3.9472963e+01  -3.9185930e+01
   5.0118723e+03  -3.9335251e+01  -3.9157463e+01
   5.0671283e+03  -3.9249768e+01  -3.8987992e+01
   5.1229936e+03  -3.9150983e+01  -3.8816654e+01
   5.1794747e+03  -3.9001713e+01  -3.8736621e+01
   5.2365785e+03  -3.8850926e+01  -3.8672509e+01
   5.2943119e+03  -3.8744535e+01  -3.8553901e+01
   5.3526818e+03  -3.8636971e+01  -3.8404635e+01
   5.4116953e+03  -3.8564512e+01  -3.8264808e+01
   5.4713593e+03  -3.8500114e+01  -3.8137146e+01
   5.5316812e+03  -3.8435949e+01  -3.8029827e+01
   5.5926681e+03  -3.8371690e+01  -3.7987366e+01
   5.6543274e+03  -3.8281381e+01  -3.7943454e+01
   5.7166665e+03  -3.8153144e+01  -3.7879902e+01
   5.7796929e+03  -3.8033045e+01  -3.7815649e+01
   5.8434141e+03  -3.7947739e+01  -3.7716067e+01
   5.9078379e+03  -3.7861265e+01  -3.7609213e+01
   5.9729720e+03  -3.7754864e+01  -3.7502856e+01
   6.0388241e+03  -3.7647290e+01  -3.7396236e+01
   6.1054023e+03  -3.7627119e+01  -3.7289599e+01
   6.1727145e+03  -3.7627119e+01  -3.7183212e+01
   6.2407688e+03  -3.7509496e+01  -3.7065745e+01
   6.3095734e+03  -3.7316702e+01  -3.6917129e+01
   6.3791366e+03  -3.7159132e+01  -3.6764930e+01
   6.4494668e+03  -3.7052257e+01  -3.6574270e+01
   6.5205723e+03  -3.6944770e+01  -3.6381508e+01
   6.5924618e+03  -3.6838126e+01  -3.6226571e+01
   6.6651438e+03  -3.6729030e+01  -3.6076973e+01
   6.7386272e+03  -3.6558772e+01  -3.5996864e+01
   6.8129207e+03  -3.6386636e+01  -3.5954215e+01
   6.8880333e+03  -3.6320953e+01  -3.5882982e+01
   6.9639740e+03  -3.6278012e+01  -3.5776593e+01
   7.0407520e+03  -3.6208721e+01  -3.5664374e+01
   7.1183765e+03  -3.6123026e+01  -3.5536987e+01
   7.1968567e+03  -3.6037269e+01  -3.5414909e+01
   7.2762022e+03  -3.5951760e+01  -3.5414909e+01
   7.3564225e+03  -3.5846439e+01  -3.5414909e+01
   7.4375273e+03  -3.5675792e+01  -3.5396881e+01
   7.5195262e+03  -3.5508475e+01  -3.5375510e+01
   7.6024291e+03  -3.5508475e+01  -3.5285304e+01
   7.6862461e+03  -3.5508475e+01  -3.5157355e+01
   7.7709871e+03  -3.5384691e+01  -3.5038952e+01
   7.8566625e+03  -3.5234384e+01  -3.4932562e+01
   7.9432823e+03  -3.5151996e+01  -3.4836318e+01
   8.0308572e+03  -3.5109145e+01  -3.4772623e+01
   8.1193976e+03  -3.5038560e+01  -3.4708309e+01
   8.2089142e+03  -3.4931663e+01  -3.4644753e+01
   8.2994176e+03  -3.4829229e+01  -3.4580497e+01
   8.3909189e+03  -3.4743897e+01  -3.4516855e+01
   8.4834290e+03  -3.4660189e+01  -3.4452740e+01
   8.5769590e+03  -3.4638903e+01  -3.4375113e+01
   8.6715202e+03  -3.4617381e+01  -3.4289813e+01
   8.7671239e+03  -3.4596059e+01  -3.4194922e+01
   8.8637816e+03  -3.4574584e+01  -3.4088530e+01
   8.9615050e+03  -3.4471312e+01  -3.3986984e+01
   9.0603058e+03  -3.4321316e+01  -3.3902056e+01
   9.1601959e+03  -3.4152417e+01  -3.3811701e+01
   9.2611873e+03  -3.3959984e+01  -3.3642217e+01
   9.3632921e+03  -3.3797898e+01  -3.3470865e+01
   9.4665226e+03  -3.3733893e+01  -3.3319243e+01
   9.5708912e+03  -3.3665178e+01  -3.3169639e+01
   9.6764105e+03  -3.3516157e+01  -3.3062289e+01
   9.7830932e+03  -3.3365493e+01  -3.2976988e+01
   9.8909520e+03  -3.3216254e+01  -3.2910915e+01
   1.0000000e+04  -3.3065917e+01  -3.2868358e+01
   1.0110250e+04  -3.2999340e+01  -3.2820201e+01
   1.0221716e+04  -3.2977910e+01  -3.2756504e+01
   1.0334411e+04  -3.2908363e+01  -3.2693373e+01
   1.0448348e+04  -3.2780062e+01  -3.2651001e+01
   1.0563541e+04  -3.2667377e+01  -3.2608163e+01
   1.0680004e+04  -3.2603366e+01  -3.2457037e+01
   1.0797752e+04  -3.2536313e+01  -3.2286058e+01
   1.0916797e+04  -3.2429859e+01  -3.2185283e+01
   1.1037155e+04  -3.2322231e+01  -3.2121305e+01
   1.1158840e+04  -3.2306968e+01  -3.2076619e+01
   1.1281866e+04  -3.2306968e+01  -3.2055340e+01
   1.1406249e+04  -3.2250825e+01  -3.2023113e+01
   1.1532003e+04  -3.2165096e+01  -3.1959415e+01
   1.1659144e+04  -3.2118644e+01  -3.1898734e+01
   1.1787686e+04  -3.2118644e+01  -3.1898734e+01
   1.1917646e+04  -3.2118644e+01  -3.1898734e+01
   1.2049038e+04  -3.2118644e+01  -3.1898734e+01
   1.2181879e+04  -3.2118644e+01  -3.1898734e+01
   1.2316185e+04  -3.2118644e+01  -3.1898734e+01
   1.2451971e+04  -3.2118644e+01  -3.1898734e+01
   1.2589254e+04  -3.2118644e+01  -3.1918083e+01
   1.2728051e+04  -3.2118644e+01  -3.1960641e+01
   1.2868378e+04  -3.2118644e+01  -3.1981594e+01
   1.3010252e+04  -3.2118644e+01  -3.1939129e+01
   1.3153691e+04  -3.2118644e+01  -3.1896255e+01
   1.3298710e+04  -3.2118644e+01  -3.1853883e+01
   1.3445329e+04  -3.2118644e+01  -3.1811043e+01
   1.3593564e+04  -3.2118644e+01  -3.1786794e+01
   1.3743433e+04  -3.2115452e+01  -3.1765421e+01
   1.3894955e+04  -3.2072862e+01  -3.1758087e+01
   1.4048147e+04  -3.2029802e+01  -3.1758087e+01
   1.4203028e+04  -3.1968525e+01  -3.1738680e+01
   1.4359617e+04  -3.1904076e+01  -3.1696120e+01
   1.4517932e+04  -3.1825549e+01  -3.1664323e+01
   1.4677993e+04  -3.1739803e+01  -3.1664323e+01
   1.4839818e+04  -3.1694915e+01  -3.1659247e+01
   1.5003427e+04  -3.1694915e+01  -3.1574500e+01
   1.5168840e+04  -3.1676944e+01  -3.1488819e+01
   1.5336077e+04  -3.1612913e+01  -3.1221916e+01
   1.5505158e+04  -3.1526848e+01  -3.0922688e+01
   1.5676103e+04  -3.1207391e+01  -3.0583039e+01
   1.5848932e+04  -3.0884411e+01  -3.0220485e+01
   1.6023667e+04  -2.9810923e+01  -2.9497839e+01
   1.6200328e+04  -2.8629234e+01  -2.8348717e+01
   1.6378937e+04  -2.7585672e+01  -2.7238280e+01
   1.6559515e+04  -2.6599496e+01  -2.6261540e+01
   1.6742084e+04  -2.5697271e+01  -2.5297559e+01
   1.6926666e+04  -2.4884373e+01  -2.4683135e+01
   1.7113283e+04  -2.4142441e+01  -2.4061937e+01
   1.7301957e+04  -2.3587454e+01  -2.3537976e+01
   1.7492712e+04  -2.3059292e+01  -2.3025005e+01
   1.7685569e+04  -2.2846299e+01  -2.2668518e+01
   1.7880553e+04  -2.2630957e+01  -2.2391266e+01
   1.8077687e+04  -2.2494047e+01  -2.2240975e+01
   1.8276994e+04  -2.2365122e+01  -2.2240975e+01
   1.8478498e+04  -2.2310991e+01  -2.2235434e+01
   1.8682224e+04  -2.2289550e+01  -2.2214201e+01
   1.8888196e+04  -2.2268131e+01  -2.2192765e+01
   1.9096439e+04  -2.2246737e+01  -2.2171578e+01
   1.9306977e+04  -2.2238014e+01  -2.2150157e+01
   1.9519837e+04  -2.2259362e+01  -2.2147211e+01
   1.9735044e+04  -2.2283065e+01  -2.2147211e+01
   1.9952623e+04  -2.2325667e+01  -2.2119162e+01
   2.0172601e+04  -2.2368740e+01  -2.2076508e+01
   2.0395005e+04  -2.2372881e+01  -2.2024068e+01
   2.0619860e+04  -2.2372881e+01  -2.1960226e+01
   2.0847195e+04  -2.2252859e+01  -2.1907229e+01
   2.1077035e+04  -2.2081316e+01  -2.1885995e+01
   2.1309410e+04  -2.1985453e+01  -2.1859131e+01
   2.1544347e+04  -2.1964056e+01  -2.1753193e+01
   2.1781874e+04  -2.1903174e+01  -2.1646086e+01
   2.2022019e+04  -2.1753725e+01  -2.1521737e+01
   2.2264813e+04  -2.1614856e+01  -2.1393491e+01
   2.2510283e+04  -2.1572249e+01  -2.1350211e+01
   2.2758459e+04  -2.1529172e+01  -2.1350211e+01
   2.3009372e+04  -2.1467141e+01  -2.1320745e+01
   2.3263051e+04  -2.1402666e+01  -2.1256902e+01
   2.3519526e+04  -2.1293003e+01  -2.1175966e+01
   2.3778830e+04  -2.1164333e+01  -2.1048559e+01
   2.4040992e+04  -2.1024877e+01  -2.0922724e+01
   2.4306044e+04  -2.0875088e+01  -2.0837972e+01
   2.4574019e+04  -2.0731562e+01  -2.0752285e+01
   2.4844948e+04  -2.0603450e+01  -2.0557498e+01
   2.5118864e+04  -2.0471743e+01  -2.0343750e+01
   2.5395800e+04  -2.0322603e+01  -2.0159251e+01
   2.5675790e+04  -2.0171820e+01  -1.9988627e+01
   2.5958866e+04  -1.9944238e+01  -1.9818046e+01
   2.6245063e+04  -1.9707806e+01  -1.9647795e+01
   2.6534415e+04  -1.9565236e+01  -1.9465509e+01
   2.6826958e+04  -1.9458000e+01  -1.9253161e+01
   2.7122726e+04  -1.9306276e+01  -1.9044481e+01
   2.7421754e+04  -1.9113670e+01  -1.8917351e+01
   2.7724080e+04  -1.8920468e+01  -1.8788820e+01
   2.8029739e+04  -1.8728281e+01  -1.8698267e+01
   2.8338767e+04  -1.8545576e+01  -1.8612767e+01
   2.8651203e+04  -1.8439037e+01  -1.8428911e+01
   2.8967083e+04  -1.8331323e+01  -1.8194300e+01
   2.9286446e+04  -1.8066315e+01  -1.7900468e+01
   2.9609329e+04  -1.7786868e+01  -1.7538680e+01
   2.9935773e+04  -1.7509282e+01  -1.7203545e+01
   3.0265816e+04  -1.7230441e+01  -1.6948723e+01
   3.0599497e+04  -1.6997570e+01  -1.6694407e+01
   3.0936857e+04  -1.6804946e+01  -1.6482520e+01
   3.1277937e+04  -1.6604620e+01  -1.6268297e+01
   3.1622777e+04  -1.6391058e+01  -1.6129736e+01
   3.1971418e+04  -1.6167034e+01  -1.6001483e+01
   3.2323904e+04  -1.5890005e+01  -1.5746605e+01
   3.2680276e+04  -1.5609922e+01  -1.5426675e+01
   3.3040577e+04  -1.5253059e+01  -1.5077115e+01
   3.3404850e+04  -1.4887592e+01  -1.4694040e+01
   3.3773139e+04  -1.4493084e+01  -1.4297863e+01
   3.4145489e+04  -1.4085508e+01  -1.3873155e+01
   3.4521944e+04  -1.3794325e+01  -1.3469556e+01
   3.4902549e+04  -1.3601682e+01  -1.3405989e+01
   3.5287350e+04  -1.3452559e+01  -1.3341721e+01
   3.5676394e+04  -1.3388484e+01  -1.3296507e+01
   3.6069727e+04  -1.3361537e+01  -1.3253755e+01
   3.6467397e+04  -1.3553345e+01  -1.3338774e+01
   3.6869451e+04  -1.3747268e+01  -1.3488077e+01
   3.7275937e+04  -1.4120725e+01  -1.3796372e+01
   3.7686905e+04  -1.4507728e+01  -1.4285865e+01
   3.8102404e+04  -1.4891986e+01  -1.4754674e+01
   3.8522484e+04  -1.5278150e+01  -1.5158154e+01
   3.8947195e+04  -1.5522456e+01  -1.5547333e+01
   3.9376589e+04  -1.5650898e+01  -1.5695658e+01
   3.9810717e+04  -1.5711868e+01  -1.5845618e+01
   4.0249631e+04  -1.5647787e+01  -1.5735878e+01
   4.0693384e+04  -1.5533351e+01  -1.5586245e+01
   4.1142030e+04  -1.5149697e+01  -1.4997134e+01
   4.1595622e+04  -1.4761812e+01  -1.4186620e+01
   4.2054214e+04  -1.3746287e+01  -1.3356480e+01
   4.2517863e+04  -1.2692672e+01  -1.2505174e+01
   4.2986623e+04  -1.2034697e+01  -1.1730555e+01
   4.3460552e+04  -1.1498305e+01  -1.1178417e+01
   4.3939706e+04  -1.1154314e+01  -1.0659507e+01
   4.4424142e+04  -1.0961632e+01  -1.0638317e+01
   4.4913919e+04  -1.0868939e+01  -1.0616894e+01
   4.5409096e+04  -1.0954390e+01  -1.0817359e+01
   4.5909732e+04  -1.1075623e+01  -1.1052499e+01
   4.6415888e+04  -1.1374050e+01  -1.1357567e+01
   4.6927625e+04  -1.1675768e+01  -1.1698841e+01
   4.7445003e+04  -1.2076737e+01  -1.2069970e+01
   4.7968085e+04  -1.2485322e+01  -1.2474347e+01
   4.8496934e+04  -1.2792685e+01  -1.2874725e+01
   4.9031614e+04  -1.3071637e+01  -1.3256981e+01
   4.9572189e+04  -1.3422613e+01  -1.3639637e+01
   5.0118723e+04  -1.3829426e+01  -1.3978677e+01
   5.0671283e+04  -1.4244972e+01  -1.4321454e+01
   5.1229936e+04  -1.4672267e+01  -1.4845808e+01
   5.1794747e+04  -1.5135859e+01  -1.5401602e+01
   5.2365785e+04  -1.5754092e+01  -1.6168389e+01
   5.2943119e+04  -1.6379141e+01  -1.7042917e+01
   5.3526818e+04  -1.7557585e+01  -1.8237976e+01
   5.4116953e+04  -1.8761956e+01  -1.9791657e+01
   5.4713593e+04  -1.9923892e+01  -2.1427599e+01
   5.5316812e+04  -2.1082729e+01  -2.3253959e+01
   5.5926681e+04  -2.2114846e+01  -2.5097111e+01
   5.6543274e+04  -2.3057034e+01  -2.6919475e+01
   5.7166665e+04  -2.3903585e+01  -2.8761931e+01
   5.7796929e+04  -2.4587325e+01  -3.0326343e+01
   5.8434141e+04  -2.5252139e+01  -3.1865490e+01
   5.9078379e+04  -2.5806472e+01  -3.2553336e+01
   5.9729720e+04  -2.6366916e+01  -3.2830630e+01
   6.0388241e+04  -2.6836315e+01  -3.3057496e+01
   6.1054023e+04  -2.7309507e+01  -3.3227765e+01
   6.1727145e+04  -2.7511015e+01  -3.3317072e+01
   6.2407688e+04  -2.7639787e+01  -3.3189650e+01
   6.3095734e+04  -2.7718070e+01  -3.2958874e+01
   6.3791366e+04  -2.7760901e+01  -3.1496722e+01
   6.4494668e+04  -2.7787194e+01  -3.0018450e+01
   6.5205723e+04  -2.7787194e+01  -2.8870697e+01
   6.5924618e+04  -2.7795385e+01  -2.7759074e+01
   6.6651438e+04  -2.7838030e+01  -2.7040023e+01
   6.7386272e+04  -2.7881145e+01  -2.6506758e+01
   6.8129207e+04  -2.7881356e+01  -2.6094827e+01
   6.8880333e+04  -2.7881356e+01  -2.5818136e+01
   6.9639740e+04  -2.7881356e+01  -2.5575447e+01
   7.0407520e+04  -2.7881356e+01  -2.5426785e+01
   7.1183765e+04  -2.7855931e+01  -2.5275115e+01
   7.1968567e+04  -2.7813096e+01  -2.5105587e+01
   7.2762022e+04  -2.7804185e+01  -2.4934191e+01
   7.3564225e+04  -2.7846927e+01  -2.4708761e+01
   7.4375273e+04  -2.7881356e+01  -2.4473606e+01
   7.5195262e+04  -2.7881356e+01  -2.4426262e+01
   7.6024291e+04  -2.7881356e+01  -2.4468924e+01
   7.6862461e+04  -2.7881356e+01  -2.4491327e+01
   7.7709871e+04  -2.7881356e+01  -2.4491327e+01
   7.8566625e+04  -2.7727167e+01  -2.4438275e+01
   7.9432823e+04  -2.7533970e+01  -2.4247135e+01
   8.0308572e+04  -2.7328571e+01  -2.4022322e+01
   8.1193976e+04  -2.7114373e+01  -2.3428966e+01
   8.2089142e+04  -2.6578466e+01  -2.2829069e+01
   8.2994176e+04  -2.5573922e+01  -2.1844242e+01
   8.3909189e+04  -2.4393193e+01  -2.0796718e+01
   8.4834290e+04  -2.2580409e+01  -1.9496015e+01
   8.5769590e+04  -2.0742599e+01  -1.8066820e+01
   8.6715202e+04  -1.8508139e+01  -1.6851558e+01
   8.7671239e+04  -1.6249044e+01  -1.5872466e+01
   8.8637816e+04  -1.5135596e+01  -1.4912930e+01
   8.9615050e+04  -1.4276856e+01  -1.4020932e+01
   9.0603058e+04  -1.3578618e+01  -1.3167032e+01
   9.1601959e+04  -1.2978805e+01  -1.2849158e+01
   9.2611873e+04  -1.2653762e+01  -1.2527780e+01
   9.3632921e+04  -1.2717888e+01  -1.2564055e+01
   9.4665226e+04  -1.2815088e+01  -1.2649568e+01
   9.5708912e+04  -1.3028378e+01  -1.3123666e+01
   9.6764105e+04  -1.3247216e+01  -1.3784946e+01
   9.7830932e+04  -1.3609022e+01  -1.4802002e+01
   9.8909520e+04  -1.3974817e+01  -1.6206807e+01
   1.0000000e+05  -1.4775365e+01  -1.7694905e+01
   1.0110250e+05  -1.5677131e+01  -1.9372736e+01
   1.0221716e+05  -1.6708141e+01  -2.1013517e+01
   1.0334411e+05  -1.7822190e+01  -2.2051921e+01
   1.0448348e+05  -1.9145713e+01  -2.3101773e+01
   1.0563541e+05  -2.0749027e+01  -2.3094740e+01
   1.0680004e+05  -2.2215162e+01  -2.2945089e+01
   1.0797752e+05  -2.3175062e+01  -2.2608551e+01
   1.0916797e+05  -2.4108225e+01  -2.2181913e+01
   1.1037155e+05  -2.3895377e+01  -2.1694316e+01
   1.1158840e+05  -2.3680182e+01  -2.1140899e+01
   1.1281866e+05  -2.3006394e+01  -2.0585179e+01
   1.1406249e+05  -2.2233375e+01  -2.0032973e+01
   1.1532003e+05  -2.1625502e+01  -1.9488186e+01
   1.1659144e+05  -2.1111274e+01  -1.9085534e+01
   1.1787686e+05  -2.0670938e+01  -1.8678442e+01
   1.1917646e+05  -2.0328864e+01  -1.8425223e+01
   1.2049038e+05  -1.9995108e+01  -1.8190054e+01
   1.2181879e+05  -1.9696442e+01  -1.7869367e+01
   1.2316185e+05  -1.9393063e+01  -1.7506718e+01
   1.2451971e+05  -1.9052472e+01  -1.7205736e+01
   1.2589254e+05  -1.8708126e+01  -1.6971594e+01
   1.2728051e+05  -1.8331160e+01  -1.6742499e+01
   1.2868378e+05  -1.7944612e+01  -1.6530109e+01
   1.3010252e+05  -1.7655560e+01  -1.6315816e+01
   1.3153691e+05  -1.7419849e+01  -1.6103890e+01
   1.3298710e+05  -1.7202997e+01  -1.5889628e+01
   1.3445329e+05  -1.7010561e+01  -1.5902459e+01
   1.3593564e+05  -1.6796156e+01  -1.5945218e+01
   1.3743433e+05  -1.6518797e+01  -1.5857257e+01
   1.3894955e+05  -1.6239761e+01  -1.5707929e+01
   1.4048147e+05  -1.5984293e+01  -1.5538178e+01
   1.4203028e+05  -1.5726008e+01  -1.5346605e+01
   1.4359617e+05  -1.5542577e+01  -1.5148205e+01
   1.4517932e+05  -1.5370761e+01  -1.4935811e+01
   1.4677993e+05  -1.5172013e+01  -1.4714210e+01
   1.4839818e+05  -1.4957709e+01  -1.4417510e+01
   1.5003427e+05  -1.4753050e+01  -1.4117539e+01
   1.5168840e+05  -1.4560595e+01  -1.3952063e+01
   1.5336077e+05  -1.4388983e+01  -1.3802405e+01
   1.5505158e+05  -1.4282296e+01  -1.3682636e+01
   1.5676103e+05  -1.4173342e+01  -1.3575971e+01
   1.5848932e+05  -1.4045595e+01  -1.3428207e+01
   1.6023667e+05  -1.3916440e+01  -1.3236631e+01
   1.6200328e+05  -1.3751949e+01  -1.3092850e+01
   1.6378937e+05  -1.3580116e+01  -1.3071610e+01
   1.6559515e+05  -1.3507592e+01  -1.3037180e+01
   1.6742084e+05  -1.3486159e+01  -1.2867634e+01
   1.6926666e+05  -1.3425348e+01  -1.2696219e+01
   1.7113283e+05  -1.3318418e+01  -1.2601783e+01
   1.7301957e+05  -1.3210996e+01  -1.2516263e+01
   1.7492712e+05  -1.3104298e+01  -1.2547681e+01
   1.7685569e+05  -1.3005926e+01  -1.2633014e+01
   1.7880553e+05  -1.3037994e+01  -1.3089966e+01
   1.8077687e+05  -1.4945693e+01  -1.3941428e+01
   1.8276994e+05  -1.7872217e+01  -1.5567113e+01
   1.8478498e+05  -2.0793674e+01  -1.9041080e+01
   1.8682224e+05  -2.3972719e+01  -2.1885937e+01
   1.8888196e+05  -2.6135284e+01  -1.8230083e+01
   1.9096439e+05  -2.2738149e+01  -1.4996809e+01
   1.9306977e+05  -1.8066544e+01  -1.1828787e+01
   1.9519837e+05  -8.9358748e+00  -7.8499808e+00
   1.9735044e+05  -4.3336117e+00  -3.7864187e+00
   1.9952623e+05  -3.8797466e+00  -3.2016164e+00
   2.0172601e+05  -3.3899526e+00  -2.9309226e+00
   2.0395005e+05  -2.8947586e+00  -2.8457751e+00
   2.0619860e+05  -2.6848184e+00  -2.7970714e+00
   2.0847195e+05  -2.5129509e+00  -2.8395521e+00
   2.1077035e+05  -2.6166019e+00  -2.8996547e+00
   2.1309410e+05  -2.8524068e+00  -3.1327871e+00
   2.1544347e+05  -3.2108453e+00  -3.3684898e+00
   2.1781874e+05  -3.7028216e+00  -3.7714558e+00
   2.2022019e+05  -4.2269448e+00  -4.1990687e+00
   2.2264813e+05  -4.8245724e+00  -4.8435089e+00
   2.2510283e+05  -5.4202758e+00  -5.5901945e+00
   2.2758459e+05  -5.9314160e+00  -6.2324024e+00
   2.3009372e+05  -6.4481916e+00  -6.7645826e+00
   2.3263051e+05  -6.8841095e+00  -7.2126282e+00
   2.3519526e+05  -7.3138210e+00  -7.4462753e+00
   2.3778830e+05  -7.6386047e+00  -7.6722468e+00
   2.4040992e+05  -7.9173109e+00  -7.7994118e+00
   2.4306044e+05  -8.0185652e+00  -7.9279789e+00
   2.4574019e+05  -7.9329956e+00  -7.7907582e+00
   2.4844948e+05  -7.7290468e+00  -7.6197104e+00
   2.5118864e+05  -7.2380896e+00  -7.1420657e+00
   2.5395800e+05  -6.7468674e+00  -6.5233738e+00
   2.5675790e+05  -6.2995752e+00  -6.1655665e+00
   2.5958866e+05  -5.8473516e+00  -6.0804164e+00
   2.6245063e+05  -6.1627022e+00  -6.1372943e+00
   2.6534415e+05  -6.5709687e+00  -6.5408726e+00
   2.6826958e+05  -7.1400886e+00  -6.9637862e+00
   2.7122726e+05  -7.7833207e+00  -7.5360378e+00
   2.7421754e+05  -8.1710505e+00  -8.1145985e+00
   2.7724080e+05  -8.2994176e+00  -8.1384412e+00
   2.8029739e+05  -8.1912652e+00  -8.0956786e+00
   2.8338767e+05  -7.5294744e+00  -7.4808011e+00
   2.8651203e+05  -6.7871790e+00  -6.6060855e+00
   2.8967083e+05  -5.4025654e+00  -5.5128775e+00
   2.9286446e+05  -4.0026864e+00  -4.1930302e+00
   2.9609329e+05  -2.9839290e+00  -2.9924282e+00
   2.9935773e+05  -1.9953959e+00  -2.1002939e+00
   3.0265816e+05  -1.3585824e+00  -1.2384681e+00
   3.0599497e+05  -8.6538875e-01  -7.5098708e-01
   3.0936857e+05  -4.5930878e-01  -2.5813155e-01
   3.1277937e+05  -1.3835893e-01  -1.4943863e-01
   3.1622777e+05   3.1962154e-02  -8.5293747e-02
   3.1971418e+05  -1.3883954e-01  -1.2445738e-01
   3.2323904e+05  -3.3260636e-01  -2.0979680e-01
   3.2680276e+05  -6.9477210e-01  -5.7781124e-01
   3.3040577e+05  -1.0609307e+00  -1.2377450e+00
   3.3404850e+05  -2.5710515e+00  -2.1814160e+00
   3.3773139e+05  -4.2044426e+00  -3.7957790e+00
   3.4145489e+05  -5.8428383e+00  -5.4343369e+00
   3.4521944e+05  -7.4941292e+00  -7.1511443e+00
   3.4902549e+05  -9.0769335e+00  -8.8868795e+00
   3.5287350e+05  -1.0596247e+01  -1.0490359e+01
   3.5676394e+05  -1.2120550e+01  -1.2094006e+01
   3.6069727e+05  -1.3636566e+01  -1.4098368e+01
   3.6467397e+05  -1.4815626e+01  -1.4653461e+01
   3.6869451e+05  -1.3452043e+01  -1.3008875e+01
   3.7275937e+05  -1.2073426e+01  -1.1305795e+01
   3.7686905e+05  -1.0612035e+01  -9.8284911e+00
   3.8102404e+05  -9.1289400e+00  -8.9150875e+00
   3.8522484e+05  -8.3801676e+00  -7.9951419e+00
   3.8947195e+05  -7.9083232e+00  -7.3569058e+00
   3.9376589e+05  -7.5940414e+00  -7.1655877e+00
   3.9810717e+05  -7.4228341e+00  -7.0355145e+00
   4.0249631e+05  -7.4745658e+00  -7.2264140e+00
   4.0693384e+05  -7.9870728e+00  -7.4194183e+00
   4.1142030e+05  -8.5980833e+00  -8.5511395e+00
   4.1595622e+05  -9.8339535e+00  -9.6663238e+00
   4.2054214e+05  -1.1083449e+01  -1.0688188e+01
   4.2517863e+05  -1.1921733e+01  -1.1688696e+01
   4.2986623e+05  -1.2738591e+01  -1.2623356e+01
   4.3460552e+05  -1.3487529e+01  -1.3570258e+01
   4.3939706e+05  -1.4216816e+01  -1.4545265e+01
   4.4424142e+05  -1.5104154e+01  -1.5531021e+01
   4.4913919e+05  -1.6131500e+01  -1.6201676e+01
   4.5409096e+05  -1.7082835e+01  -1.6843155e+01
   4.5909732e+05  -1.7873028e+01  -1.7540048e+01
   4.6415888e+05  -1.8648454e+01  -1.8265466e+01
   4.6927625e+05  -1.9287761e+01  -1.9011239e+01
   4.7445003e+05  -1.9934116e+01  -1.9777649e+01
   4.7968085e+05  -2.0312420e+01  -2.0280777e+01
   4.8496934e+05  -2.0677893e+01  -2.0153321e+01
   4.9031614e+05  -2.0961807e+01  -2.0026894e+01
   4.9572189e+05  -2.1219228e+01  -1.9920913e+01
   5.0118723e+05  -2.1638258e+01  -1.9813764e+01
   5.0671283e+05  -2.2194793e+01  -1.9917494e+01
   5.1229936e+05  -2.2730683e+01  -2.0045792e+01
   5.1794747e+05  -2.3221934e+01  -2.0277101e+01
   5.2365785e+05  -2.3672538e+01  -2.0554471e+01
   5.2943119e+05  -2.3864349e+01  -2.0926855e+01
   5.3526818e+05  -2.4058275e+01  -2.1395224e+01
   5.4116953e+05  -2.4674796e+01  -2.1871704e+01
   5.4713593e+05  -2.5319812e+01  -2.2360291e+01
   5.5316812e+05  -2.6696236e+01  -2.2887486e+01
   5.5926681e+05  -2.8326730e+01  -2.3714148e+01
   5.6543274e+05  -2.9529426e+01  -2.4549924e+01
   5.7166665e+05  -3.0385718e+01  -2.5567696e+01
   5.7796929e+05  -3.1062601e+01  -2.6615476e+01
   5.8434141e+05  -3.1404374e+01  -2.7359965e+01
   5.9078379e+05  -3.1691560e+01  -2.7978723e+01
   5.9729720e+05  -3.1670245e+01  -2.8193212e+01
   6.0388241e+05  -3.1648696e+01  -2.8001604e+01
   6.1054023e+05  -3.1218861e+01  -2.7732534e+01
   6.1727145e+05  -3.0767305e+01  -2.7286426e+01
   6.2407688e+05  -2.9978998e+01  -2.6710001e+01
   6.3095734e+05  -2.9077846e+01  -2.5035455e+01
   6.3791366e+05  -2.7867820e+01  -2.3342448e+01
   6.4494668e+05  -2.6411979e+01  -2.1916301e+01
   6.5205723e+05  -2.5038245e+01  -2.0504984e+01
   6.5924618e+05  -2.3820556e+01  -1.9697421e+01
   6.6651438e+05  -2.2633404e+01  -1.9142664e+01
   6.7386272e+05  -2.1652841e+01  -1.8620500e+01
   6.8129207e+05  -2.0661467e+01  -1.8130827e+01
   6.8880333e+05  -2.0094731e+01  -1.7838560e+01
   6.9639740e+05  -1.9535606e+01  -1.8008509e+01
   7.0407520e+05  -1.9668976e+01  -1.8175477e+01
   7.1183765e+05  -2.0012307e+01  -1.8302660e+01
   7.1968567e+05  -2.0512787e+01  -1.8431245e+01
   7.2762022e+05  -2.1133722e+01  -1.8137014e+01
   7.3564225e+05  -2.1914817e+01  -1.7794872e+01
   7.4375273e+05  -2.2961706e+01  -1.7350391e+01
   7.5195262e+05  -2.3593013e+01  -1.6859637e+01
   7.6024291e+05  -2.2228615e+01  -1.6113161e+01
   7.6862461e+05  -2.0849176e+01  -1.5112509e+01
   7.7709871e+05  -1.9049904e+01  -1.4224425e+01
   7.8566625e+05  -1.7221813e+01  -1.3608352e+01
   7.9432823e+05  -1.5640081e+01  -1.3040838e+01
   8.0308572e+05  -1.4116402e+01  -1.2934851e+01
   8.1193976e+05  -1.3573422e+01  -1.2827696e+01
   8.2089142e+05  -1.3744731e+01  -1.3297265e+01
   8.2994176e+05  -1.4103551e+01  -1.3831871e+01
   8.3909189e+05  -1.4765934e+01  -1.4363251e+01
   8.4834290e+05  -1.5401185e+01  -1.4896688e+01
   8.5769590e+05  -1.5891564e+01  -1.5397343e+01
   8.6715202e+05  -1.6387350e+01  -1.5865740e+01
   8.7671239e+05  -1.6897823e+01  -1.6426605e+01
   8.8637816e+05  -1.7414041e+01  -1.7191397e+01
   8.9615050e+05  -1.7993228e+01  -1.7989862e+01
   9.0603058e+05  -1.8594175e+01  -1.9007354e+01
   9.1601959e+05  -1.9255920e+01  -2.0036064e+01
   9.2611873e+05  -1.9962643e+01  -2.0592435e+01
   9.3632921e+05  -2.0303824e+01  -2.1105665e+01
   9.4665226e+05  -2.0068762e+01  -2.1211530e+01
   9.5708912e+05  -1.9700214e+01  -2.1147516e+01
   9.6764105e+05  -1.8783327e+01  -2.0535914e+01
   9.7830932e+05  -1.7856331e+01  -1.9386194e+01
   9.8909520e+05  -1.7110986e+01  -1.8128157e+01
   1.0000000e+06  -1.6358093e+01  -1.6641039e+01
   1.0081204e+06  -1.5864026e+01  -1.5533634e+01
   1.0163068e+06  -1.5391101e+01  -1.5166610e+01
   1.0245596e+06  -1.4914335e+01  -1.4993966e+01
   1.0328795e+06  -1.4781157e+01  -1.4819921e+01
   1.0412669e+06  -1.4765391e+01  -1.5304160e+01
   1.0497224e+06  -1.4749496e+01  -1.5947743e+01
   1.0582466e+06  -1.5045712e+01  -1.6596552e+01
   1.0668400e+06  -1.5439943e+01  -1.7379608e+01
   1.0755032e+06  -1.5837375e+01  -1.8195977e+01
   1.0842367e+06  -1.6452100e+01  -1.9018975e+01
   1.0930412e+06  -1.7130286e+01  -1.9900848e+01
   1.1019172e+06  -1.7813979e+01  -2.0799460e+01
   1.1108652e+06  -1.7505524e+01  -2.0022701e+01
   1.1198859e+06  -1.6953424e+01  -1.8958454e+01
   1.1289798e+06  -1.6396841e+01  -1.7920849e+01
   1.1381476e+06  -1.5795048e+01  -1.6880153e+01
   1.1473899e+06  -1.5179752e+01  -1.5739561e+01
   1.1567071e+06  -1.4559459e+01  -1.4577304e+01
   1.1661001e+06  -1.3906996e+01  -1.3405610e+01
   1.1755693e+06  -1.3244263e+01  -1.2726051e+01
   1.1851154e+06  -1.2576149e+01  -1.2097714e+01
   1.1947391e+06  -1.2160517e+01  -1.1464274e+01
   1.2044409e+06  -1.1781752e+01  -1.1425446e+01
   1.2142214e+06  -1.1399911e+01  -1.1441157e+01
   1.2240814e+06  -1.1563959e+01  -1.1456995e+01
   1.2340215e+06  -1.1800725e+01  -1.2128065e+01
   1.2440422e+06  -1.2039414e+01  -1.2850860e+01
   1.2541444e+06  -1.2629362e+01  -1.3579525e+01
   1.2643286e+06  -1.3260840e+01  -1.4698217e+01
   1.2745954e+06  -1.3897446e+01  -1.5845426e+01
   1.2849457e+06  -1.4641019e+01  -1.7001951e+01
   1.2953800e+06  -1.5398914e+01  -1.7657025e+01
   1.3058990e+06  -1.6162964e+01  -1.8301441e+01
   1.3165035e+06  -1.6723426e+01  -1.8951089e+01
   1.3271940e+06  -1.7276147e+01  -1.8820615e+01
   1.3379714e+06  -1.7833356e+01  -1.8679138e+01
   1.3488363e+06  -1.7611244e+01  -1.8533810e+01
   1.3597894e+06  -1.7358531e+01  -1.7878806e+01
   1.3708315e+06  -1.7103766e+01  -1.7218484e+01
   1.3819632e+06  -1.7099812e+01  -1.6564631e+01
   1.3931853e+06  -1.7099812e+01  -1.6408655e+01
   1.4044986e+06  -1.7101795e+01  -1.6251413e+01
   1.4159037e+06  -1.7556293e+01  -1.6131099e+01
   1.4274014e+06  -1.8014482e+01  -1.6911089e+01
   1.4389925e+06  -1.8490114e+01  -1.7697413e+01
   1.4506778e+06  -1.9524655e+01  -1.8504483e+01
   1.4624579e+06  -2.0567598e+01  -1.9549820e+01
   1.4743337e+06  -2.1694253e+01  -2.0603646e+01
   1.4863059e+06  -2.4469150e+01  -2.1659345e+01
   1.4983753e+06  -2.7266582e+01  -2.2642415e+01
   1.5105427e+06  -3.0129107e+01  -2.3633468e+01
   1.5228090e+06  -3.3779381e+01  -2.4536747e+01
   1.5351748e+06  -3.9291625e+01  -2.4521140e+01
   1.5476411e+06  -4.3805110e+01  -2.4505407e+01
   1.5602086e+06  -4.1710808e+01  -2.4461779e+01
   1.5728781e+06  -3.9812327e+01  -2.4196429e+01
   1.5856506e+06  -3.6248713e+01  -2.3928926e+01
   1.5985267e+06  -3.3839225e+01  -2.3658071e+01
   1.6115074e+06  -3.1181893e+01  -2.3377073e+01
   1.6245936e+06  -2.7071572e+01  -2.3093793e+01
   1.6377859e+06  -2.5283711e+01  -2.2806929e+01
   1.6510854e+06  -2.4895893e+01  -2.2510277e+01
   1.6644930e+06  -2.4812047e+01  -2.2211216e+01
   1.6780093e+06  -2.5078776e+01  -2.1934016e+01
   1.6916355e+06  -2.5347672e+01  -2.1777861e+01
   1.7053723e+06  -2.5607504e+01  -2.1620438e+01
   1.7192206e+06  -2.5811507e+01  -2.1485172e+01
   1.7331814e+06  -2.6017166e+01  -2.1453937e+01
   1.7472556e+06  -2.6212158e+01  -2.1422448e+01
   1.7614440e+06  -2.6353413e+01  -2.1403331e+01
   1.7757477e+06  -2.6495816e+01  -2.1434571e+01
   1.7901675e+06  -2.6619673e+01  -2.1466065e+01
   1.8047044e+06  -2.6666765e+01  -2.1714946e+01
   1.8193594e+06  -2.6714240e+01  -2.2746013e+01
   1.8341333e+06  -2.6789669e+01  -2.3785453e+01
   1.8490273e+06  -2.6962370e+01  -2.5044043e+01
   1.8640422e+06  -2.7136473e+01  -2.6997102e+01
   1.8791790e+06  -2.7375371e+01  -2.8966020e+01
   1.8944387e+06  -2.7815043e+01  -3.0670417e+01
   1.9098223e+06  -2.8258285e+01  -3.1561140e+01
   1.9253309e+06  -2.8726917e+01  -3.2459096e+01