   2.9000000e+01  -8.0576353e+00  -7.9697997e+00		
   3.8000000e+01  -8.9703007e+00  -9.0535320e+00		
   4.7000000e+01  -1.0005270e+01  -1.0057968e+01		
   5.6000000e+01  -1.0708661e+01  -1.0793079e+01		
   6.5000000e+01  -1.1420908e+01  -1.1435326e+01		
   7.4000000e+01  -1.2017125e+01  -1.2050605e+01		
   8.3000000e+01  -1.2542373e+01  -1.2548113e+01		
   9.2000000e+01  -1.3029619e+01  -1.3024571e+01		
   1.0100000e+02  -1.3265521e+01  -1.3399657e+01		
   1.1000000e+02  -1.3561750e+01  -1.4022744e+01		
   1.1900000e+02  -1.3887213e+01  -1.4430293e+01		
   1.2800000e+02  -1.4214066e+01  -1.4653973e+01		
   1.3700000e+02  -1.4757498e+01  -1.5068542e+01		
   1.4600000e+02  -1.5084746e+01  -1.5585393e+01		
   1.5500000e+02  -1.5361756e+01  -1.5879452e+01		
   1.6400000e+02  -1.5680070e+01  -1.6152977e+01		
   1.7300000e+02  -1.5938052e+01  -1.6523971e+01		
   1.8200000e+02  -1.6125455e+01  -1.6966192e+01		
   1.9100000e+02  -1.6329799e+01  -1.7160567e+01		
   2.0000000e+02  -1.6848885e+01  -1.7409209e+01		
   2.0324492e+02  -1.6882508e+01  -1.7457366e+01		
   2.0654248e+02  -1.6915571e+01  -1.7634402e+01		
   2.0989355e+02  -1.7096297e+01  -1.7674743e+01		
   2.1329899e+02  -1.7118644e+01  -1.7870091e+01		
   2.1675968e+02  -1.7104020e+01  -1.7892833e+01		
   2.2027651e+02  -1.7113486e+01  -1.7920166e+01		
   2.2385041e+02  -1.7353452e+01  -1.8125228e+01		
   2.2748229e+02  -1.7399561e+01  -1.8177783e+01		
   2.3117310e+02  -1.7441426e+01  -1.8400956e+01		
   2.3492379e+02  -1.7615583e+01  -1.8451075e+01		
   2.3873533e+02  -1.7663142e+01  -1.8639710e+01		
   2.4260871e+02  -1.7921059e+01  -1.8663280e+01		
   2.4654494e+02  -1.7968454e+01  -1.8688918e+01		
   2.5054503e+02  -1.8128076e+01  -1.8839260e+01		
   2.5461002e+02  -1.8161238e+01  -1.8866390e+01		
   2.5874097e+02  -1.8192190e+01  -1.9059349e+01		
   2.6293893e+02  -1.8349475e+01  -1.9111771e+01		
   2.6720501e+02  -1.8396576e+01  -1.9351724e+01		
   2.7154030e+02  -1.8658191e+01  -1.9396102e+01		
   2.7594593e+02  -1.8702344e+01  -1.9437883e+01		
   2.8042304e+02  -1.8897129e+01  -1.9564432e+01		
   2.8497279e+02  -1.8931727e+01  -1.9599738e+01		
   2.8959636e+02  -1.9114418e+01  -1.9838336e+01		
   2.9429494e+02  -1.9155909e+01  -1.9896053e+01		
   2.9906976e+02  -1.9199292e+01  -2.0173169e+01		
   3.0392204e+02  -1.9468452e+01  -2.0227947e+01		
   3.0885305e+02  -1.9525464e+01  -2.0282912e+01		
   3.1386407e+02  -1.9800121e+01  -2.0504352e+01		
   3.1895638e+02  -1.9850312e+01  -2.0556357e+01		
   3.2413132e+02  -2.0025077e+01  -2.0785649e+01		
   3.2939022e+02  -2.0078935e+01  -2.0827904e+01		
   3.3473444e+02  -2.0350427e+01  -2.1071906e+01		
   3.4016537e+02  -2.0401834e+01  -2.1134777e+01		
   3.4568441e+02  -2.0454634e+01  -2.1403882e+01		
   3.5129300e+02  -2.0629607e+01  -2.1477381e+01		
   3.5699259e+02  -2.0675261e+01  -2.1546889e+01		
   3.6278465e+02  -2.0915329e+01  -2.1833112e+01		
   3.6867068e+02  -2.0973288e+01  -2.1891459e+01		
   3.7465221e+02  -2.1293464e+01  -2.2133559e+01		
   3.8073079e+02  -2.1357147e+01  -2.2186442e+01		
   3.8690799e+02  -2.1643159e+01  -2.2506260e+01		
   3.9318541e+02  -2.1705827e+01  -2.2586407e+01		
   3.9956469e+02  -2.1993629e+01  -2.2899850e+01		
   4.0604746e+02  -2.2045978e+01  -2.2978470e+01		
   4.1263541e+02  -2.2100859e+01  -2.3324916e+01		
   4.1933025e+02  -2.2453574e+01  -2.3385122e+01		
   4.2613372e+02  -2.2521208e+01  -2.3745969e+01		
   4.3304756e+02  -2.2836546e+01  -2.3806631e+01		
   4.4007358e+02  -2.2908675e+01  -2.3865608e+01		
   4.4721360e+02  -2.3261292e+01  -2.4172353e+01		
   4.5446945e+02  -2.3331406e+01  -2.4246113e+01		
   4.6184303e+02  -2.3707711e+01  -2.4555307e+01		
   4.6933625e+02  -2.3786716e+01  -2.4635338e+01		
   4.7695104e+02  -2.4067178e+01  -2.5016864e+01		
   4.8468937e+02  -2.4143314e+01  -2.5095409e+01		
   4.9255326e+02  -2.4570185e+01  -2.5504514e+01		
   5.0054474e+02  -2.4660431e+01  -2.5577327e+01		
   5.0866587e+02  -2.5072150e+01  -2.5889068e+01		
   5.1691877e+02  -2.5152417e+01  -2.5963818e+01		
   5.2530556e+02  -2.5589256e+01  -2.6385283e+01		
   5.3382843e+02  -2.5673627e+01  -2.6469950e+01		
   5.4248958e+02  -2.5763542e+01  -2.6910472e+01		
   5.5129125e+02  -2.6270246e+01  -2.6995849e+01		
   5.6023572e+02  -2.6729211e+01  -2.7491208e+01		
   5.6932532e+02  -2.6801042e+01  -2.7581173e+01		
   5.7856239e+02  -2.7208419e+01  -2.8007708e+01		
   5.8794933e+02  -2.7298137e+01  -2.8089639e+01		
   5.9748857e+02  -2.7802051e+01  -2.8611689e+01		
   6.0718257e+02  -2.7899685e+01  -2.9110628e+01		
   6.1703386e+02  -2.8412645e+01  -2.9213073e+01		
   6.2704498e+02  -2.8501646e+01  -2.9737612e+01		
   6.3721853e+02  -2.9002037e+01  -2.9825047e+01		
   6.4755714e+02  -2.9577562e+01  -3.0397960e+01		
   6.5806349e+02  -2.9655298e+01  -3.0906128e+01		
   6.6874030e+02  -3.0173438e+01  -3.1003411e+01		
   6.7959034e+02  -3.0258206e+01  -3.1491132e+01		
   6.9061642e+02  -3.0814706e+01  -3.1581329e+01		
   7.0182139e+02  -3.1438934e+01  -3.2007203e+01		
   7.1320815e+02  -3.1527528e+01  -3.2074023e+01		
   7.2477966e+02  -3.2005642e+01  -3.2255782e+01		
   7.3653892e+02  -3.2085792e+01  -3.2287900e+01		
   7.4848896e+02  -3.2387435e+01  -3.2319926e+01		
   7.6063289e+02  -3.2429490e+01  -3.2372881e+01		
   7.7297385e+02  -3.2570331e+01  -3.2384105e+01		
   7.8551503e+02  -3.2631760e+01  -3.2672431e+01		
   7.9825969e+02  -3.3114492e+01  -3.2745458e+01		
   8.1121113e+02  -3.3207216e+01  -3.3048598e+01		
   8.2437270e+02  -3.3790875e+01  -3.3125795e+01		
   8.3774781e+02  -3.3892905e+01  -3.3454257e+01		
   8.5133992e+02  -3.4403054e+01  -3.3522665e+01		
   8.6515256e+02  -3.4487891e+01  -3.3911524e+01		
   8.7918931e+02  -3.4812720e+01  -3.3992455e+01		
   8.9345380e+02  -3.4875541e+01  -3.4075328e+01		
   9.0794972e+02  -3.5071449e+01  -3.4335256e+01		
   9.2268083e+02  -3.5084746e+01  -3.4376746e+01		
   9.3765095e+02  -3.4958908e+01  -3.4213831e+01		
   9.5286396e+02  -3.4879793e+01  -3.4121724e+01		
   9.6832379e+02  -3.4422303e+01  -3.3617690e+01		
   9.8403444e+02  -3.4340417e+01  -3.3534383e+01		
   1.0000000e+03  -3.3854992e+01  -3.3021622e+01		
   1.0110250e+03  -3.3650051e+01  -3.2827447e+01		
   1.0221716e+03  -3.3459410e+01  -3.2630986e+01		
   1.0334411e+03  -3.3284076e+01  -3.2421053e+01		
   1.0448348e+03  -3.3099408e+01  -3.1661695e+01		
   1.0563541e+03  -3.2884787e+01  -3.1437243e+01		
   1.0680004e+03  -3.2658569e+01  -3.1212808e+01		
   1.0797752e+03  -3.2443358e+01  -3.0988390e+01		
   1.0916797e+03  -3.2215730e+01  -3.0788420e+01		
   1.1037155e+03  -3.1419101e+01  -3.0598558e+01		
   1.1158840e+03  -3.1205900e+01  -3.0396117e+01		
   1.1281866e+03  -3.0981509e+01  -3.0170965e+01		
   1.1406249e+03  -3.0767810e+01  -2.9929193e+01		
   1.1532003e+03  -3.0560093e+01  -2.9700118e+01		
   1.1659144e+03  -3.0347778e+01  -2.8924781e+01		
   1.1787686e+03  -3.0157989e+01  -2.8710621e+01		
   1.1917646e+03  -2.9975889e+01  -2.8485013e+01		
   1.2049038e+03  -2.9250966e+01  -2.8266026e+01		
   1.2181879e+03  -2.9031283e+01  -2.8045420e+01		
   1.2316185e+03  -2.8802049e+01  -2.7816273e+01		
   1.2451971e+03  -2.8572858e+01  -2.7581325e+01		
   1.2589254e+03  -2.8343711e+01  -2.7358981e+01		
   1.2728051e+03  -2.8126945e+01  -2.7152325e+01		
   1.2868378e+03  -2.7406919e+01  -2.6595023e+01		
   1.3010252e+03  -2.7192388e+01  -2.6397515e+01		
   1.3153691e+03  -2.6982451e+01  -2.6161145e+01		
   1.3298710e+03  -2.6757035e+01  -2.5931853e+01		
   1.3445329e+03  -2.6535314e+01  -2.5713624e+01		
   1.3593564e+03  -2.6306139e+01  -2.5492232e+01		
   1.3743433e+03  -2.6081461e+01  -2.5271216e+01		
   1.3894955e+03  -2.5868736e+01  -2.5043015e+01		
   1.4048147e+03  -2.5646179e+01  -2.4835548e+01		
   1.4203028e+03  -2.5015018e+01  -2.4672902e+01		
   1.4359617e+03  -2.4808899e+01  -2.4516335e+01		
   1.4517932e+03  -2.4622561e+01  -2.3903538e+01		
   1.4677993e+03  -2.4437585e+01  -2.3713618e+01		
   1.4839818e+03  -2.4243707e+01  -2.3522116e+01		
   1.5003427e+03  -2.4047852e+01  -2.3351022e+01		
   1.5168840e+03  -2.3868504e+01  -2.3168431e+01		
   1.5336077e+03  -2.3697972e+01  -2.3001514e+01		
   1.5505158e+03  -2.3518818e+01  -2.2850146e+01		
   1.5676103e+03  -2.3334210e+01  -2.2688205e+01		
   1.5848932e+03  -2.3162035e+01  -2.2513184e+01		
   1.6023667e+03  -2.2991554e+01  -2.2355583e+01		
   1.6200328e+03  -2.2817868e+01  -2.2210978e+01		
   1.6378937e+03  -2.2655206e+01  -2.2046247e+01		
   1.6559515e+03  -2.2492546e+01  -2.1856191e+01		
   1.6742084e+03  -2.2325112e+01  -2.1657371e+01		
   1.6926666e+03  -2.2144386e+01  -2.1466345e+01		
   1.7113283e+03  -2.1965359e+01  -2.1299671e+01		
   1.7301957e+03  -2.1816299e+01  -2.1164717e+01		
   1.7492712e+03  -2.1647965e+01  -2.1049049e+01		
   1.7685569e+03  -2.1481631e+01  -2.0930146e+01		
   1.7880553e+03  -2.1333578e+01  -2.0791109e+01		
   1.8077687e+03  -2.1164979e+01  -2.0628450e+01		
   1.8276994e+03  -2.1001481e+01  -2.0465793e+01		
   1.8478498e+03  -2.0832618e+01  -2.0307086e+01		
   1.8682224e+03  -2.0668432e+01  -2.0171565e+01		
   1.8888196e+03  -2.0481427e+01  -2.0033132e+01		
   1.9096439e+03  -2.0313791e+01  -1.9887776e+01		
   1.9306977e+03  -2.0181993e+01  -1.9750357e+01		
   1.9519837e+03  -2.0055065e+01  -1.9587703e+01		
   1.9735044e+03  -1.9904494e+01  -1.9423418e+01		
   1.9952623e+03  -1.9753868e+01  -1.9277628e+01		
   2.0172601e+03  -1.9603082e+01  -1.9130616e+01		
   2.0395005e+03  -1.9018626e+01  -1.8964340e+01		
   2.0619860e+03  -1.8840898e+01  -1.8817351e+01		
   2.0847195e+03  -1.8668710e+01  -1.8651679e+01		
   2.1077035e+03  -1.8531436e+01  -1.8517629e+01		
   2.1309410e+03  -1.8415111e+01  -1.8401823e+01		
   2.1544347e+03  -1.8264820e+01  -1.8273021e+01		
   2.1781874e+03  -1.8114848e+01  -1.8124488e+01		
   2.2022019e+03  -1.7969338e+01  -1.7994273e+01		
   2.2264813e+03  -1.7850851e+01  -1.7881303e+01		
   2.2510283e+03  -1.7737882e+01  -1.7768334e+01		
   2.2758459e+03  -1.7592789e+01  -1.7655364e+01		
   2.3009372e+03  -1.7458221e+01  -1.7542395e+01		
   2.3263051e+03  -1.7310369e+01  -1.7431860e+01		
   2.3519526e+03  -1.7144702e+01  -1.7287292e+01		
   2.3778830e+03  -1.6982005e+01  -1.7136698e+01		
   2.4040992e+03  -1.6861570e+01  -1.6986165e+01		
   2.4306044e+03  -1.6762404e+01  -1.6851056e+01		
   2.4574019e+03  -1.6634820e+01  -1.6756764e+01		
   2.4844948e+03  -1.6473685e+01  -1.6661814e+01		
   2.5118864e+03  -1.6309453e+01  -1.6548040e+01		
   2.5395800e+03  -1.6169151e+01  -1.6414642e+01		
   2.5675790e+03  -1.6065705e+01  -1.6251787e+01		
   2.5958866e+03  -1.5938166e+01  -1.6101247e+01		
   2.6245063e+03  -1.5777080e+01  -1.5969390e+01		
   2.6534415e+03  -1.5612840e+01  -1.5818764e+01		
   2.6826958e+03  -1.5457941e+01  -1.5668138e+01		
   2.7122726e+03  -1.5336419e+01  -1.5517512e+01		
   2.7421754e+03  -1.5222492e+01  -1.5366886e+01		
   2.7724080e+03  -1.5090882e+01  -1.5216338e+01		
   2.8029739e+03  -1.4974345e+01  -1.5101373e+01		
   2.8338767e+03  -1.4876633e+01  -1.5042785e+01		
   2.8651203e+03  -1.4751985e+01  -1.4981689e+01		
   2.8967083e+03  -1.4590987e+01  -1.4867241e+01		
   2.9286446e+03  -1.4441256e+01  -1.4739554e+01		
   2.9609329e+03  -1.4290630e+01  -1.4588424e+01		
   2.9935773e+03  -1.4140004e+01  -1.4425530e+01		
   3.0265816e+03  -1.4003888e+01  -1.4274913e+01		
   3.0599497e+03  -1.3886597e+01  -1.4138909e+01		
   3.0936857e+03  -1.3788129e+01  -1.4024327e+01		
   3.1277937e+03  -1.3693181e+01  -1.3521720e+01		
   3.1622777e+03  -1.3581021e+01  -1.3376849e+01		
   3.1971418e+03  -1.3468051e+01  -1.3208392e+01		
   3.2323904e+03  -1.3369614e+01  -1.3079902e+01		
   3.2680276e+03  -1.3240688e+01  -1.2982568e+01		
   3.3040577e+03  -1.3078102e+01  -1.2848926e+01		
   3.3404850e+03  -1.2960553e+01  -1.2699047e+01		
   3.3773139e+03  -1.2879326e+01  -1.2566497e+01		
   3.4145489e+03  -1.2816555e+01  -1.2416627e+01		
   3.4521944e+03  -1.2710598e+01  -1.2284069e+01		
   3.4902549e+03  -1.2549927e+01  -1.2152271e+01		
   3.5287350e+03  -1.2396369e+01  -1.2020473e+01		
   3.5676394e+03  -1.2293420e+01  -1.1888675e+01		
   3.6069727e+03  -1.2198730e+01  -1.1792835e+01		
   3.6467397e+03  -1.2052430e+01  -1.1695237e+01		
   3.6869451e+03  -1.1892047e+01  -1.1619849e+01		
   3.7275937e+03  -1.1759364e+01  -1.1692392e+01		
   3.7686905e+03  -1.1645028e+01  -1.1615682e+01		
   3.8102404e+03  -1.1528711e+01  -1.1262255e+01		
   3.8522484e+03  -1.1415741e+01  -1.1130538e+01		
   3.8947195e+03  -1.1302771e+01  -1.0961285e+01		
   3.9376589e+03  -1.1189802e+01  -1.0816302e+01		
   3.9810717e+03  -1.1046574e+01  -1.0665676e+01		
   4.0249631e+03  -1.0911073e+01  -1.0515050e+01		
   4.0693384e+03  -1.0808826e+01  -1.0346417e+01		
   4.1142030e+03  -1.0680089e+01  -1.0195232e+01		
   4.1595622e+03  -1.0532457e+01  -1.0050106e+01		
   4.2054214e+03  -1.0381831e+01  -9.9167528e+00		
   4.2517863e+03  -1.0215378e+01  -9.8022239e+00		
   4.2986623e+03  -1.0062714e+01  -9.6719894e+00		
   4.3460552e+03  -9.9470867e+00  -9.5062388e+00		
   4.3939706e+03  -9.8341171e+00  -9.3435375e+00		
   4.4424142e+03  -9.6921761e+00  -9.2105768e+00		
   4.4913919e+03  -9.5604838e+00  -9.1075710e+00		
   4.5409096e+03  -9.4286860e+00  -9.0129996e+00		
   4.5909732e+03  -9.2968881e+00  -8.8812020e+00		
   4.6415888e+03  -9.1650903e+00  -8.7326817e+00		
   4.6927625e+03  -9.0203908e+00  -8.6038221e+00		
   4.7445003e+03  -8.8741002e+00  -8.4720242e+00		
   4.7968085e+03  -8.7251529e+00  -8.3567288e+00		
   4.8496934e+03  -8.5915176e+00  -8.2598230e+00		
   4.9031614e+03  -8.4712743e+00  -8.1280794e+00		
   4.9572189e+03  -8.3552976e+00  -7.9967379e+00		
   5.0118723e+03  -8.2287298e+00  -7.9020671e+00		
   5.0671283e+03  -8.1105260e+00  -7.7871895e+00		
   5.1229936e+03  -7.9839665e+00  -7.6347124e+00		
   5.1794747e+03  -7.8536458e+00  -7.4895598e+00		
   5.2365785e+03  -7.7382889e+00  -7.3733151e+00		
   5.2943119e+03  -7.6253193e+00  -7.2603455e+00		
   5.3526818e+03  -7.4994991e+00  -7.1130109e+00		
   5.4116953e+03  -7.3548547e+00  -6.9623847e+00		
   5.4713593e+03  -7.2299134e+00  -6.8289328e+00		
   5.5316812e+03  -7.1169439e+00  -6.7143050e+00		
   5.5926681e+03  -6.9783060e+00  -6.6013354e+00		
   5.6543274e+03  -6.8405099e+00  -6.4540420e+00		
   5.7166665e+03  -6.7201959e+00  -6.2697738e+00		
   5.7796929e+03  -6.6042320e+00  -6.1044622e+00		
   5.8434141e+03  -6.4777220e+00  -5.9514360e+00		
   5.9078379e+03  -6.3207688e+00  -5.8172341e+00		
   5.9729720e+03  -6.1687114e+00  -5.6854362e+00		
   6.0388241e+03  -6.0074618e+00  -5.5543186e+00		
   6.1054023e+03  -5.8565846e+00  -5.3955106e+00		
   6.1727145e+03  -5.7209227e+00  -5.2116354e+00		
   6.2407688e+03  -5.5801871e+00  -5.0456676e+00		
   6.3095734e+03  -5.4329418e+00  -4.8955448e+00		
   6.3791366e+03  -5.2823157e+00  -4.7463996e+00		
   6.4494668e+03  -5.1316897e+00  -4.6000722e+00		
   6.5205723e+03  -4.9810636e+00  -4.4359470e+00		
   6.5924618e+03  -4.8330857e+00  -4.2934825e+00		
   6.6651438e+03  -4.6954774e+00  -4.1739820e+00		
   6.7386272e+03  -4.5715468e+00  -4.0578712e+00		
   6.8129207e+03  -4.4652908e+00  -3.9306966e+00		
   6.8880333e+03  -4.3464475e+00  -3.7988987e+00		
   6.9639740e+03  -4.1977160e+00  -3.6671009e+00		
   7.0407520e+03  -4.0332848e+00  -3.5628244e+00		
   7.1183765e+03  -3.8687680e+00  -3.4802627e+00		
   7.1968567e+03  -3.7238176e+00  -3.3870179e+00		
   7.2762022e+03  -3.5896681e+00  -3.2616280e+00		
   7.3564225e+03  -3.4578704e+00  -3.1604723e+00		
   7.4375273e+03  -3.3113760e+00  -3.0796589e+00		
   7.5195262e+03  -3.1533028e+00  -2.9875471e+00		
   7.6024291e+03  -3.0194276e+00  -2.9073153e+00		
   7.6862461e+03  -2.9315718e+00  -2.8830753e+00		
   7.7709871e+03  -2.8914315e+00  -2.8635528e+00		
   7.8566625e+03  -2.8624550e+00  -2.8255375e+00		
   7.9432823e+03  -2.8044601e+00  -2.8618151e+00		
   8.0308572e+03  -2.7379420e+00  -2.8238074e+00		
   8.1193976e+03  -2.7118644e+00  -2.8025298e+00		
   8.2089142e+03  -2.7003387e+00  -2.7634719e+00		
   8.2994176e+03  -2.6930320e+00  -2.7306968e+00		
   8.3909189e+03  -2.7317632e+00  -2.7422082e+00		
   8.4834290e+03  -2.8417997e+00  -2.8007925e+00		
   8.5769590e+03  -2.9807585e+00  -2.8593760e+00		
   8.6715202e+03  -3.1514732e+00  -2.9273087e+00		
   8.7671239e+03  -3.3369843e+00  -3.0431296e+00		
   8.8637816e+03  -3.4983759e+00  -3.2126035e+00		
   8.9615050e+03  -3.6574528e+00  -3.3974469e+00		
   9.0603058e+03  -3.8462030e+00  -3.5945289e+00		
   9.1601959e+03  -4.0615093e+00  -4.3065867e+00		
   9.2611873e+03  -4.2792155e+00  -4.5050884e+00		
   9.3632921e+03  -4.4913374e+00  -4.7267203e+00		
   9.4665226e+03  -4.7097255e+00  -4.9477580e+00		
   9.5708912e+03  -4.9384489e+00  -5.1606177e+00		
   9.6764105e+03  -5.6139537e+00  -5.3712993e+00		
   9.7830932e+03  -5.8693828e+00  -5.5814607e+00		
   9.8909520e+03  -6.1044559e+00  -5.8040864e+00		
   1.0000000e+04  -6.3311353e+00  -6.6556516e+00		
   1.0110250e+04  -6.5558601e+00  -6.8849572e+00		
   1.0221716e+04  -6.7717497e+00  -7.1024288e+00		
   1.0334411e+04  -7.5364930e+00  -7.3059436e+00		
   1.0448348e+04  -7.6814677e+00  -7.5060908e+00		
   1.0563541e+04  -7.7672710e+00  -7.6907614e+00		
   1.0680004e+04  -7.8103769e+00  -7.8255899e+00		
   1.0797752e+04  -7.8324326e+00  -7.8719397e+00		
   1.0916797e+04  -7.7812342e+00  -7.8287737e+00		
   1.1037155e+04  -7.6311141e+00  -7.6883263e+00		
   1.1158840e+04  -7.4343275e+00  -7.4923629e+00		
   1.1281866e+04  -7.2141304e+00  -7.2754884e+00		
   1.1406249e+04  -6.9744606e+00  -7.0684471e+00		
   1.1532003e+04  -6.7300321e+00  -6.8704996e+00		
   1.1659144e+04  -6.4972481e+00  -6.1478952e+00		
   1.1787686e+04  -6.2593730e+00  -5.9521557e+00		
   1.1917646e+04  -6.0324293e+00  -5.7678586e+00		
   1.2049038e+04  -5.8107697e+00  -5.6131239e+00		
   1.2181879e+04  -5.6385168e+00  -5.5044566e+00		
   1.2316185e+04  -5.5096051e+00  -5.4660632e+00		
   1.2451971e+04  -5.4168506e+00  -5.4465395e+00		
   1.2589254e+04  -5.3642425e+00  -5.4270160e+00		
   1.2728051e+04  -5.3447141e+00  -5.4237288e+00		
   1.2868378e+04  -5.3383287e+00  -5.4237288e+00		
   1.3010252e+04  -5.3808646e+00  -5.4237288e+00		
   1.3153691e+04  -5.4338737e+00  -5.4420355e+00		
   1.3298710e+04  -5.4556260e+00  -5.4238947e+00		
   1.3445329e+04  -5.4102486e+00  -5.4408350e+00		
   1.3593564e+04  -5.2862213e+00  -5.3986528e+00		
   1.3743433e+04  -5.1061920e+00  -5.2712430e+00		
   1.3894955e+04  -4.9095376e+00  -4.5892441e+00		
   1.4048147e+04  -4.7107422e+00  -4.3857808e+00		
   1.4203028e+04  -4.5257513e+00  -4.1993912e+00		
   1.4359617e+04  -3.8126566e+00  -3.9903666e+00		
   1.4517932e+04  -3.5980148e+00  -3.7764399e+00		
   1.4677993e+04  -3.3593048e+00  -3.5579112e+00		
   1.4839818e+04  -3.1430701e+00  -3.3468776e+00		
   1.5003427e+04  -2.9291646e+00  -3.1577439e+00		
   1.5168840e+04  -2.7246831e+00  -3.0140702e+00		
   1.5336077e+04  -2.5434711e+00  -2.9477214e+00		
   1.5505158e+04  -2.4126647e+00  -2.9290457e+00		
   1.5676103e+04  -2.3228346e+00  -2.9826857e+00		
   1.5848932e+04  -2.2544258e+00  -3.0716310e+00		
   1.6023667e+04  -2.2137286e+00  -3.1432762e+00		
   1.6200328e+04  -2.2033898e+00  -3.2146474e+00		
   1.6378937e+04  -2.2033898e+00  -3.3299166e+00		
   1.6559515e+04  -2.2033898e+00  -3.4739116e+00		
   1.6742084e+04  -2.2033898e+00  -3.6057094e+00		
   1.6926666e+04  -2.2033898e+00  -3.7441297e+00		
   1.7113283e+04  -2.2160417e+00  -3.8947557e+00		
   1.7301957e+04  -2.2755976e+00  -4.0414504e+00		
   1.7492712e+04  -2.3945020e+00  -4.1843178e+00		
   1.7685569e+04  -2.5385414e+00  -4.3219958e+00		
   1.7880553e+04  -2.6718718e+00  -4.4784980e+00		
   1.8077687e+04  -2.7774396e+00  -4.6479522e+00		
   1.8276994e+04  -2.8859702e+00  -4.8180601e+00		
   1.8478498e+04  -3.0019971e+00  -5.0008027e+00		
   1.8682224e+04  -3.1020737e+00  -5.2126928e+00		
   1.8888196e+04  -3.2134378e+00  -5.4038717e+00		
   1.9096439e+04  -3.3118680e+00  -5.5936356e+00		
   1.9306977e+04  -3.4060094e+00  -6.1280722e+00		
   1.9519837e+04  -3.5146818e+00  -6.2782431e+00		
   1.9735044e+04  -3.6421783e+00  -6.4560791e+00		
   1.9952623e+04  -3.7594533e+00  -6.6380084e+00		
   2.0172601e+04  -3.8724229e+00  -6.8409839e+00		
   2.0395005e+04  -4.0144217e+00  -7.0530466e+00		
   2.0619860e+04  -4.1650478e+00  -7.2334661e+00		
   2.0847195e+04  -4.3142819e+00  -7.4089077e+00		
   2.1077035e+04  -4.4588956e+00  -7.5865187e+00		
   2.1309410e+04  -4.5938197e+00  -7.7685436e+00		
   2.1544347e+04  -4.7153979e+00  -7.9662384e+00		
   2.1781874e+04  -4.8015871e+00  -8.1724699e+00		
   2.2022019e+04  -4.9080064e+00  -8.3852158e+00		
   2.2264813e+04  -5.0644206e+00  -8.6122775e+00		
   2.2510283e+04  -5.2322986e+00  -8.8095797e+00		
   2.2758459e+04  -5.3543492e+00  -9.4721734e+00		
   2.3009372e+04  -5.4522664e+00  -9.7033817e+00		
   2.3263051e+04  -5.5764249e+00  -9.9464980e+00		
   2.3519526e+04  -5.7219613e+00  -1.0193126e+01		
   2.3778830e+04  -5.8725874e+00  -1.0436832e+01		
   2.4040992e+04  -6.0094832e+00  -1.1260889e+01		
   2.4306044e+04  -6.1286958e+00  -1.1532828e+01		
   2.4574019e+04  -6.2593030e+00  -1.1757652e+01		
   2.4844948e+04  -6.4199814e+00  -1.2702080e+01		
   2.5118864e+04  -6.5894358e+00  -1.2834421e+01		
   2.5395800e+04  -6.7287873e+00  -1.3801885e+01		
   2.5675790e+04  -6.8430618e+00  -1.4760358e+01		
   2.5958866e+04  -6.9571779e+00  -1.4967280e+01		
   2.6245063e+04  -7.0589156e+00  -1.5927728e+01		
   2.6534415e+04  -7.1538793e+00  -1.6157007e+01		
   2.6826958e+04  -7.2810755e+00  -1.6429790e+01		
   2.7122726e+04  -7.4118309e+00  -1.6722397e+01		
   2.7421754e+04  -7.5396167e+00  -1.6405653e+01		
   2.7724080e+04  -7.6714146e+00  -1.6233976e+01		
   2.8029739e+04  -7.8032124e+00  -1.5377233e+01		
   2.8338767e+04  -7.9494011e+00  -1.3874193e+01		
   2.8651203e+04  -8.1144138e+00  -1.1774589e+01		
   2.8967083e+04  -8.2694857e+00  -9.7451851e+00		
   2.9286446e+04  -8.4201118e+00  -9.0377487e+00		
   2.9609329e+04  -8.5851122e+00  -8.3402203e+00		
   2.9935773e+04  -8.7245700e+00  -7.3657356e+00		
   3.0265816e+04  -8.8124095e+00  -6.3540085e+00		
   3.0599497e+04  -8.8905051e+00  -6.1537237e+00		
   3.0936857e+04  -8.9831205e+00  -5.3687570e+00		
   3.1277937e+04  -9.1063556e+00  -5.3312446e+00		
   3.1622777e+04  -9.2341564e+00  -5.4229544e+00		
   3.1971418e+04  -9.3516089e+00  -5.5917319e+00		
   3.2323904e+04  -9.4789197e+00  -5.7547587e+00		
   3.2680276e+04  -9.6393918e+00  -5.9418006e+00		
   3.3040577e+04  -9.7945132e+00  -6.1560490e+00		
   3.3404850e+04  -9.9021528e+00  -6.4075969e+00		
   3.3773139e+04  -9.9826408e+00  -6.6492029e+00		
   3.4145489e+04  -1.0090256e+01  -6.8769510e+00		
   3.4521944e+04  -1.0218264e+01  -7.0976326e+00		
   3.4902549e+04  -1.0350062e+01  -7.2910523e+00		
   3.5287350e+04  -1.0481860e+01  -7.4537132e+00		
   3.5676394e+04  -1.0642333e+01  -7.6214544e+00		
   3.6069727e+04  -1.0805025e+01  -7.8035370e+00		
   3.6467397e+04  -1.0954353e+01  -7.9934899e+00		
   3.6869451e+04  -1.1100889e+01  -8.6353320e+00		
   3.7275937e+04  -1.1264358e+01  -8.8151434e+00		
   3.7686905e+04  -1.1408135e+01  -9.0273822e+00		
   3.8102404e+04  -1.1527099e+01  -9.2345459e+00		
   3.8522484e+04  -1.1665729e+01  -9.4416937e+00		
   3.8947195e+04  -1.1816355e+01  -9.6488256e+00		
   3.9376589e+04  -1.1979803e+01  -9.8559415e+00		
   3.9810717e+04  -1.2136439e+01  -1.0059266e+01		
   4.0249631e+04  -1.2261438e+01  -1.0250030e+01		
   4.0693384e+04  -1.2388788e+01  -1.0427490e+01		
   4.1142030e+04  -1.2537602e+01  -1.0596944e+01		
   4.1595622e+04  -1.2699831e+01  -1.0766398e+01		
   4.2054214e+04  -1.2851905e+01  -1.0912665e+01		
   4.2517863e+04  -1.3000588e+01  -1.1019978e+01		
   4.2986623e+04  -1.3147373e+01  -1.1132567e+01		
   4.3460552e+04  -1.3273876e+01  -1.1272806e+01		
   4.3939706e+04  -1.3398903e+01  -1.1431870e+01		
   4.4424142e+04  -1.3530701e+01  -1.1597560e+01		
   4.4913919e+04  -1.3650449e+01  -1.1774740e+01		
   4.5409096e+04  -1.3740340e+01  -1.1980048e+01		
   4.5909732e+04  -1.3817534e+01  -1.2179712e+01		
   4.6415888e+04  -1.3880766e+01  -1.2336159e+01		
   4.6927625e+04  -1.3898305e+01  -1.2467957e+01		
   4.7445003e+04  -1.3826458e+01  -1.2605262e+01		
   4.7968085e+04  -1.3671328e+01  -1.2744882e+01		
   4.8496934e+04  -1.3482858e+01  -1.2848840e+01		
   4.9031614e+04  -1.3315049e+01  -1.2931290e+01		
   4.9572189e+04  -1.3208940e+01  -1.3027781e+01		
   5.0118723e+04  -1.3169716e+01  -1.3116263e+01		
   5.0671283e+04  -1.3218442e+01  -1.3185972e+01		
   5.1229936e+04  -1.3351014e+01  -1.3244552e+01		
   5.1794747e+04  -1.3508851e+01  -1.3318713e+01		
   5.2365785e+04  -1.3684005e+01  -1.3414802e+01		
   5.2943119e+04  -1.3831556e+01  -1.3528802e+01		
   5.3526818e+04  -1.3940663e+01  -1.3660600e+01		
   5.4116953e+04  -1.4037145e+01  -1.3776046e+01		
   5.4713593e+04  -1.4143984e+01  -1.3852386e+01		
   5.5316812e+04  -1.4219558e+01  -1.3909880e+01		
   5.5926681e+04  -1.4237288e+01  -1.3978047e+01		
   5.6543274e+04  -1.4237288e+01  -1.4065424e+01		
   5.7166665e+04  -1.4237288e+01  -1.4172870e+01		
   5.7796929e+04  -1.4284353e+01  -1.4285840e+01		
   5.8434141e+04  -1.4391489e+01  -1.4388999e+01		
   5.9078379e+04  -1.4520739e+01  -1.4509233e+01		
   5.9729720e+04  -1.4668813e+01  -1.4641031e+01		
   6.0388241e+04  -1.4803167e+01  -1.4760891e+01		
   6.1054023e+04  -1.4934965e+01  -1.4897727e+01		
   6.1727145e+04  -1.5099290e+01  -1.5048353e+01		
   6.2407688e+04  -1.5252485e+01  -1.5210904e+01		
   6.3095734e+04  -1.5403111e+01  -1.5380359e+01		
   6.3791366e+04  -1.5569054e+01  -1.5549813e+01		
   6.4494668e+04  -1.5731751e+01  -1.5719267e+01		
   6.5205723e+04  -1.5895905e+01  -1.5900630e+01		
   6.5924618e+04  -1.6050565e+01  -1.6077009e+01		
   6.6651438e+04  -1.6156818e+01  -1.6198861e+01		
   6.7386272e+04  -1.6236775e+01  -1.6269985e+01		
   6.8129207e+04  -1.6360887e+01  -1.6341406e+01		
   6.8880333e+04  -1.6536395e+01  -1.6470251e+01		
   6.9639740e+04  -1.6724965e+01  -1.6661031e+01		
   7.0407520e+04  -1.6910703e+01  -1.6861319e+01		
   7.1183765e+04  -1.7068774e+01  -1.7053436e+01		
   7.1968567e+04  -1.7229737e+01  -1.7231294e+01		
   7.2762022e+04  -1.7392420e+01  -1.7379909e+01		
   7.3564225e+04  -1.7555100e+01  -1.7511706e+01		
   7.4375273e+04  -1.7733887e+01  -1.7667684e+01		
   7.5195262e+04  -1.7926247e+01  -1.7848397e+01		
   7.6024291e+04  -1.8129513e+01  -1.8043650e+01		
   7.6862461e+04  -1.8322783e+01  -1.8242460e+01		
   7.7709871e+04  -1.8503513e+01  -1.8435138e+01		
   7.8566625e+04  -1.8681431e+01  -1.8631759e+01		
   7.9432823e+04  -1.8865179e+01  -1.8830555e+01		
   8.0308572e+04  -1.9560028e+01  -1.9025446e+01		
   8.1193976e+04  -1.9776851e+01  -1.9823432e+01		
   8.2089142e+04  -1.9937281e+01  -2.0045919e+01		
   8.2994176e+04  -1.9993196e+01  -2.0250440e+01		
   8.3909189e+04  -1.9892975e+01  -2.0439241e+01		
   8.4834290e+04  -1.9655798e+01  -2.0592185e+01		
   8.5769590e+04  -1.9405030e+01  -2.0686971e+01		
   8.6715202e+04  -1.9181087e+01  -2.0675741e+01		
   8.7671239e+04  -1.8927064e+01  -2.0550224e+01		
   8.8637816e+04  -1.8152014e+01  -2.0364613e+01		
   8.9615050e+04  -1.7959436e+01  -2.0151540e+01		
   9.0603058e+04  -1.7775844e+01  -1.9928105e+01		
   9.1601959e+04  -1.7637413e+01  -1.9010985e+01		
   9.2611873e+04  -1.7593464e+01  -1.8773612e+01		
   9.3632921e+04  -1.7635994e+01  -1.8526050e+01		
   9.4665226e+04  -1.7742567e+01  -1.8278738e+01		
   9.5708912e+04  -1.7902842e+01  -1.8094475e+01		
   9.6764105e+04  -1.8080773e+01  -1.7973999e+01		
   9.7830932e+04  -1.8247065e+01  -1.7928437e+01		
   9.8909520e+04  -1.8434847e+01  -1.7955454e+01		
   1.0000000e+05  -1.8648597e+01  -1.8074408e+01		
   1.0110250e+05  -1.8882102e+01  -1.8240426e+01		
   1.0221716e+05  -1.9121417e+01  -1.8438226e+01		
   1.0334411e+05  -1.9366356e+01  -1.8626336e+01		
   1.0448348e+05  -1.9580819e+01  -1.9146263e+01		
   1.0563541e+05  -1.9763567e+01  -1.9344497e+01		
   1.0680004e+05  -1.9932066e+01  -1.9558978e+01		
   1.0797752e+05  -2.0122925e+01  -1.9767975e+01		
   1.0916797e+05  -2.0321205e+01  -1.9970465e+01		
   1.1037155e+05  -2.0896513e+01  -2.0193863e+01		
   1.1158840e+05  -2.1054814e+01  -2.0418260e+01		
   1.1281866e+05  -2.1207511e+01  -2.0621998e+01		
   1.1406249e+05  -2.1358137e+01  -2.0820590e+01		
   1.1532003e+05  -2.1525513e+01  -2.1034886e+01		
   1.1659144e+05  -2.1678222e+01  -2.1259818e+01		
   1.1787686e+05  -2.1844833e+01  -2.1472078e+01		
   1.1917646e+05  -2.1991629e+01  -2.1635347e+01		
   1.2049038e+05  -2.2106807e+01  -2.1767144e+01		
   1.2181879e+05  -2.2220569e+01  -2.1895848e+01		
   1.2316185e+05  -2.2384064e+01  -2.2041233e+01		
   1.2451971e+05  -2.2573474e+01  -2.2203925e+01		
   1.2589254e+05  -2.2759344e+01  -2.2761625e+01		
   1.2728051e+05  -2.2936276e+01  -2.2967438e+01		
   1.2868378e+05  -2.3115509e+01  -2.3190416e+01		
   1.3010252e+05  -2.3315229e+01  -2.3427441e+01		
   1.3153691e+05  -2.3526496e+01  -2.3647911e+01		
   1.3298710e+05  -2.3745955e+01  -2.3872298e+01		
   1.3445329e+05  -2.3962728e+01  -2.4087204e+01		
   1.3593564e+05  -2.4167497e+01  -2.4294299e+01		
   1.3743433e+05  -2.4927593e+01  -2.4506347e+01		
   1.3894955e+05  -2.5148195e+01  -2.4725526e+01		
   1.4048147e+05  -2.5377452e+01  -2.5580024e+01		
   1.4203028e+05  -2.5609720e+01  -2.5838409e+01		
   1.4359617e+05  -2.5845930e+01  -2.6086912e+01		
   1.4517932e+05  -2.6091206e+01  -2.6344885e+01		
   1.4677993e+05  -2.6244001e+01  -2.6610115e+01		
   1.4839818e+05  -2.6280589e+01  -2.7099737e+01		
   1.5003427e+05  -2.6246770e+01  -2.7118626e+01		
   1.5168840e+05  -2.6266427e+01  -2.7100490e+01		
   1.5336077e+05  -2.7023647e+01  -2.7118644e+01		
   1.5505158e+05  -2.7204959e+01  -2.7120717e+01		
   1.5676103e+05  -2.8134016e+01  -2.7148215e+01		
   1.5848932e+05  -2.8901231e+01  -2.7240580e+01		
   1.6023667e+05  -2.9814126e+01  -2.8069705e+01		
   1.6200328e+05  -3.0738026e+01  -2.8256543e+01		
   1.6378937e+05  -3.1571435e+01  -2.9216544e+01		
   1.6559515e+05  -3.1629598e+01  -3.0091516e+01		
   1.6742084e+05  -3.1543089e+01  -3.0954089e+01		
   1.6926666e+05  -3.1366583e+01  -3.1184812e+01		
   1.7113283e+05  -3.1225940e+01  -3.1354545e+01		
   1.7301957e+05  -3.1205273e+01  -3.1322872e+01		
   1.7492712e+05  -3.1304292e+01  -3.1194743e+01		
   1.7685569e+05  -3.1475751e+01  -3.1113836e+01		
   1.7880553e+05  -3.1699414e+01  -3.1149719e+01		
   1.8077687e+05  -3.1946699e+01  -3.1283540e+01		
   1.8276994e+05  -3.2196830e+01  -3.1457647e+01		
   1.8478498e+05  -3.2436506e+01  -3.2116538e+01		
   1.8682224e+05  -3.2667447e+01  -3.2372133e+01		
   1.8888196e+05  -3.3593179e+01  -3.2641551e+01		
   1.9096439e+05  -3.3822006e+01  -3.2896429e+01		
   1.9306977e+05  -3.4028985e+01  -3.3150735e+01		
   1.9519837e+05  -3.4972581e+01  -3.3385232e+01		
   1.9735044e+05  -3.5910803e+01  -3.4341310e+01		
   1.9952623e+05  -3.6108776e+01  -3.4569582e+01		
   2.0172601e+05  -3.7063516e+01  -3.5544583e+01		
   2.0395005e+05  -3.7986050e+01  -3.6474021e+01		
   2.0619860e+05  -3.8787776e+01  -3.6646943e+01		
   2.0847195e+05  -3.9664631e+01  -3.7619171e+01		
   2.1077035e+05  -4.0611434e+01  -3.7759862e+01		
   2.1309410e+05  -4.1539352e+01  -3.8643497e+01		
   2.1544347e+05  -4.2440285e+01  -3.9569939e+01		
   2.1781874e+05  -4.3241982e+01  -4.0400345e+01		
   2.2022019e+05  -4.4135054e+01  -4.1241859e+01		
   2.2264813e+05  -4.4280831e+01  -4.2131627e+01		
   2.2510283e+05  -4.4273619e+01  -4.2959099e+01		
   2.2758459e+05  -4.4106303e+01  -4.2960619e+01		
   2.3009372e+05  -4.3891013e+01  -4.2815251e+01		
   2.3263051e+05  -4.3009665e+01  -4.2584127e+01		
   2.3519526e+05  -4.2110167e+01  -4.2322331e+01		
   2.3778830e+05  -4.1152066e+01  -4.1328277e+01		
   2.4040992e+05  -4.0292509e+01  -4.0549317e+01		
   2.4306044e+05  -3.9514786e+01  -3.9834938e+01		
   2.4574019e+05  -3.7964098e+01  -3.8996783e+01		
   2.4844948e+05  -3.7147389e+01  -3.7353878e+01		
   2.5118864e+05  -3.6401145e+01  -3.6580643e+01		
   2.5395800e+05  -3.4790161e+01  -3.4966901e+01		
   2.5675790e+05  -3.3830884e+01  -3.4183461e+01		
   2.5958866e+05  -3.3708629e+01  -3.3288827e+01		
   2.6245063e+05  -3.2799410e+01  -3.2364462e+01		
   2.6534415e+05  -3.1863869e+01  -3.2148071e+01		
   2.6826958e+05  -3.1715156e+01  -3.1179346e+01		
   2.7122726e+05  -3.0756942e+01  -3.0257255e+01		
   2.7421754e+05  -2.9780641e+01  -3.0170889e+01		
   2.7724080e+05  -2.8859255e+01  -2.9231815e+01		
   2.8029739e+05  -2.8681446e+01  -2.8236222e+01		
   2.8338767e+05  -2.7684220e+01  -2.7979868e+01		
   2.8651203e+05  -2.7590654e+01  -2.7001585e+01		
   2.8967083e+05  -2.6597938e+01  -2.6849185e+01		
   2.9286446e+05  -2.6357665e+01  -2.5932220e+01		
   2.9609329e+05  -2.5389156e+01  -2.5758090e+01		
   2.9935773e+05  -2.5187076e+01  -2.4786316e+01		
   3.0265816e+05  -2.4224758e+01  -2.4554187e+01		
   3.0599497e+05  -2.3970680e+01  -2.4313997e+01		
   3.0936857e+05  -2.3748967e+01  -2.3362600e+01		
   3.1277937e+05  -2.2764151e+01  -2.3147970e+01		
   3.1622777e+05  -2.2539070e+01  -2.2173119e+01		
   3.1971418e+05  -2.2288901e+01  -2.1930067e+01		
   3.2323904e+05  -2.1373947e+01  -2.1691295e+01		
   3.2680276e+05  -2.1126696e+01  -2.0748838e+01		
   3.3040577e+05  -2.0964680e+01  -2.0562636e+01		
   3.3404850e+05  -1.9970084e+01  -1.9567029e+01		
   3.3773139e+05  -1.9033888e+01  -1.9379824e+01		
   3.4145489e+05  -1.8876069e+01  -1.8402398e+01		
   3.4521944e+05  -1.7912638e+01  -1.8192933e+01		
   3.4902549e+05  -1.7683702e+01  -1.7956014e+01		
   3.5287350e+05  -1.6733007e+01  -1.7078649e+01		
   3.5676394e+05  -1.6542694e+01  -1.6102544e+01		
   3.6069727e+05  -1.5584936e+01  -1.5882845e+01		
   3.6467397e+05  -1.5483212e+01  -1.4891143e+01		
   3.6869451e+05  -1.4555078e+01  -1.3991642e+01		
   3.7275937e+05  -1.3591669e+01  -1.3805779e+01		
   3.7686905e+05  -1.2593983e+01  -1.2800265e+01		
   3.8102404e+05  -1.2562385e+01  -1.2700505e+01		
   3.8522484e+05  -1.1670826e+01  -1.1794098e+01		
   3.8947195e+05  -1.0681159e+01  -1.0961216e+01		
   3.9376589e+05  -9.7816786e+00  -9.9601978e+00		
   3.9810717e+05  -9.6659948e+00  -9.7525578e+00		
   4.0249631e+05  -9.7008874e+00  -9.6610169e+00		
   4.0693384e+05  -9.9029692e+00  -9.7388902e+00		
   4.1142030e+05  -1.0150193e+01  -9.9328297e+00		
   4.1595622e+05  -1.0388610e+01  -1.0927504e+01		
   4.2054214e+05  -1.1350544e+01  -1.1797326e+01		
   4.2517863e+05  -1.2317654e+01  -1.1908697e+01		
   4.2986623e+05  -1.2377500e+01  -1.2886661e+01		
   4.3460552e+05  -1.3248142e+01  -1.3833485e+01		
   4.3939706e+05  -1.4195529e+01  -1.4612052e+01		
   4.4424142e+05  -1.5132657e+01  -1.5519279e+01		
   4.4913919e+05  -1.6060637e+01  -1.5624531e+01		
   4.5409096e+05  -1.7004360e+01  -1.6566560e+01		
   4.5909732e+05  -1.7206060e+01  -1.7568081e+01		
   4.6415888e+05  -1.8215498e+01  -1.7808571e+01		
   4.6927625e+05  -1.8401772e+01  -1.8713056e+01		
   4.7445003e+05  -1.8646011e+01  -1.8888732e+01		
   4.7968085e+05  -1.9225241e+01  -1.9051010e+01		
   4.8496934e+05  -1.9116402e+01  -1.9156317e+01		
   4.9031614e+05  -1.9228132e+01  -1.9156763e+01		
   4.9572189e+05  -1.9244916e+01  -1.9012769e+01		
   5.0118723e+05  -1.8558574e+01  -1.8095873e+01		
   5.0671283e+05  -1.8318554e+01  -1.7972507e+01		
   5.1229936e+05  -1.7320726e+01  -1.6992249e+01		
   5.1794747e+05  -1.7208850e+01  -1.6745031e+01		
   5.2365785e+05  -1.6258191e+01  -1.6494027e+01		
   5.2943119e+05  -1.6041938e+01  -1.6182364e+01		
   5.3526818e+05  -1.5881710e+01  -1.5946264e+01		
   5.4116953e+05  -1.5855260e+01  -1.5858774e+01		
   5.4713593e+05  -1.5947181e+01  -1.5902107e+01		
   5.5316812e+05  -1.6126045e+01  -1.6617077e+01		
   5.5926681e+05  -1.6296065e+01  -1.6858900e+01		
   5.6543274e+05  -1.7243986e+01  -1.7781644e+01		
   5.7166665e+05  -1.8204688e+01  -1.7991076e+01		
   5.7796929e+05  -1.8423516e+01  -1.8966143e+01		
   5.8434141e+05  -1.9390237e+01  -1.9145613e+01		
   5.9078379e+05  -1.9545594e+01  -2.0139210e+01		
   5.9729720e+05  -2.0530168e+01  -2.0344075e+01		
   6.0388241e+05  -2.0744635e+01  -2.1301660e+01		
   6.1054023e+05  -2.1755528e+01  -2.1487092e+01		
   6.1727145e+05  -2.1936609e+01  -2.2487993e+01		
   6.2407688e+05  -2.2898779e+01  -2.2707892e+01		
   6.3095734e+05  -2.3054817e+01  -2.2927199e+01		
   6.3791366e+05  -2.4015699e+01  -2.3928315e+01		
   6.4494668e+05  -2.4229708e+01  -2.4142850e+01		
   6.5205723e+05  -2.4449996e+01  -2.4383439e+01		
   6.5924618e+05  -2.4600124e+01  -2.4549542e+01		
   6.6651438e+05  -2.4664478e+01  -2.4595104e+01		
   6.7386272e+05  -2.4695946e+01  -2.4595104e+01		
   6.8129207e+05  -2.4715227e+01  -2.4595104e+01		
   6.8880333e+05  -2.4742577e+01  -2.4601530e+01		
   6.9639740e+05  -2.4781630e+01  -2.4640609e+01		
   7.0407520e+05  -2.4844446e+01  -2.4744838e+01		
   7.1183765e+05  -2.4961329e+01  -2.4912146e+01		
   7.1968567e+05  -2.5133740e+01  -2.5108820e+01		
   7.2762022e+05  -2.5321515e+01  -2.5306795e+01		
   7.3564225e+05  -2.5492681e+01  -2.5476249e+01		
   7.4375273e+05  -2.5620013e+01  -2.5645703e+01		
   7.5195262e+05  -2.5732983e+01  -2.5803953e+01		
   7.6024291e+05  -2.5823666e+01  -2.5911711e+01		
   7.6862461e+05  -2.5820229e+01  -2.5984834e+01		
   7.7709871e+05  -2.5727879e+01  -2.6020682e+01		
   7.8566625e+05  -2.5565228e+01  -2.5983945e+01		
   7.9432823e+05  -2.5400231e+01  -2.5908632e+01		
   8.0308572e+05  -2.5221104e+01  -2.5821542e+01		
   8.1193976e+05  -2.5060946e+01  -2.5708572e+01		
   8.2089142e+05  -2.4948527e+01  -2.5605434e+01		
   8.2994176e+05  -2.4892101e+01  -2.5548498e+01		
   8.3909189e+05  -2.4858757e+01  -2.5551369e+01		
   8.4834290e+05  -2.4864681e+01  -2.5582136e+01		
   8.5769590e+05  -2.4899971e+01  -2.5593220e+01		
   8.6715202e+05  -2.4915254e+01  -2.5593220e+01		
   8.7671239e+05  -2.4905373e+01  -2.5593220e+01		
   8.8637816e+05  -2.4862213e+01  -2.5593220e+01		
   8.9615050e+05  -2.4792933e+01  -2.5593220e+01		
   9.0603058e+05  -2.4697715e+01  -2.5593220e+01		
   9.1601959e+05  -2.4594832e+01  -2.5593220e+01		
   9.2611873e+05  -2.4473851e+01  -2.5593220e+01		
   9.3632921e+05  -2.4328941e+01  -2.5565253e+01		
   9.4665226e+05  -2.4157701e+01  -2.5468468e+01		
   9.5708912e+05  -2.3963955e+01  -2.5326478e+01		
   9.6764105e+05  -2.3756917e+01  -2.5161345e+01		
   9.7830932e+05  -2.3549894e+01  -2.4991891e+01		
   9.8909520e+05  -2.2908858e+01  -2.4838329e+01		
   1.0000000e+06  -2.2685987e+01  -2.4705859e+01		
   1.0081204e+06  -2.2881710e+01  -2.4502219e+01		
   1.0163068e+06  -2.2590696e+01  -2.4627095e+01		
   1.0245596e+06  -2.2284922e+01  -2.4416386e+01		
   1.0328795e+06  -2.2014958e+01  -2.4219705e+01		
   1.0412669e+06  -2.1766315e+01  -2.4331013e+01		
   1.0497224e+06  -2.1931990e+01  -2.4135674e+01		
   1.0582466e+06  -2.1682240e+01  -2.3924899e+01		
   1.0668400e+06  -2.1382757e+01  -2.3728491e+01		
   1.0755032e+06  -2.1054651e+01  -2.3839785e+01		
   1.0842367e+06  -2.0699327e+01  -2.3644254e+01		
   1.0930412e+06  -2.0364760e+01  -2.3401713e+01		
   1.1019172e+06  -2.0051001e+01  -2.3084827e+01		
   1.1108652e+06  -1.9708737e+01  -2.2776596e+01		
   1.1198859e+06  -1.9316164e+01  -2.1635083e+01		
   1.1289798e+06  -1.8933718e+01  -2.1345414e+01		
   1.1381476e+06  -1.8578876e+01  -2.1058469e+01		
   1.1473899e+06  -1.8258123e+01  -2.0725241e+01		
   1.1567071e+06  -1.7896834e+01  -2.0342640e+01		
   1.1661001e+06  -1.7503845e+01  -1.9969612e+01		
   1.1755693e+06  -1.7125642e+01  -1.9596584e+01		
   1.1851154e+06  -1.6774038e+01  -1.9211944e+01		
   1.1947391e+06  -1.6488052e+01  -1.8857742e+01		
   1.2044409e+06  -1.6284385e+01  -1.8555942e+01		
   1.2142214e+06  -1.6399948e+01  -1.8342370e+01		
   1.2240814e+06  -1.6239177e+01  -1.8341936e+01		
   1.2340215e+06  -1.6236210e+01  -1.8314181e+01		
   1.2440422e+06  -1.6196007e+01  -1.8433931e+01		
   1.2541444e+06  -1.6294727e+01  -1.8726520e+01		
   1.2643286e+06  -1.6562076e+01  -1.9112676e+01		
   1.2745954e+06  -1.6880190e+01  -1.9521793e+01		
   1.2849457e+06  -1.7166258e+01  -1.9814666e+01		
   1.2953800e+06  -1.8276026e+01  -2.0770563e+01		
   1.3058990e+06  -1.9329881e+01  -2.1670314e+01		
   1.3165035e+06  -2.0292639e+01  -2.2580121e+01		
   1.3271940e+06  -2.1107962e+01  -2.3532320e+01		
   1.3379714e+06  -2.3242548e+01  -2.4444227e+01		
   1.3488363e+06  -2.5708824e+01  -2.5416914e+01		
   1.3597894e+06  -2.8191266e+01  -2.6327233e+01		
   1.3708315e+06  -3.0796045e+01  -2.7254676e+01		
   1.3819632e+06  -3.3277109e+01  -2.9136556e+01		
   1.3931853e+06  -3.5758699e+01  -2.9261801e+01		
   1.4044986e+06  -3.6715519e+01  -2.9645599e+01		
   1.4159037e+06  -3.6845498e+01  -2.9766502e+01		
   1.4274014e+06  -3.5869172e+01  -2.9566884e+01		
   1.4389925e+06  -3.5146831e+01  -2.9243290e+01		
   1.4506778e+06  -3.2960513e+01  -2.8256031e+01		
   1.4624579e+06  -3.0867530e+01  -2.7376230e+01		
   1.4743337e+06  -2.9689194e+01  -2.6496460e+01		
   1.4863059e+06  -2.7420524e+01  -2.5597888e+01		
   1.4983753e+06  -2.5341172e+01  -2.4718179e+01		
   1.5105427e+06  -2.4176896e+01  -2.2879928e+01		
   1.5228090e+06  -2.2015909e+01  -2.2032890e+01		
   1.5351748e+06  -2.1047975e+01  -2.1791946e+01		
   1.5476411e+06  -2.0705070e+01  -2.1493350e+01		
   1.5602086e+06  -2.0328143e+01  -2.0369062e+01		
   1.5728781e+06  -2.0008758e+01  -2.0068556e+01		
   1.5856506e+06  -1.9710532e+01  -1.9758178e+01		
   1.5985267e+06  -1.8572734e+01  -1.8652749e+01		
   1.6115074e+06  -1.8299789e+01  -1.8334415e+01		
   1.6245936e+06  -1.7984275e+01  -1.7976837e+01		
   1.6377859e+06  -1.7627206e+01  -1.7637944e+01		
   1.6510854e+06  -1.7292226e+01  -1.7343134e+01		
   1.6644930e+06  -1.6188847e+01  -1.6182422e+01		
   1.6780093e+06  -1.5887847e+01  -1.5837619e+01		
   1.6916355e+06  -1.5526857e+01  -1.5494670e+01		
   1.7053723e+06  -1.5237340e+01  -1.5199675e+01		
   1.7192206e+06  -1.4110282e+01  -1.4072132e+01		
   1.7331814e+06  -1.3765409e+01  -1.3702748e+01		
   1.7472556e+06  -1.3433695e+01  -1.3349311e+01		
   1.7614440e+06  -1.3089037e+01  -1.3048018e+01		
   1.7757477e+06  -1.2790455e+01  -1.2769185e+01		
   1.7901675e+06  -1.3010344e+01  -1.2964819e+01		
   1.8047044e+06  -1.2705042e+01  -1.2677190e+01		
   1.8193594e+06  -1.2457281e+01  -1.2443727e+01		
   1.8341333e+06  -1.2248394e+01  -1.2249126e+01		
   1.8490273e+06  -1.2003207e+01  -1.2360336e+01		
   1.8640422e+06  -1.2162015e+01  -1.2161952e+01		
   1.8791790e+06  -1.1895906e+01  -1.1893092e+01		
   1.8944387e+06  -1.1582070e+01  -1.1568918e+01		
   1.9098223e+06  -1.1262933e+01  -1.1269908e+01		
   1.9253309e+06  -1.0916442e+01  -1.0132606e+01		
   1.9409654e+06  -1.0507298e+01  -9.8655738e+00		
   1.9567268e+06  -1.0113526e+01  -9.7555111e+00		
   1.9726163e+06  -9.7958493e+00  -9.8089429e+00		
