   2.9000000e+01  -3.6021150e+01  -4.2274829e+01		
   3.8000000e+01  -3.7659163e+01  -4.4180964e+01		
   4.7000000e+01  -3.8933782e+01  -4.5006030e+01		
   5.6000000e+01  -4.0298724e+01  -4.6062974e+01		
   6.5000000e+01  -4.1158027e+01  -4.6941515e+01		
   7.4000000e+01  -4.2186949e+01  -4.7560492e+01		
   8.3000000e+01  -4.3101419e+01  -4.8415652e+01		
   9.2000000e+01  -4.3682701e+01  -4.9105449e+01		
   1.0100000e+02  -4.4316632e+01  -4.9765566e+01		
   1.1000000e+02  -4.4950890e+01  -5.0677556e+01		
   1.1900000e+02  -4.5372846e+01  -5.1359950e+01		
   1.2800000e+02  -4.6136820e+01  -5.1725847e+01		
   1.3700000e+02  -4.6512375e+01  -5.2483152e+01		
   1.4600000e+02  -4.7361494e+01  -5.2824460e+01		
   1.5500000e+02  -4.7783218e+01  -5.3214346e+01		
   1.6400000e+02  -4.8306913e+01  -5.3589281e+01		
   1.7300000e+02  -4.8449995e+01  -5.4152224e+01		
   1.8200000e+02  -4.9049503e+01  -5.4443212e+01		
   1.9100000e+02  -4.9368970e+01  -5.4981248e+01		
   2.0000000e+02  -5.0015395e+01  -5.5174666e+01		
   2.0324492e+02  -4.9864730e+01  -5.5367015e+01		
   2.0654248e+02  -5.0079385e+01  -5.5639912e+01		
   2.0989355e+02  -5.0275389e+01  -5.5896832e+01		
   2.1329899e+02  -5.0381030e+01  -5.5716396e+01		
   2.1675968e+02  -5.0423949e+01  -5.5973069e+01		
   2.2027651e+02  -5.0572397e+01  -5.6208265e+01		
   2.2385041e+02  -5.0456578e+01  -5.6419505e+01		
   2.2748229e+02  -5.0674365e+01  -5.6633225e+01		
   2.3117310e+02  -5.1009066e+01  -5.6482546e+01		
   2.3492379e+02  -5.1295486e+01  -5.6697237e+01		
   2.3873533e+02  -5.1517530e+01  -5.6896567e+01		
   2.4260871e+02  -5.1372347e+01  -5.7068330e+01		
   2.4654494e+02  -5.1581918e+01  -5.7268134e+01		
   2.5054503e+02  -5.1795501e+01  -5.7442228e+01		
   2.5461002e+02  -5.1989486e+01  -5.7326399e+01		
   2.5874097e+02  -5.2105764e+01  -5.7485241e+01		
   2.6293893e+02  -5.2226175e+01  -5.7634137e+01		
   2.6720501e+02  -5.2139284e+01  -5.7804435e+01		
   2.7154030e+02  -5.2268221e+01  -5.8004732e+01		
   2.7594593e+02  -5.2377427e+01  -5.7859750e+01		
   2.8042304e+02  -5.2489879e+01  -5.8069759e+01		
   2.8497279e+02  -5.2651722e+01  -5.8250265e+01		
   2.8959636e+02  -5.2531293e+01  -5.8400343e+01		
   2.9429494e+02  -5.2712979e+01  -5.8626385e+01		
   2.9906976e+02  -5.2924141e+01  -5.8883674e+01		
   3.0392204e+02  -5.3135815e+01  -5.8703258e+01		
   3.0885305e+02  -5.3408270e+01  -5.8959880e+01		
   3.1386407e+02  -5.3700585e+01  -5.9217594e+01		
   3.1895638e+02  -5.3481551e+01  -5.9498986e+01		
   3.2413132e+02  -5.3769613e+01  -5.9728541e+01		
   3.2939022e+02  -5.4009617e+01  -5.9583513e+01		
   3.3473444e+02  -5.4224277e+01  -5.9775335e+01		
   3.4016537e+02  -5.4407157e+01  -5.9903240e+01		
   3.4568441e+02  -5.4291110e+01  -6.0052671e+01		
   3.5129300e+02  -5.4453419e+01  -6.0221093e+01		
   3.5699259e+02  -5.4611845e+01  -6.0357443e+01		
   3.6278465e+02  -5.4820978e+01  -6.0270581e+01		
   3.6867068e+02  -5.5003687e+01  -6.0426042e+01		
   3.7465221e+02  -5.5175259e+01  -6.0657368e+01		
   3.8073079e+02  -5.5059417e+01  -6.0884743e+01		
   3.8690799e+02  -5.5227739e+01  -6.1098630e+01		
   3.9318541e+02  -5.5379290e+01  -6.0948032e+01		
   3.9956469e+02  -5.5531921e+01  -6.1153037e+01		
   4.0604746e+02  -5.5699872e+01  -6.1337581e+01		
   4.1263541e+02  -5.5583788e+01  -6.1505185e+01		
   4.1933025e+02  -5.5759620e+01  -6.1633931e+01		
   4.2613372e+02  -5.5987743e+01  -6.1546769e+01		
   4.3304756e+02  -5.6220920e+01  -6.1672398e+01		
   4.4007358e+02  -5.6404311e+01  -6.1800684e+01		
   4.4721360e+02  -5.6609820e+01  -6.1965730e+01		
   4.5446945e+02  -5.6459345e+01  -6.2151581e+01		
   4.6184303e+02  -5.6662557e+01  -6.2323192e+01		
   4.6933625e+02  -5.6831590e+01  -6.2207183e+01		
   4.7695104e+02  -5.7000805e+01  -6.2368884e+01		
   4.8468937e+02  -5.7171596e+01  -6.2515008e+01		
   4.9255326e+02  -5.7050964e+01  -6.2708663e+01		
   5.0054474e+02  -5.7222942e+01  -6.2918869e+01		
   5.0866587e+02  -5.7394834e+01  -6.2773661e+01		
   5.1691877e+02  -5.7608919e+01  -6.2980847e+01		
   5.2530556e+02  -5.7836805e+01  -6.3137928e+01		
   5.3382843e+02  -5.8012494e+01  -6.3266759e+01		
   5.4248958e+02  -5.7896580e+01  -6.3395508e+01		
   5.5129125e+02  -5.8075533e+01  -6.3524177e+01		
   5.6023572e+02  -5.8301407e+01  -6.3437336e+01		
   5.6932532e+02  -5.8597382e+01  -6.3566260e+01		
   5.7856239e+02  -5.8875131e+01  -6.3693320e+01		
   5.8794933e+02  -5.9057796e+01  -6.3819889e+01		
   5.9748857e+02  -5.8941916e+01  -6.3981807e+01		
   6.0718257e+02  -5.9121506e+01  -6.3865862e+01		
   6.1703386e+02  -5.9330711e+01  -6.4026551e+01		
   6.2704498e+02  -5.9471570e+01  -6.4100719e+01		
   6.3721853e+02  -5.9526896e+01  -6.3999946e+01		
   6.4755714e+02  -5.9497866e+01  -6.3796955e+01		
   6.5806349e+02  -5.9566320e+01  -6.3947609e+01		
   6.6874030e+02  -5.9779069e+01  -6.3741779e+01		
   6.7959034e+02  -6.0051336e+01  -6.3543024e+01		
   6.9061642e+02  -6.0224122e+01  -6.3292048e+01		
   7.0182139e+02  -6.0352814e+01  -6.3120271e+01		
   7.1320815e+02  -6.0265876e+01  -6.3161487e+01		
   7.2477966e+02  -6.0406528e+01  -6.3103539e+01		
   7.3653892e+02  -6.0559661e+01  -6.3249585e+01		
   7.4848896e+02  -6.0688447e+01  -6.3613619e+01		
   7.6063289e+02  -6.0784576e+01  -6.4073159e+01		
   7.7297385e+02  -6.0726582e+01  -6.6074099e+01		
   7.8551503e+02  -6.0833744e+01  -6.6352261e+01		
   7.9825969e+02  -6.1036463e+01  -6.8033349e+01		
   8.1121113e+02  -6.1287405e+01  -7.1324604e+01		
   8.2437270e+02  -6.1511068e+01  -7.1652705e+01		
   8.3774781e+02  -6.1689764e+01  -7.3719854e+01		
   8.5133992e+02  -6.1573983e+01  -7.4287518e+01		
   8.6515256e+02  -6.1732072e+01  -7.4834516e+01		
   8.7918931e+02  -6.1819345e+01  -7.5152719e+01		
   8.9345380e+02  -6.1834532e+01  -7.5189420e+01		
   9.0794972e+02  -6.1834532e+01  -7.5113186e+01		
   9.2268083e+02  -6.1834532e+01  -7.5171155e+01		
   9.3765095e+02  -6.1821832e+01  -7.5096550e+01		
   9.5286396e+02  -6.1700160e+01  -7.5053594e+01		
   9.6832379e+02  -6.1461079e+01  -7.4985357e+01		
   9.8403444e+02  -6.1306596e+01  -7.4996268e+01		
   1.0000000e+03  -6.1396983e+01  -7.4967265e+01		
   1.0110250e+03  -6.1364921e+01  -7.5094363e+01		
   1.0221716e+03  -6.1831985e+01  -7.5351146e+01		
   1.0334411e+03  -6.1576491e+01  -7.5248898e+01		
   1.0448348e+03  -6.2306138e+01  -7.5507148e+01		
   1.0563541e+03  -6.3209750e+01  -7.5408457e+01		
   1.0680004e+03  -6.2648837e+01  -7.5718611e+01		
   1.0797752e+03  -6.3487626e+01  -7.5574794e+01		
   1.0916797e+03  -6.4312630e+01  -7.5935087e+01		
   1.1037155e+03  -6.5100900e+01  -7.6258599e+01		
   1.1158840e+03  -6.5845346e+01  -7.6140595e+01		
   1.1281866e+03  -6.6598258e+01  -7.6453376e+01		
   1.1406249e+03  -6.7376482e+01  -7.6335140e+01		
   1.1532003e+03  -6.8099982e+01  -7.6675066e+01		
   1.1659144e+03  -6.9010728e+01  -7.6531483e+01		
   1.1787686e+03  -6.9918224e+01  -7.6870813e+01		
   1.1917646e+03  -7.0437729e+01  -7.6752023e+01		
   1.2049038e+03  -7.0293988e+01  -7.7061844e+01		
   1.2181879e+03  -7.0547714e+01  -7.7405209e+01		
   1.2316185e+03  -7.0508074e+01  -7.7262141e+01		
   1.2451971e+03  -7.0594062e+01  -7.7682382e+01		
   1.2589254e+03  -7.0646172e+01  -7.7497939e+01		
   1.2728051e+03  -7.0626491e+01  -7.7960822e+01		
   1.2868378e+03  -7.0709783e+01  -7.7775879e+01		
   1.3010252e+03  -7.0670344e+01  -7.8239139e+01		
   1.3153691e+03  -7.0747057e+01  -7.8665700e+01		
   1.3298710e+03  -7.0727299e+01  -7.8502218e+01		
   1.3445329e+03  -7.0802691e+01  -7.9002495e+01		
   1.3593564e+03  -7.0761557e+01  -7.8767995e+01		
   1.3743433e+03  -7.0904321e+01  -7.9358024e+01		
   1.3894955e+03  -7.1147997e+01  -7.9956010e+01		
   1.4048147e+03  -7.1045810e+01  -7.9690126e+01		
   1.4203028e+03  -7.1333090e+01  -8.0263731e+01		
   1.4359617e+03  -7.1210133e+01  -8.0028859e+01		
   1.4517932e+03  -7.1546813e+01  -8.0598716e+01		
   1.4677993e+03  -7.1408353e+01  -8.1161011e+01		
   1.4839818e+03  -7.1770160e+01  -8.0917077e+01		
   1.5003427e+03  -7.1626039e+01  -8.1508135e+01		
   1.5168840e+03  -7.1957027e+01  -8.1205943e+01		
   1.5336077e+03  -7.2250499e+01  -8.1854799e+01		
   1.5505158e+03  -7.2127741e+01  -8.2537090e+01		
   1.5676103e+03  -7.2492838e+01  -8.2212017e+01		
   1.5848932e+03  -7.2328719e+01  -8.2878524e+01		
   1.6023667e+03  -7.2740299e+01  -8.3456094e+01		
   1.6200328e+03  -7.2575735e+01  -8.3211686e+01		
   1.6378937e+03  -7.2999446e+01  -8.3758851e+01		
   1.6559515e+03  -7.3423535e+01  -8.4374235e+01		
   1.6742084e+03  -7.3259762e+01  -8.4073502e+01		
   1.6926666e+03  -7.3643850e+01  -8.4707258e+01		
   1.7113283e+03  -7.3500161e+01  -8.4405040e+01		
   1.7301957e+03  -7.3841260e+01  -8.5053731e+01		
   1.7492712e+03  -7.3722383e+01  -8.5663464e+01		
   1.7685569e+03  -7.4069000e+01  -8.5428637e+01		
   1.7880553e+03  -7.4479875e+01  -8.5949058e+01		
   1.8077687e+03  -7.4316248e+01  -8.5763748e+01		
   1.8276994e+03  -7.4756338e+01  -8.6194363e+01		
   1.8478498e+03  -7.4571758e+01  -8.6459014e+01		
   1.8682224e+03  -7.5010900e+01  -8.6380173e+01		
   1.8888196e+03  -7.4846385e+01  -8.6418393e+01		
   1.9096439e+03  -7.5270813e+01  -8.6459426e+01		
   1.9306977e+03  -7.5726922e+01  -8.6263831e+01		
   1.9519837e+03  -7.5542732e+01  -8.6387261e+01		
   1.9735044e+03  -7.6002447e+01  -8.6042076e+01		
   1.9952623e+03  -7.5810300e+01  -8.5598554e+01		
   2.0172601e+03  -7.6320708e+01  -8.5790110e+01		
   2.0395005e+03  -7.6982898e+01  -8.5331528e+01		
   2.0619860e+03  -7.6658853e+01  -8.5516284e+01		
   2.0847195e+03  -7.7318096e+01  -8.5036709e+01		
   2.1077035e+03  -7.7015712e+01  -8.5250861e+01		
   2.1309410e+03  -7.7662955e+01  -8.4729193e+01		
   2.1544347e+03  -7.8304291e+01  -8.4150355e+01		
   2.1781874e+03  -7.8002469e+01  -8.4428754e+01		
   2.2022019e+03  -7.8657483e+01  -8.3834473e+01		
   2.2264813e+03  -7.9400351e+01  -8.3271398e+01		
   2.2510283e+03  -7.9011996e+01  -8.3515419e+01		
   2.2758459e+03  -7.9775885e+01  -8.2926171e+01		
   2.3009372e+03  -8.0531831e+01  -8.3228472e+01		
   2.3263051e+03  -8.0124686e+01  -8.2594717e+01		
   2.3519526e+03  -8.0876682e+01  -8.1926986e+01		
   2.3778830e+03  -8.1537582e+01  -8.1224232e+01		
   2.4040992e+03  -8.1248345e+01  -8.1586963e+01		
   2.4306044e+03  -8.1895237e+01  -8.0871473e+01		
   2.4574019e+03  -8.2508716e+01  -8.0261764e+01		
   2.4844948e+03  -8.2242421e+01  -8.0539329e+01		
   2.5118864e+03  -8.2801069e+01  -7.9973962e+01		
   2.5395800e+03  -8.2595521e+01  -8.0218908e+01		
   2.5675790e+03  -8.3110297e+01  -7.9654618e+01		
   2.5958866e+03  -8.3588755e+01  -7.9031087e+01		
   2.6245063e+03  -8.3404787e+01  -7.9332482e+01		
   2.6534415e+03  -8.3777248e+01  -7.8689572e+01		
   2.6826958e+03  -8.3654271e+01  -7.8079224e+01		
   2.7122726e+03  -8.3889143e+01  -7.8356918e+01		
   2.7421754e+03  -8.3829793e+01  -7.7748053e+01		
   2.7724080e+03  -8.3920863e+01  -7.8050373e+01		
   2.8029739e+03  -8.3920863e+01  -7.7403410e+01		
   2.8338767e+03  -8.3865865e+01  -7.6810002e+01		
   2.8651203e+03  -8.3538135e+01  -7.7044735e+01		
   2.8967083e+03  -8.3708324e+01  -7.6526210e+01		
   2.9286446e+03  -8.3251704e+01  -7.6711446e+01		
   2.9609329e+03  -8.3474151e+01  -7.6254784e+01		
   2.9935773e+03  -8.2930516e+01  -7.5799713e+01		
   3.0265816e+03  -8.2257981e+01  -7.5991504e+01		
   3.0599497e+03  -8.2581985e+01  -7.5535981e+01		
   3.0936857e+03  -8.1848666e+01  -7.5728433e+01		
   3.1277937e+03  -8.1091168e+01  -7.5272455e+01		
   3.1622777e+03  -8.1497171e+01  -7.4817468e+01		
   3.1971418e+03  -8.0746936e+01  -7.5009138e+01		
   3.2323904e+03  -7.9986484e+01  -7.4502481e+01		
   3.2680276e+03  -8.0374027e+01  -7.4737552e+01		
   3.3040577e+03  -7.9650223e+01  -7.4170030e+01		
   3.3404850e+03  -7.9041619e+01  -7.3605896e+01		
   3.3773139e+03  -7.9307953e+01  -7.3850036e+01		
   3.4145489e+03  -7.8711227e+01  -7.3341232e+01		
   3.4521944e+03  -7.8978677e+01  -7.3526252e+01		
   3.4902549e+03  -7.8365151e+01  -7.3082320e+01		
   3.5287350e+03  -7.7609320e+01  -7.2706269e+01		
   3.5676394e+03  -7.6887704e+01  -7.2849377e+01		
   3.6069727e+03  -7.7250612e+01  -7.2432390e+01		
   3.6467397e+03  -7.6611920e+01  -7.2624334e+01		
   3.6869451e+03  -7.6857078e+01  -7.2140779e+01		
   3.7275937e+03  -7.6316032e+01  -7.2346480e+01		
   3.7686905e+03  -7.5779880e+01  -7.1856299e+01		
   3.8102404e+03  -7.6014360e+01  -7.1464564e+01		
   3.8522484e+03  -7.5481368e+01  -7.1607862e+01		
   3.8947195e+03  -7.5695267e+01  -7.1223503e+01		
   3.9376589e+03  -7.5216951e+01  -7.1394348e+01		
   3.9810717e+03  -7.4773786e+01  -7.0989188e+01		
   4.0249631e+03  -7.4965370e+01  -7.0584207e+01		
   4.0693384e+03  -7.4435380e+01  -7.0741636e+01		
   4.1142030e+03  -7.4702486e+01  -7.0325948e+01		
   4.1595622e+03  -7.4098150e+01  -7.0489815e+01		
   4.2054214e+03  -7.3464790e+01  -7.0104594e+01		
   4.2517863e+03  -7.3766287e+01  -7.0248365e+01		
   4.2986623e+03  -7.3142804e+01  -6.9930354e+01		
   4.3460552e+03  -7.2579394e+01  -7.0033326e+01		
   4.3939706e+03  -7.2813489e+01  -6.9743658e+01		
   4.4424142e+03  -7.2280473e+01  -6.9322688e+01		
   4.4913919e+03  -7.2485731e+01  -6.9514455e+01		
   4.5409096e+03  -7.2038095e+01  -6.9058948e+01		
   4.5909732e+03  -7.2182165e+01  -6.9251376e+01		
   4.6415888e+03  -7.1834734e+01  -6.8795415e+01		
   4.6927625e+03  -7.1522482e+01  -6.8340445e+01		
   4.7445003e+03  -7.1645195e+01  -6.8532090e+01		
   4.7968085e+03  -7.1307794e+01  -6.8099379e+01		
   4.8496934e+03  -7.1451347e+01  -6.8263682e+01		
   4.9031614e+03  -7.1115217e+01  -6.7873166e+01		
   4.9572189e+03  -7.1238595e+01  -6.8017320e+01		
   5.0118723e+03  -7.0910780e+01  -6.7689062e+01		
   5.0671283e+03  -7.0449071e+01  -6.7369063e+01		
   5.1229936e+03  -7.0661821e+01  -6.7512419e+01		
   5.1794747e+03  -7.0128353e+01  -6.7102864e+01		
   5.2365785e+03  -7.0363185e+01  -6.7295142e+01		
   5.2943119e+03  -6.9842664e+01  -6.6839284e+01		
   5.3526818e+03  -7.0027978e+01  -6.6384416e+01		
   5.4116953e+03  -6.9597280e+01  -6.6575911e+01		
   5.4713593e+03  -6.9269471e+01  -6.6093223e+01		
   5.5316812e+03  -6.9392329e+01  -6.6306729e+01		
   5.5926681e+03  -6.9083819e+01  -6.5826786e+01		
   5.6543274e+03  -6.9207010e+01  -6.5412211e+01		
   5.7166665e+03  -6.8920003e+01  -6.5575839e+01		
   5.7796929e+03  -6.9022940e+01  -6.5164630e+01		
   5.8434141e+03  -6.8732033e+01  -6.5328701e+01		
   5.9078379e+03  -6.8308209e+01  -6.4897721e+01		
   5.9729720e+03  -6.8492469e+01  -6.5090275e+01		
   6.0388241e+03  -6.8056797e+01  -6.4617567e+01		
   6.1054023e+03  -6.8221027e+01  -6.4143200e+01		
   6.1727145e+03  -6.7831395e+01  -6.4334970e+01		
   6.2407688e+03  -6.7975486e+01  -6.3879461e+01		
   6.3095734e+03  -6.7598011e+01  -6.4071893e+01		
   6.3791366e+03  -6.7125307e+01  -6.3598035e+01		
   6.4494668e+03  -6.7347234e+01  -6.3029321e+01		
   6.5205723e+03  -6.6826338e+01  -6.3295599e+01		
   6.5924618e+03  -6.7071480e+01  -6.2681904e+01		
   6.6651438e+03  -6.6539651e+01  -6.2984288e+01		
   6.7386272e+03  -6.6045107e+01  -6.2349621e+01		
   6.8129207e+03  -6.6249832e+01  -6.1710361e+01		
   6.8880333e+03  -6.5766035e+01  -6.1999714e+01		
   6.9639740e+03  -6.5958247e+01  -6.1363174e+01		
   7.0407520e+03  -6.5562774e+01  -6.0700184e+01		
   7.1183765e+03  -6.5258978e+01  -6.1024859e+01		
   7.1968567e+03  -6.5377057e+01  -6.0341906e+01		
   7.2762022e+03  -6.5065312e+01  -5.9598970e+01		
   7.3564225e+03  -6.5188219e+01  -5.9986604e+01		
   7.4375273e+03  -6.4879672e+01  -5.9217313e+01		
   7.5195262e+03  -6.5002912e+01  -5.8432446e+01		
   7.6024291e+03  -6.4733885e+01  -5.8886327e+01		
   7.6862461e+03  -6.4813187e+01  -5.8093209e+01		
   7.7709871e+03  -6.4589603e+01  -5.7232889e+01		
   7.8566625e+03  -6.4365002e+01  -5.6345132e+01		
   7.9432823e+03  -6.4443806e+01  -5.5468766e+01		
   8.0308572e+03  -6.4207127e+01  -5.4690927e+01		
   8.1193976e+03  -6.4309661e+01  -5.3995015e+01		
   8.2089142e+03  -6.4025736e+01  -5.4422134e+01		
   8.2994176e+03  -6.4144496e+01  -5.3869971e+01		
   8.3909189e+03  -6.3814220e+01  -5.4198425e+01		
   8.4834290e+03  -6.3454811e+01  -5.3867675e+01		
   8.5769590e+03  -6.3597843e+01  -5.4485594e+01		
   8.6715202e+03  -6.3268870e+01  -5.5223268e+01		
   8.7671239e+03  -6.3391801e+01  -5.7505680e+01		
   8.8637816e+03  -6.3107010e+01  -5.7892380e+01		
   8.9615050e+03  -6.3205889e+01  -6.0117103e+01		
   9.0603058e+03  -6.2947399e+01  -6.2358312e+01		
   9.1601959e+03  -6.3050321e+01  -6.2495525e+01		
   9.2611873e+03  -6.2806956e+01  -6.4272385e+01		
   9.3632921e+03  -6.2565071e+01  -6.6393787e+01		
   9.4665226e+03  -6.2667346e+01  -6.8518245e+01		
   9.5708912e+03  -6.2437975e+01  -7.0642296e+01		
   9.6764105e+03  -6.2516949e+01  -7.0880875e+01		
   9.7830932e+03  -6.2284743e+01  -7.2945057e+01		
   9.8909520e+03  -6.2387498e+01  -7.3724824e+01		
   1.0000000e+04  -6.2127142e+01  -7.4487443e+01		
   1.0110250e+04  -6.2226322e+01  -7.4559843e+01		
   1.0221716e+04  -6.1935964e+01  -7.4652631e+01		
   1.0334411e+04  -6.1577516e+01  -7.4291431e+01		
   1.0448348e+04  -6.1726646e+01  -7.3536592e+01		
   1.0563541e+04  -6.1394715e+01  -7.2808997e+01		
   1.0680004e+04  -6.1518002e+01  -7.2074581e+01		
   1.0797752e+04  -6.1209168e+01  -7.1231783e+01		
   1.0916797e+04  -6.0901099e+01  -7.0366506e+01		
   1.1037155e+04  -6.1023703e+01  -6.9571898e+01		
   1.1158840e+04  -6.0745039e+01  -6.9960819e+01		
   1.1281866e+04  -6.0843655e+01  -6.9196656e+01		
   1.1406249e+04  -6.0557458e+01  -6.8373521e+01		
   1.1532003e+04  -6.0680636e+01  -6.7461384e+01		
   1.1659144e+04  -6.0349933e+01  -6.8022558e+01		
   1.1787686e+04  -6.0494030e+01  -6.7165030e+01		
   1.1917646e+04  -6.0167318e+01  -6.6469370e+01		
   1.2049038e+04  -5.9910454e+01  -6.6771473e+01		
   1.2181879e+04  -6.0012810e+01  -6.6141267e+01		
   1.2316185e+04  -5.9754111e+01  -6.5515515e+01		
   1.2451971e+04  -5.9852906e+01  -6.5804386e+01		
   1.2589254e+04  -5.9570582e+01  -6.5178793e+01		
   1.2728051e+04  -5.9693984e+01  -6.4548237e+01		
   1.2868378e+04  -5.9366507e+01  -6.4836358e+01		
   1.3010252e+04  -5.9006993e+01  -6.4238524e+01		
   1.3153691e+04  -5.9150164e+01  -6.4473460e+01		
   1.3298710e+04  -5.8817698e+01  -6.3956411e+01		
   1.3445329e+04  -5.8936147e+01  -6.3501582e+01		
   1.3593564e+04  -5.8625403e+01  -6.3693020e+01		
   1.3743433e+04  -5.8748695e+01  -6.3185572e+01		
   1.3894955e+04  -5.8460073e+01  -6.3430233e+01		
   1.4048147e+04  -5.8274483e+01  -6.2902057e+01		
   1.4203028e+04  -5.8333495e+01  -6.2469157e+01		
   1.4359617e+04  -5.8145001e+01  -6.2632857e+01		
   1.4517932e+04  -5.8223839e+01  -6.2196414e+01		
   1.4677993e+04  -5.7988036e+01  -6.2388533e+01		
   1.4839818e+04  -5.8090613e+01  -6.1932784e+01		
   1.5003427e+04  -5.7833374e+01  -6.1477900e+01		
   1.5168840e+04  -5.7936228e+01  -6.1661810e+01		
   1.5336077e+04  -5.7675457e+01  -6.1229940e+01		
   1.5505158e+04  -5.7415112e+01  -6.1393858e+01		
   1.5676103e+04  -5.7517321e+01  -6.1059163e+01		
   1.5848932e+04  -5.7230417e+01  -6.1161889e+01		
   1.6023667e+04  -5.7353400e+01  -6.0901650e+01		
   1.6200328e+04  -5.6994979e+01  -6.1000803e+01		
   1.6378937e+04  -5.7159401e+01  -6.0692486e+01		
   1.6559515e+04  -5.6747593e+01  -6.0218484e+01		
   1.6742084e+04  -5.6372043e+01  -6.0431468e+01		
   1.6926666e+04  -5.6515115e+01  -5.9925411e+01		
   1.7113283e+04  -5.6214744e+01  -6.0139130e+01		
   1.7301957e+04  -5.6313382e+01  -5.9664738e+01		
   1.7492712e+04  -5.6054243e+01  -5.9253922e+01		
   1.7685569e+04  -5.6156915e+01  -5.9417470e+01		
   1.7880553e+04  -5.5899604e+01  -5.9036107e+01		
   1.8077687e+04  -5.6002554e+01  -5.9179599e+01		
   1.8276994e+04  -5.5741386e+01  -5.8794801e+01		
   1.8478498e+04  -5.5481288e+01  -5.8959236e+01		
   1.8682224e+04  -5.5583592e+01  -5.8527716e+01		
   1.8888196e+04  -5.5382115e+01  -5.8030488e+01		
   1.9096439e+04  -5.5441362e+01  -5.8234893e+01		
   1.9306977e+04  -5.5259790e+01  -5.7753188e+01		
   1.9519837e+04  -5.5338941e+01  -5.7945101e+01		
   1.9735044e+04  -5.5090507e+01  -5.7532310e+01		
   1.9952623e+04  -5.5214089e+01  -5.7676275e+01		
   2.0172601e+04  -5.4920861e+01  -5.7334467e+01		
   2.0395005e+04  -5.4663068e+01  -5.6958347e+01		
   2.0619860e+04  -5.4761653e+01  -5.7121967e+01		
   2.0847195e+04  -5.4502366e+01  -5.6684352e+01		
   2.1077035e+04  -5.4604982e+01  -5.6876378e+01		
   2.1309410e+04  -5.4345203e+01  -5.6438356e+01		
   2.1544347e+04  -5.4444249e+01  -5.6602986e+01		
   2.1781874e+04  -5.4167339e+01  -5.6173532e+01		
   2.2022019e+04  -5.3790684e+01  -5.5711221e+01		
   2.2264813e+04  -5.3954281e+01  -5.5895403e+01		
   2.2510283e+04  -5.3543096e+01  -5.5432717e+01		
   2.2758459e+04  -5.3707135e+01  -5.5617398e+01		
   2.3009372e+04  -5.3319815e+01  -5.5159116e+01		
   2.3263051e+04  -5.3463738e+01  -5.5351775e+01		
   2.3519526e+04  -5.3122515e+01  -5.4904917e+01		
   2.3778830e+04  -5.2745325e+01  -5.4432015e+01		
   2.4040992e+04  -5.2908897e+01  -5.4645053e+01		
   2.4306044e+04  -5.2468220e+01  -5.4070124e+01		
   2.4574019e+04  -5.2652737e+01  -5.4359715e+01		
   2.4844948e+04  -5.2189798e+01  -5.3728623e+01		
   2.5118864e+04  -5.2374815e+01  -5.3159373e+01		
   2.5395800e+04  -5.1930925e+01  -5.3393913e+01		
   2.5675790e+04  -5.1485726e+01  -5.2855474e+01		
   2.5958866e+04  -5.1677148e+01  -5.3061122e+01		
   2.6245063e+04  -5.1221878e+01  -5.2543452e+01		
   2.6534415e+04  -5.1413961e+01  -5.1997018e+01		
   2.6826958e+04  -5.0922111e+01  -5.2241266e+01		
   2.7122726e+04  -5.0307787e+01  -5.1711359e+01		
   2.7421754e+04  -5.0608584e+01  -5.1925335e+01		
   2.7724080e+04  -5.0042020e+01  -5.1395638e+01		
   2.8029739e+04  -5.0264773e+01  -5.0770082e+01		
   2.8338767e+04  -4.9786878e+01  -5.1058983e+01		
   2.8651203e+04  -4.9311042e+01  -5.0400722e+01		
   2.8967083e+04  -4.9523936e+01  -4.9688101e+01		
   2.9286446e+04  -4.8975639e+01  -5.0051346e+01		
   2.9609329e+04  -4.9254491e+01  -4.9303087e+01		
   2.9935773e+04  -4.8652225e+01  -4.8450339e+01		
   3.0265816e+04  -4.7933077e+01  -4.7666998e+01		
   3.0599497e+04  -4.8321776e+01  -4.8146593e+01		
   3.0936857e+04  -4.7577029e+01  -4.7331639e+01		
   3.1277937e+04  -4.6754882e+01  -4.6510939e+01		
   3.1622777e+04  -4.5988332e+01  -4.5655345e+01		
   3.1971418e+04  -4.5177071e+01  -4.4831796e+01		
   3.2323904e+04  -4.4322226e+01  -4.4074967e+01		
   3.2680276e+04  -4.3485088e+01  -4.3274591e+01		
   3.3040577e+04  -4.2686156e+01  -4.2450314e+01		
   3.3404850e+04  -4.1958442e+01  -4.1660984e+01		
   3.3773139e+04  -4.1357009e+01  -4.0846002e+01		
   3.4145489e+04  -3.8909761e+01  -4.0277286e+01		
   3.4521944e+04  -3.8195340e+01  -3.7544570e+01		
   3.4902549e+04  -3.7665548e+01  -3.5354606e+01		
   3.5287350e+04  -3.7112713e+01  -3.4568769e+01		
   3.5676394e+04  -3.5431655e+01  -3.5130572e+01		
   3.6069727e+04  -3.5431655e+01  -3.4326545e+01		
   3.6467397e+04  -3.6996155e+01  -3.4324544e+01		
   3.6869451e+04  -3.7830403e+01  -3.4146444e+01		
   3.7275937e+04  -3.8637522e+01  -3.4559038e+01		
   3.7686905e+04  -3.9345364e+01  -3.5354851e+01		
   3.8102404e+04  -3.9717284e+01  -3.6221273e+01		
   3.8522484e+04  -4.1834596e+01  -3.7104837e+01		
   3.8947195e+04  -4.2427377e+01  -3.6571074e+01		
   3.9376589e+04  -4.3298773e+01  -3.7434153e+01		
   3.9810717e+04  -4.4208091e+01  -3.8298137e+01		
   4.0249631e+04  -4.4852208e+01  -3.9128611e+01		
   4.0693384e+04  -4.4638417e+01  -3.9873336e+01		
   4.1142030e+04  -4.4983465e+01  -3.9466466e+01		
   4.1595622e+04  -4.4680044e+01  -4.0213281e+01		
   4.2054214e+04  -4.4863962e+01  -4.0734965e+01		
   4.2517863e+04  -4.4312517e+01  -4.0570898e+01		
   4.2986623e+04  -4.4568335e+01  -4.0721180e+01		
   4.3460552e+04  -4.3889787e+01  -4.0785363e+01		
   4.3939706e+04  -4.3052077e+01  -4.0501491e+01		
   4.4424142e+04  -4.2447741e+01  -3.9750179e+01		
   4.4913919e+04  -4.0398529e+01  -3.8858701e+01		
   4.5409096e+04  -3.8304434e+01  -3.8037458e+01		
   4.5909732e+04  -3.7668721e+01  -3.7257854e+01		
   4.6415888e+04  -3.7233078e+01  -3.6581250e+01		
   4.6927625e+04  -3.5354554e+01  -3.4403969e+01		
   4.7445003e+04  -3.1777398e+01  -3.2540720e+01		
   4.7968085e+04  -3.0531356e+01  -3.2123681e+01		
   4.8496934e+04  -3.0840394e+01  -3.1310325e+01		
   4.9031614e+04  -3.0742982e+01  -3.1738891e+01		
   4.9572189e+04  -3.1396797e+01  -3.2414070e+01		
   5.0118723e+04  -3.2133153e+01  -3.4497194e+01		
   5.0671283e+04  -3.2911352e+01  -3.5028385e+01		
   5.1229936e+04  -3.3736482e+01  -3.5739382e+01		
   5.1794747e+04  -3.4579597e+01  -3.6354113e+01		
   5.2365785e+04  -3.5468440e+01  -3.8696225e+01		
   5.2943119e+04  -3.6286892e+01  -3.9419146e+01		
   5.3526818e+04  -3.7060952e+01  -4.0210935e+01		
   5.4116953e+04  -3.6629064e+01  -4.1009939e+01		
   5.4713593e+04  -3.7420896e+01  -4.1763993e+01		
   5.5316812e+04  -3.8146109e+01  -4.1259064e+01		
   5.5926681e+04  -3.7821008e+01  -4.2055141e+01		
   5.6543274e+04  -3.8487710e+01  -4.2779431e+01		
   5.7166665e+04  -3.9036211e+01  -4.2415233e+01		
   5.7796929e+04  -3.8814003e+01  -4.3125830e+01		
   5.8434141e+04  -3.9237172e+01  -4.3711639e+01		
   5.9078379e+04  -3.9118296e+01  -4.3467273e+01		
   5.9729720e+04  -3.9412586e+01  -4.3958589e+01		
   6.0388241e+04  -3.9814006e+01  -4.3793973e+01		
   6.1054023e+04  -3.9622636e+01  -4.4223575e+01		
   6.1727145e+04  -3.9936882e+01  -4.4619789e+01		
   6.2407688e+04  -3.9857916e+01  -4.4476548e+01		
   6.3095734e+04  -4.0039817e+01  -4.4781859e+01		
   6.3791366e+04  -3.9978170e+01  -4.4683104e+01		
   6.4494668e+04  -4.0092747e+01  -4.4917571e+01		
   6.5205723e+04  -4.0072913e+01  -4.4835336e+01		
   6.5924618e+04  -4.0107914e+01  -4.5003890e+01		
   6.6651438e+04  -4.0041081e+01  -4.4964202e+01		
   6.7386272e+04  -4.0080470e+01  -4.5035971e+01		
   6.8129207e+04  -3.9917301e+01  -4.4938326e+01		
   6.8880333e+04  -3.9999302e+01  -4.4997440e+01		
   6.9639740e+04  -3.9766804e+01  -4.4784239e+01		
   7.0407520e+04  -3.9865739e+01  -4.4886789e+01		
   7.1183765e+04  -3.9586436e+01  -4.4578912e+01		
   7.1968567e+04  -3.9710013e+01  -4.4717489e+01		
   7.2762022e+04  -3.9385054e+01  -4.4315884e+01		
   7.3564225e+04  -3.8962754e+01  -4.3853959e+01		
   7.4375273e+04  -3.9147092e+01  -4.4045316e+01		
   7.5195262e+04  -3.8666151e+01  -4.3561332e+01		
   7.6024291e+04  -3.8888806e+01  -4.3774685e+01		
   7.6862461e+04  -3.8383441e+01  -4.3217969e+01		
   7.7709871e+04  -3.7815025e+01  -4.2485909e+01		
   7.8566625e+04  -3.8081320e+01  -4.2873247e+01		
   7.9432823e+04  -3.7508382e+01  -4.2109852e+01		
   8.0308572e+04  -3.7753509e+01  -4.1606772e+01		
   8.1193976e+04  -3.7212844e+01  -4.1784234e+01		
   8.2089142e+04  -3.6707185e+01  -4.1723633e+01		
   8.2994176e+04  -3.6920322e+01  -4.2426855e+01		
   8.3909189e+04  -3.6414160e+01  -4.1862319e+01		
   8.4834290e+04  -3.6628032e+01  -4.2497845e+01		
   8.5769590e+04  -3.6105007e+01  -4.3443679e+01		
   8.6715202e+04  -3.5439225e+01  -4.4109730e+01		
   8.7671239e+04  -3.4848815e+01  -4.4079699e+01		
   8.8637816e+04  -3.3944428e+01  -4.3378773e+01		
   8.9615050e+04  -3.3002801e+01  -4.2396075e+01		
   9.0603058e+04  -3.2686239e+01  -4.1591862e+01		
   9.1601959e+04  -3.2661930e+01  -4.0858747e+01		
   9.2611873e+04  -3.2800958e+01  -4.0322997e+01		
   9.3632921e+04  -3.3365341e+01  -4.0616194e+01		
   9.4665226e+04  -3.5487674e+01  -4.0426759e+01		
   9.5708912e+04  -3.7605560e+01  -4.1068888e+01		
   9.6764105e+04  -3.9659635e+01  -4.1643680e+01		
   9.7830932e+04  -4.1108109e+01  -4.3926351e+01		
   9.8909520e+04  -4.3183269e+01  -4.4623790e+01		
   1.0000000e+05  -4.3735804e+01  -4.5269380e+01		
   1.0110250e+05  -4.3852521e+01  -4.6185352e+01		
   1.0221716e+05  -4.3874710e+01  -4.6955441e+01		
   1.0334411e+05  -4.3674839e+01  -4.6903956e+01		
   1.0448348e+05  -4.3818711e+01  -4.7066174e+01		
   1.0563541e+05  -4.3498019e+01  -4.6620664e+01		
   1.0680004e+05  -4.3311585e+01  -4.6135186e+01		
   1.0797752e+05  -4.3370610e+01  -4.6326710e+01		
   1.0916797e+05  -4.3214200e+01  -4.5976375e+01		
   1.1037155e+05  -4.3273341e+01  -4.6075162e+01		
   1.1158840e+05  -4.3173238e+01  -4.5982783e+01		
   1.1281866e+05  -4.3192990e+01  -4.5941653e+01		
   1.1406249e+05  -4.3190145e+01  -4.6182534e+01		
   1.1532003e+05  -4.3170354e+01  -4.6850948e+01		
   1.1659144e+05  -4.3161541e+01  -4.7435737e+01		
   1.1787686e+05  -4.2685579e+01  -4.9634916e+01		
   1.1917646e+05  -4.3031888e+01  -5.0130351e+01		
   1.2049038e+05  -4.2526430e+01  -5.0700494e+01		
   1.2181879e+05  -4.0357846e+01  -5.0153853e+01		
   1.2316185e+05  -3.9661761e+01  -4.4766416e+01		
   1.2451971e+05  -3.8927272e+01  -4.3361516e+01		
   1.2589254e+05  -3.9291647e+01  -4.2805332e+01		
   1.2728051e+05  -3.8592970e+01  -4.2074573e+01		
   1.2868378e+05  -3.8108612e+01  -4.2047092e+01		
   1.3010252e+05  -3.8272621e+01  -4.2531662e+01		
   1.3153691e+05  -3.7959339e+01  -4.2306679e+01		
   1.3298710e+05  -3.8041566e+01  -4.2729065e+01		
   1.3445329e+05  -3.7853308e+01  -4.2610615e+01		
   1.3593564e+05  -3.7912832e+01  -4.2846773e+01		
   1.3743433e+05  -3.7758272e+01  -4.2787432e+01		
   1.3894955e+05  -3.7635011e+01  -4.2920892e+01		
   1.4048147e+05  -3.7674445e+01  -4.2879713e+01		
   1.4203028e+05  -3.7598001e+01  -4.2932374e+01		
   1.4359617e+05  -3.7617757e+01  -4.2747083e+01		
   1.4517932e+05  -3.7516807e+01  -4.2849382e+01		
   1.4677993e+05  -3.7576190e+01  -4.2479184e+01		
   1.4839818e+05  -3.7360484e+01  -4.2663822e+01		
   1.5003427e+05  -3.6981155e+01  -4.2224045e+01		
   1.5168840e+05  -3.7144631e+01  -4.2388613e+01		
   1.5336077e+05  -3.6674482e+01  -4.2031298e+01		
   1.5505158e+05  -3.6887655e+01  -4.1707304e+01		
   1.5676103e+05  -3.6316993e+01  -4.1850503e+01		
   1.5848932e+05  -3.6606767e+01  -4.1379697e+01		
   1.6023667e+05  -3.5944808e+01  -4.1614445e+01		
   1.6200328e+05  -3.5253719e+01  -4.1010358e+01		
   1.6378937e+05  -3.5578628e+01  -4.0204287e+01		
   1.6559515e+05  -3.4958838e+01  -4.0684095e+01		
   1.6742084e+05  -3.4784173e+01  -3.9867106e+01		
   1.6926666e+05  -3.4784173e+01  -3.9425029e+01		
   1.7113283e+05  -3.5070230e+01  -3.9526801e+01		
   1.7301957e+05  -3.5917880e+01  -3.9502189e+01		
   1.7492712e+05  -3.5258517e+01  -4.0080455e+01		
   1.7685569e+05  -3.7654870e+01  -4.0806142e+01		
   1.7880553e+05  -3.8377663e+01  -4.3162823e+01		
   1.8077687e+05  -3.9112015e+01  -4.3581310e+01		
   1.8276994e+05  -3.9708772e+01  -4.4425851e+01		
   1.8478498e+05  -3.9394378e+01  -4.4892086e+01		
   1.8682224e+05  -3.9787900e+01  -4.4682835e+01		
   1.8888196e+05  -3.9726252e+01  -4.4428166e+01		
   1.9096439e+05  -3.9699087e+01  -4.4513230e+01		
   1.9306977e+05  -3.9107382e+01  -4.4395775e+01		
   1.9519837e+05  -3.9431154e+01  -4.4416286e+01		
   1.9735044e+05  -3.8677606e+01  -4.4234318e+01		
   1.9952623e+05  -3.7744849e+01  -4.3620730e+01		
   2.0172601e+05  -3.8435494e+01  -4.4064970e+01		
   2.0395005e+05  -3.7631358e+01  -4.3461956e+01		
   2.0619860e+05  -3.6672776e+01  -4.2612437e+01		
   2.0847195e+05  -3.5998943e+01  -4.1705388e+01		
   2.1077035e+05  -3.5863309e+01  -4.1149831e+01		
   2.1309410e+05  -3.5863309e+01  -4.1327807e+01		
   2.1544347e+05  -3.5923116e+01  -4.1059119e+01		
   2.1781874e+05  -3.5883649e+01  -4.1078581e+01		
   2.2022019e+05  -3.5908869e+01  -4.1058908e+01		
   2.2264813e+05  -3.5928641e+01  -4.1111043e+01		
   2.2510283e+05  -3.5809895e+01  -4.1091331e+01		
   2.2758459e+05  -3.5892218e+01  -4.1143498e+01		
   2.3009372e+05  -3.5647455e+01  -4.1123748e+01		
   2.3263051e+05  -3.5369258e+01  -4.1101345e+01		
   2.3519526e+05  -3.5471517e+01  -4.1140924e+01		
   2.3778830e+05  -3.5242520e+01  -4.0933759e+01		
   2.4040992e+05  -3.5321481e+01  -4.1077947e+01		
   2.4306044e+05  -3.5063543e+01  -4.0659286e+01		
   2.4574019e+05  -3.5186828e+01  -3.9964076e+01		
   2.4844948e+05  -3.4842380e+01  -4.0352562e+01		
   2.5118864e+05  -3.4403797e+01  -3.9599176e+01		
   2.5395800e+05  -3.4595268e+01  -3.8740656e+01		
   2.5675790e+05  -3.4112351e+01  -3.7947708e+01		
   2.5958866e+05  -3.4325830e+01  -3.7281592e+01		
   2.6245063e+05  -3.3819433e+01  -3.7620299e+01		
   2.6534415e+05  -3.3349628e+01  -3.6960033e+01		
   2.6826958e+05  -3.3540978e+01  -3.7249759e+01		
   2.7122726e+05  -3.3114598e+01  -3.6639362e+01		
   2.7421754e+05  -3.3285274e+01  -3.6284229e+01		
   2.7724080e+05  -3.2776951e+01  -3.6382841e+01		
   2.8029739e+05  -3.2061998e+01  -3.6150701e+01		
   2.8338767e+05  -3.2424844e+01  -3.6232816e+01		
   2.8651203e+05  -3.1723914e+01  -3.6026984e+01		
   2.8967083e+05  -3.2049565e+01  -3.6109322e+01		
   2.9286446e+05  -3.1380255e+01  -3.5900481e+01		
   2.9609329e+05  -3.0832580e+01  -3.5692344e+01		
   2.9935773e+05  -3.1037738e+01  -3.5774165e+01		
   3.0265816e+05  -3.0551108e+01  -3.5567471e+01		
   3.0599497e+05  -3.0743727e+01  -3.5646446e+01		
   3.0936857e+05  -3.0280658e+01  -3.5439306e+01		
   3.1277937e+05  -2.9755619e+01  -3.5521509e+01		
   3.1622777e+05  -2.9989911e+01  -3.5275574e+01		
   3.1971418e+05  -2.9458604e+01  -3.4932098e+01		
   3.2323904e+05  -2.9672332e+01  -3.5075157e+01		
   3.2680276e+05  -2.9315167e+01  -3.4897683e+01		
   3.3040577e+05  -2.9513332e+01  -3.4918175e+01		
   3.3404850e+05  -2.9364331e+01  -3.5038768e+01		
   3.3773139e+05  -2.9846731e+01  -3.4905108e+01		
   3.4145489e+05  -2.9579642e+01  -3.5242186e+01		
   3.4521944e+05  -3.0194569e+01  -3.5553444e+01		
   3.4902549e+05  -3.0621367e+01  -3.5451047e+01		
   3.5287350e+05  -3.0493544e+01  -3.5521788e+01		
   3.5676394e+05  -3.0547670e+01  -3.5561322e+01		
   3.6069727e+05  -3.0633179e+01  -3.5366443e+01		
   3.6467397e+05  -3.0293360e+01  -3.5489894e+01		
   3.6869451e+05  -2.9637738e+01  -3.5163131e+01		
   3.7275937e+05  -2.9962201e+01  -3.4836151e+01		
   3.7686905e+05  -2.9279365e+01  -3.4954328e+01		
   3.8102404e+05  -2.8663030e+01  -3.4672396e+01		
   3.8522484e+05  -2.8929156e+01  -3.4774903e+01		
   3.8947195e+05  -2.8425954e+01  -3.4490632e+01		
   3.9376589e+05  -2.8590288e+01  -3.4609361e+01		
   3.9810717e+05  -2.8220240e+01  -3.4257683e+01		
   4.0249631e+05  -2.8343825e+01  -3.4422462e+01		
   4.0693384e+05  -2.8050555e+01  -3.4026173e+01		
   4.1142030e+05  -2.7918263e+01  -3.3822494e+01		
   4.1595622e+05  -2.7937980e+01  -3.3863461e+01		
   4.2054214e+05  -2.8023849e+01  -3.3943790e+01		
   4.2517863e+05  -2.7941755e+01  -3.3841096e+01		
   4.2986623e+05  -2.8233237e+01  -3.4140670e+01		
   4.3460552e+05  -2.8061954e+01  -3.3996509e+01		
   4.3939706e+05  -2.8457781e+01  -3.4311843e+01		
   4.4424142e+05  -2.8597122e+01  -3.4322562e+01		
   4.4913919e+05  -2.8597122e+01  -3.4361962e+01		
   4.5409096e+05  -2.8414711e+01  -3.4058913e+01		
   4.5909732e+05  -2.8564267e+01  -3.4258988e+01		
   4.6415888e+05  -2.8121213e+01  -3.3693209e+01		
   4.6927625e+05  -2.7462682e+01  -3.2850008e+01		
   4.7445003e+05  -2.7786960e+01  -3.3357051e+01		
   4.7968085e+05  -2.7104227e+01  -3.2521154e+01		
   4.8496934e+05  -2.6525616e+01  -3.1775647e+01		
   4.9031614e+05  -2.6769425e+01  -3.1095108e+01		
   4.9572189e+05  -2.6351246e+01  -3.1418981e+01		
   5.0118723e+05  -2.6479401e+01  -3.0804586e+01		
   5.0671283e+05  -2.6273855e+01  -3.1049568e+01		
   5.1229936e+05  -2.6293686e+01  -3.0575434e+01		
   5.1794747e+05  -2.6258993e+01  -3.0434134e+01		
   5.2365785e+05  -2.6157838e+01  -3.0453828e+01		
   5.2943119e+05  -2.6216912e+01  -3.0491612e+01		
   5.3526818e+05  -2.5971189e+01  -3.0452147e+01		
   5.4116953e+05  -2.6094169e+01  -3.0503597e+01		
   5.4713593e+05  -2.5735671e+01  -3.0503597e+01		
   5.5316812e+05  -2.5900089e+01  -3.0397169e+01		
   5.5926681e+05  -2.5454976e+01  -2.9939631e+01		
   5.6543274e+05  -2.4850538e+01  -3.0194092e+01		
   5.7166665e+05  -2.5151450e+01  -2.9608710e+01		
   5.7796929e+05  -2.4540869e+01  -2.9910921e+01		
   5.8434141e+05  -2.4820004e+01  -2.9276349e+01		
   5.9078379e+05  -2.4211776e+01  -2.8562008e+01		
   5.9729720e+05  -2.3579159e+01  -2.8933544e+01		
   6.0388241e+05  -2.3868096e+01  -2.8167973e+01		
   6.1054023e+05  -2.3230155e+01  -2.7394253e+01		
   6.1727145e+05  -2.2660822e+01  -2.7782961e+01		
   6.2407688e+05  -2.2904853e+01  -2.7033661e+01		
   6.3095734e+05  -2.2423799e+01  -2.6500448e+01		
   6.3791366e+05  -2.2588189e+01  -2.6692430e+01		
   6.4494668e+05  -2.2254910e+01  -2.6346939e+01		
   6.5205723e+05  -2.2334246e+01  -2.6429235e+01		
   6.5924618e+05  -2.2211511e+01  -2.6402509e+01		
   6.6651438e+05  -2.2297049e+01  -2.6941013e+01		
   6.7386272e+05  -2.2257659e+01  -2.6652655e+01		
   6.8129207e+05  -2.2302158e+01  -2.7249682e+01		
   6.8880333e+05  -2.2302158e+01  -2.7004664e+01		
   6.9639740e+05  -2.2223009e+01  -2.7422675e+01		
   7.0407520e+05  -2.2282326e+01  -2.7272689e+01		
   7.1183765e+05  -2.2019875e+01  -2.7428205e+01		
   7.1968567e+05  -2.2191171e+01  -2.6929823e+01		
   7.2762022e+05  -2.1750067e+01  -2.6200173e+01		
   7.3564225e+05  -2.1175460e+01  -2.6547136e+01		
   7.4375273e+05  -2.1442318e+01  -2.5823620e+01		
   7.5195262e+05  -2.0857439e+01  -2.5073233e+01		
   7.6024291e+05  -2.0232795e+01  -2.5460146e+01		
   7.6862461e+05  -2.0520927e+01  -2.4664180e+01		
   7.7709871e+05  -1.9828645e+01  -2.5059488e+01		
   7.8566625e+05  -2.0177144e+01  -2.4300721e+01		
   7.9432823e+05  -1.9473667e+01  -2.4064748e+01		
   8.0308572e+05  -1.8929603e+01  -2.4064748e+01		
   8.1193976e+05  -1.9129839e+01  -2.4284401e+01		
   8.2089142e+05  -1.8766918e+01  -2.4996125e+01		
   8.2994176e+05  -1.8846267e+01  -2.4542369e+01		
   8.3909189e+05  -1.8688074e+01  -2.5305378e+01		
   8.4834290e+05  -1.8635950e+01  -2.5662185e+01		
   8.5769590e+05  -1.8655648e+01  -2.5600658e+01		
   8.6715202e+05  -1.8544291e+01  -2.5519970e+01		
   8.7671239e+05  -1.8603502e+01  -2.5669734e+01		
   8.8637816e+05  -1.8297654e+01  -2.5207608e+01		
   8.9615050e+05  -1.8490017e+01  -2.4398464e+01		
   9.0603058e+05  -1.7942148e+01  -2.3565545e+01		
   9.1601959e+05  -1.7092450e+01  -2.4098965e+01		
   9.2611873e+05  -1.6234566e+01  -2.3301367e+01		
   9.3632921e+05  -1.5446468e+01  -2.2462806e+01		
   9.4665226e+05  -1.4711135e+01  -2.1613661e+01		
   9.5708912e+05  -1.5142731e+01  -2.0728542e+01		
   9.6764105e+05  -1.4397489e+01  -2.1262610e+01		
   9.7830932e+05  -1.4012939e+01  -2.0376730e+01		
   9.8909520e+05  -1.4115315e+01  -1.9932380e+01		
   1.0000000e+06  -1.4046637e+01  -2.0021423e+01		
   1.0081204e+06  -1.4016394e+01  -2.0078159e+01		
   1.0163068e+06  -1.4228314e+01  -1.9946820e+01		
   1.0245596e+06  -1.4155754e+01  -2.0417753e+01		
   1.0328795e+06  -1.4082606e+01  -2.0270228e+01		
   1.0412669e+06  -1.4195425e+01  -2.0473995e+01		
   1.0497224e+06  -1.4225706e+01  -2.0490361e+01		
   1.0582466e+06  -1.3822017e+01  -2.0108751e+01		
   1.0668400e+06  -1.4036401e+01  -2.0296378e+01		
   1.0755032e+06  -1.3209837e+01  -1.9425346e+01		
   1.0842367e+06  -1.3625287e+01  -1.9817913e+01		
   1.0930412e+06  -1.2656089e+01  -1.8789489e+01		
   1.1019172e+06  -1.1606248e+01  -1.9331019e+01		
   1.1108652e+06  -1.2253242e+01  -1.8288468e+01		
   1.1198859e+06  -1.1201829e+01  -1.7232489e+01		
   1.1289798e+06  -1.0170289e+01  -1.6149140e+01		
   1.1381476e+06  -9.1794445e+00  -1.6851777e+01		
   1.1473899e+06  -9.6653009e+00  -1.5703550e+01		
   1.1567071e+06  -8.6216350e+00  -1.5069591e+01		
   1.1661001e+06  -7.7102254e+00  -1.5219189e+01		
   1.1755693e+06  -8.0436298e+00  -1.5303036e+01		
   1.1851154e+06  -7.5660137e+00  -1.5116764e+01		
   1.1947391e+06  -7.6240532e+00  -1.5754533e+01		
   1.2044409e+06  -7.6825640e+00  -1.6618987e+01		
   1.2142214e+06  -8.1708963e+00  -1.7171383e+01		
   1.2240814e+06  -9.2338261e+00  -1.9227791e+01		
   1.2340215e+06  -1.0169526e+01  -2.1463698e+01		
   1.2440422e+06  -1.1008894e+01  -2.1878297e+01		
   1.2541444e+06  -1.1522301e+01  -2.2788676e+01		
   1.2643286e+06  -1.2215850e+01  -2.3869643e+01		
   1.2745954e+06  -1.3232739e+01  -2.3568825e+01		
   1.2849457e+06  -1.4258033e+01  -2.3990401e+01		
   1.2953800e+06  -1.5198383e+01  -2.3512977e+01		
   1.3058990e+06  -1.4877652e+01  -2.2907684e+01		
   1.3165035e+06  -1.5882392e+01  -2.1262328e+01		
   1.3271940e+06  -1.5489987e+01  -2.2874073e+01		
   1.3379714e+06  -1.6502140e+01  -2.3462457e+01		
   1.3488363e+06  -1.7531624e+01  -2.5362973e+01		
   1.3597894e+06  -1.8433225e+01  -2.6113676e+01		
   1.3708315e+06  -1.9160213e+01  -2.8614327e+01		
   1.3819632e+06  -1.8702005e+01  -2.8831921e+01		
   1.3931853e+06  -1.9716398e+01  -2.9567349e+01		
   1.4044986e+06  -2.0067326e+01  -2.8976533e+01		
   1.4159037e+06  -2.0050258e+01  -2.9773959e+01		
   1.4274014e+06  -1.9398259e+01  -2.7727072e+01		
   1.4389925e+06  -1.9883847e+01  -2.5560811e+01		
   1.4506778e+06  -1.8842181e+01  -2.4736443e+01		
   1.4624579e+06  -1.9302278e+01  -2.2145676e+01		
   1.4743337e+06  -1.8264222e+01  -2.1330476e+01		
   1.4863059e+06  -1.7242739e+01  -2.0520578e+01		
   1.4983753e+06  -1.7728934e+01  -1.9560313e+01		
   1.5105427e+06  -1.6882649e+01  -2.0206175e+01		
   1.5228090e+06  -1.5831801e+01  -1.9235557e+01		
   1.5351748e+06  -1.6169863e+01  -1.8258274e+01		
   1.5476411e+06  -1.5206099e+01  -1.7282450e+01		
   1.5602086e+06  -1.4214176e+01  -1.6380926e+01		
   1.5728781e+06  -1.4586737e+01  -1.6817638e+01		
   1.5856506e+06  -1.3653373e+01  -1.6025160e+01		
   1.5985267e+06  -1.3956609e+01  -1.6189032e+01		
   1.6115074e+06  -1.3168109e+01  -1.5842848e+01		
   1.6245936e+06  -1.3389810e+01  -1.5886431e+01		
   1.6377859e+06  -1.2746715e+01  -1.5930367e+01		
   1.6510854e+06  -1.2926276e+01  -1.5827338e+01		
   1.6644930e+06  -1.3107295e+01  -1.5827338e+01		
   1.6780093e+06  -1.2452286e+01  -1.5707776e+01		
   1.6916355e+06  -1.2665882e+01  -1.5765916e+01		
   1.7053723e+06  -1.1885218e+01  -1.5824527e+01		
   1.7192206e+06  -1.2171767e+01  -1.5451727e+01		
   1.7331814e+06  -1.1270548e+01  -1.5625272e+01		
   1.7472556e+06  -1.1664954e+01  -1.4909888e+01		
   1.7614440e+06  -1.0705150e+01  -1.5262761e+01		
   1.7757477e+06  -9.6655748e+00  -1.4458713e+01		
   1.7901675e+06  -1.0207208e+01  -1.3458502e+01		
   1.8047044e+06  -9.1539978e+00  -1.2539417e+01		
   1.8193594e+06  -8.3523431e+00  -1.2891443e+01		
   1.8341333e+06  -8.5911100e+00  -1.2230380e+01		
   1.8490273e+06  -7.9618199e+00  -1.2345165e+01		
   1.8640422e+06  -8.1184772e+00  -1.2128634e+01		
   1.8791790e+06  -8.2764066e+00  -1.2143171e+01		
   1.8944387e+06  -7.7812409e+00  -1.2157825e+01		
   1.9098223e+06  -7.8872549e+00  -1.2056517e+01		
   1.9253309e+06  -7.4599489e+00  -1.2100315e+01		
