   2.9000000e+01  -1.6675154e+01  -1.5617955e+01		
   3.8000000e+01  -1.8153765e+01  -1.7196120e+01		
   4.7000000e+01  -1.9245596e+01  -1.8116270e+01		
   5.6000000e+01  -2.0201577e+01  -1.9063395e+01		
   6.5000000e+01  -2.0838104e+01  -1.9882842e+01		
   7.4000000e+01  -2.1686595e+01  -2.0453086e+01		
   8.3000000e+01  -2.2387823e+01  -2.1191477e+01		
   9.2000000e+01  -2.2961825e+01  -2.2030143e+01		
   1.0100000e+02  -2.3565426e+01  -2.2375941e+01		
   1.1000000e+02  -2.3932829e+01  -2.2905216e+01		
   1.1900000e+02  -2.4358126e+01  -2.3332389e+01		
   1.2800000e+02  -2.4827906e+01  -2.3508965e+01		
   1.3700000e+02  -2.5215152e+01  -2.4160754e+01		
   1.4600000e+02  -2.5899151e+01  -2.4544023e+01		
   1.5500000e+02  -2.6324814e+01  -2.4962436e+01		
   1.6400000e+02  -2.6710226e+01  -2.5412522e+01		
   1.7300000e+02  -2.7230724e+01  -2.5828519e+01		
   1.8200000e+02  -2.7467440e+01  -2.5986806e+01		
   1.9100000e+02  -2.7965931e+01  -2.6539681e+01		
   2.0000000e+02  -2.8172830e+01  -2.6777401e+01		
   2.0324492e+02  -2.8291615e+01  -2.6947448e+01		
   2.0654248e+02  -2.8436387e+01  -2.7127022e+01		
   2.0989355e+02  -2.8629858e+01  -2.7284117e+01		
   2.1329899e+02  -2.8845268e+01  -2.7432364e+01		
   2.1675968e+02  -2.8669216e+01  -2.7332593e+01		
   2.2027651e+02  -2.8887530e+01  -2.7483913e+01		
   2.2385041e+02  -2.9111515e+01  -2.7659285e+01		
   2.2748229e+02  -2.9332264e+01  -2.7829106e+01		
   2.3117310e+02  -2.9550440e+01  -2.7976502e+01		
   2.3492379e+02  -2.9759604e+01  -2.8139404e+01		
   2.3873533e+02  -2.9935545e+01  -2.8016384e+01		
   2.4260871e+02  -3.0132955e+01  -2.8180325e+01		
   2.4654494e+02  -2.9979309e+01  -2.8347964e+01		
   2.5054503e+02  -3.0188298e+01  -2.8545795e+01		
   2.5461002e+02  -3.0408403e+01  -2.8800631e+01		
   2.5874097e+02  -3.0634701e+01  -2.9068525e+01		
   2.6293893e+02  -3.0862702e+01  -2.9300492e+01		
   2.6720501e+02  -3.1071346e+01  -2.9489894e+01		
   2.7154030e+02  -3.1246580e+01  -2.9673984e+01		
   2.7594593e+02  -3.1410438e+01  -2.9535799e+01		
   2.8042304e+02  -3.1292337e+01  -2.9720198e+01		
   2.8497279e+02  -3.1467342e+01  -2.9904534e+01		
   2.8959636e+02  -3.1672150e+01  -3.0091624e+01		
   2.9429494e+02  -3.1893567e+01  -3.0292578e+01		
   2.9906976e+02  -3.2131526e+01  -3.0482294e+01		
   3.0392204e+02  -3.2371456e+01  -3.0349211e+01		
   3.0885305e+02  -3.2616210e+01  -3.0541136e+01		
   3.1386407e+02  -3.2423996e+01  -3.0772612e+01		
   3.1895638e+02  -3.2666803e+01  -3.1000955e+01		
   3.2413132e+02  -3.2927055e+01  -3.1205668e+01		
   3.2939022e+02  -3.3189195e+01  -3.1410313e+01		
   3.3473444e+02  -3.3427460e+01  -3.1630481e+01		
   3.4016537e+02  -3.3629946e+01  -3.1454259e+01		
   3.4568441e+02  -3.3842044e+01  -3.1658144e+01		
   3.5129300e+02  -3.4069523e+01  -3.1910209e+01		
   3.5699259e+02  -3.4287991e+01  -3.2129393e+01		
   3.6278465e+02  -3.4536796e+01  -3.2341817e+01		
   3.6867068e+02  -3.4794081e+01  -3.2569033e+01		
   3.7465221e+02  -3.4576905e+01  -3.2813315e+01		
   3.8073079e+02  -3.4834640e+01  -3.3083989e+01		
   3.8690799e+02  -3.5092616e+01  -3.3331899e+01		
   3.9318541e+02  -3.5341890e+01  -3.3553032e+01		
   3.9956469e+02  -3.5599207e+01  -3.3376891e+01		
   4.0604746e+02  -3.5863754e+01  -3.3589793e+01		
   4.1263541e+02  -3.6132006e+01  -3.3825896e+01		
   4.1933025e+02  -3.6415471e+01  -3.4089504e+01		
   4.2613372e+02  -3.6720923e+01  -3.4345072e+01		
   4.3304756e+02  -3.7020369e+01  -3.4602956e+01		
   4.4007358e+02  -3.7288334e+01  -3.4875500e+01		
   4.4721360e+02  -3.7556278e+01  -3.5175756e+01		
   4.5446945e+02  -3.7833919e+01  -3.5466657e+01		
   4.6184303e+02  -3.8126763e+01  -3.5747578e+01		
   4.6933625e+02  -3.8426276e+01  -3.6010120e+01		
   4.7695104e+02  -3.8734943e+01  -3.6272439e+01		
   4.8468937e+02  -3.9053186e+01  -3.6549113e+01		
   4.9255326e+02  -3.9367290e+01  -3.6834711e+01		
   5.0054474e+02  -3.9654166e+01  -3.7142299e+01		
   5.0866587e+02  -3.9953585e+01  -3.7451912e+01		
   5.1691877e+02  -4.1013917e+01  -3.7766794e+01		
   5.2530556e+02  -4.1318643e+01  -3.8074517e+01		
   5.3382843e+02  -4.1622157e+01  -3.8366868e+01		
   5.4248958e+02  -4.1929538e+01  -3.8648631e+01		
   5.5129125e+02  -4.2205946e+01  -3.8953348e+01		
   5.6023572e+02  -4.3219565e+01  -3.9258186e+01		
   5.6932532e+02  -4.3504194e+01  -3.9531823e+01		
   5.7856239e+02  -4.3753542e+01  -3.9835921e+01		
   5.8794933e+02  -4.4806754e+01  -4.0848343e+01		
   5.9748857e+02  -4.5056858e+01  -4.1147580e+01		
   6.0718257e+02  -4.5260082e+01  -4.1425824e+01		
   6.1703386e+02  -4.6206177e+01  -4.1699415e+01		
   6.2704498e+02  -4.7006443e+01  -4.2699064e+01		
   6.3721853e+02  -4.7926654e+01  -4.3003531e+01		
   6.4755714e+02  -4.8762038e+01  -4.3299057e+01		
   6.5806349e+02  -4.9680407e+01  -4.3515994e+01		
   6.6874030e+02  -5.0674409e+01  -4.4514369e+01		
   6.7959034e+02  -5.0889089e+01  -4.5510882e+01		
   6.9061642e+02  -5.1853644e+01  -4.5680437e+01		
   7.0182139e+02  -5.2080210e+01  -4.6727459e+01		
   7.1320815e+02  -5.2600017e+01  -4.6898855e+01		
   7.2477966e+02  -5.2462001e+01  -4.7872198e+01		
   7.3653892e+02  -5.1625733e+01  -4.8758037e+01		
   7.4848896e+02  -5.0542973e+01  -4.9743011e+01		
   7.6063289e+02  -5.0468793e+01  -5.0671078e+01		
   7.7297385e+02  -4.8828986e+01  -5.1456149e+01		
   7.8551503e+02  -4.8613849e+01  -5.2453946e+01		
   7.9825969e+02  -4.8309017e+01  -5.2643028e+01		
   8.1121113e+02  -4.7975133e+01  -5.2807657e+01		
   8.2437270e+02  -4.7659324e+01  -5.2615416e+01		
   8.3774781e+02  -4.7343517e+01  -5.1556261e+01		
   8.5133992e+02  -4.7043472e+01  -5.0693196e+01		
   8.6515256e+02  -4.6032572e+01  -5.0599578e+01		
   8.7918931e+02  -4.5770650e+01  -4.9612300e+01		
   8.9345380e+02  -4.5510534e+01  -4.8657487e+01		
   9.0794972e+02  -4.5203436e+01  -4.7793382e+01		
   9.2268083e+02  -4.4161553e+01  -4.6832857e+01		
   9.3765095e+02  -4.3964026e+01  -4.5959328e+01		
   9.5286396e+02  -4.2956289e+01  -4.5818330e+01		
   9.6832379e+02  -4.2748851e+01  -4.4779162e+01		
   9.8403444e+02  -4.1733112e+01  -4.4588484e+01		
   1.0000000e+03  -4.1444290e+01  -4.3578481e+01		
   1.0110250e+03  -4.1024003e+01  -4.3196036e+01		
   1.0221716e+03  -4.1248442e+01  -4.2807634e+01		
   1.0334411e+03  -4.0839896e+01  -4.2423457e+01		
   1.0448348e+03  -4.0426458e+01  -4.2020955e+01		
   1.0563541e+03  -3.9992520e+01  -4.1596081e+01		
   1.0680004e+03  -3.9561753e+01  -4.1187079e+01		
   1.0797752e+03  -3.9134395e+01  -4.0795252e+01		
   1.0916797e+03  -3.9473162e+01  -4.1102991e+01		
   1.1037155e+03  -3.9014526e+01  -4.0689158e+01		
   1.1158840e+03  -3.8594488e+01  -4.0267186e+01		
   1.1281866e+03  -3.8210605e+01  -3.9823754e+01		
   1.1406249e+03  -3.8401261e+01  -3.9383550e+01		
   1.1532003e+03  -3.8025144e+01  -3.8926651e+01		
   1.1659144e+03  -3.7642931e+01  -3.9231857e+01		
   1.1787686e+03  -3.7855200e+01  -3.8783786e+01		
   1.1917646e+03  -3.7451124e+01  -3.8368511e+01		
   1.2049038e+03  -3.7035998e+01  -3.7971756e+01		
   1.2181879e+03  -3.6625236e+01  -3.8173817e+01		
   1.2316185e+03  -3.6849389e+01  -3.7772932e+01		
   1.2451971e+03  -3.6446885e+01  -3.7363037e+01		
   1.2589254e+03  -3.6083530e+01  -3.7598700e+01		
   1.2728051e+03  -3.6254185e+01  -3.7179209e+01		
   1.2868378e+03  -3.5892398e+01  -3.6755967e+01		
   1.3010252e+03  -3.5548053e+01  -3.6353455e+01		
   1.3153691e+03  -3.5707190e+01  -3.6601321e+01		
   1.3298710e+03  -3.5358249e+01  -3.6200391e+01		
   1.3445329e+03  -3.4966904e+01  -3.5833715e+01		
   1.3593564e+03  -3.5178516e+01  -3.6004580e+01		
   1.3743433e+03  -3.4784644e+01  -3.5643547e+01		
   1.3894955e+03  -3.4432980e+01  -3.5272750e+01		
   1.4048147e+03  -3.4592073e+01  -3.5472337e+01		
   1.4203028e+03  -3.4257308e+01  -3.5091332e+01		
   1.4359617e+03  -3.4399490e+01  -3.4739416e+01		
   1.4517932e+03  -3.4080687e+01  -3.4898727e+01		
   1.4677993e+03  -3.3748979e+01  -3.4530048e+01		
   1.4839818e+03  -3.3908435e+01  -3.4124123e+01		
   1.5003427e+03  -3.3565682e+01  -3.4336125e+01		
   1.5168840e+03  -3.3207981e+01  -3.3938455e+01		
   1.5336077e+03  -3.3378546e+01  -3.3567143e+01		
   1.5505158e+03  -3.3022177e+01  -3.3737914e+01		
   1.5676103e+03  -3.2680151e+01  -3.3374279e+01		
   1.5848932e+03  -3.2839084e+01  -3.2975719e+01		
   1.6023667e+03  -3.2484231e+01  -3.3211617e+01		
   1.6200328e+03  -3.2655312e+01  -3.2809712e+01		
   1.6378937e+03  -3.2303073e+01  -3.2472220e+01		
   1.6559515e+03  -3.1985221e+01  -3.2614282e+01		
   1.6742084e+03  -3.2133249e+01  -3.2298346e+01		
   1.6926666e+03  -3.1815000e+01  -3.1985126e+01		
   1.7113283e+03  -3.1511997e+01  -3.2132956e+01		
   1.7301957e+03  -3.1642681e+01  -3.1804161e+01		
   1.7492712e+03  -3.1343408e+01  -3.1428342e+01		
   1.7685569e+03  -3.1474604e+01  -3.1618317e+01		
   1.7880553e+03  -3.1166884e+01  -3.1235142e+01		
   1.8077687e+03  -3.0831451e+01  -3.0886675e+01		
   1.8276994e+03  -3.0998030e+01  -3.1045594e+01		
   1.8478498e+03  -3.0657096e+01  -3.0715649e+01		
   1.8682224e+03  -3.0345749e+01  -3.0863906e+01		
   1.8888196e+03  -3.0476419e+01  -3.0543258e+01		
   1.9096439e+03  -3.0177155e+01  -3.0240104e+01		
   1.9306977e+03  -3.0308336e+01  -3.0370794e+01		
   1.9519837e+03  -3.0013844e+01  -3.0059555e+01		
   1.9735044e+03  -2.9733136e+01  -3.0201691e+01		
   1.9952623e+03  -2.9853099e+01  -2.9890375e+01		
   2.0172601e+03  -2.9586312e+01  -2.9607820e+01		
   2.0395005e+03  -2.9691378e+01  -2.9722959e+01		
   2.0619860e+03  -2.9437277e+01  -2.9443757e+01		
   2.0847195e+03  -2.9154442e+01  -2.9559261e+01		
   2.1077035e+03  -2.9285215e+01  -2.9281324e+01		
   2.1309410e+03  -2.8974553e+01  -2.8986023e+01		
   2.1544347e+03  -2.9116779e+01  -2.9116915e+01		
   2.1781874e+03  -2.8799588e+01  -2.8824610e+01		
   2.2022019e+03  -2.8500522e+01  -2.8940203e+01		
   2.2264813e+03  -2.8631396e+01  -2.8665400e+01		
   2.2510283e+03  -2.8321436e+01  -2.8362673e+01		
   2.2758459e+03  -2.7997733e+01  -2.8504475e+01		
   2.3009372e+03  -2.8139068e+01  -2.8169640e+01		
   2.3263051e+03  -2.7828688e+01  -2.7826504e+01		
   2.3519526e+03  -2.7959663e+01  -2.7992950e+01		
   2.3778830e+03  -2.7670001e+01  -2.7658630e+01		
   2.4040992e+03  -2.7379256e+01  -2.7352448e+01		
   2.4306044e+03  -2.7509821e+01  -2.7482915e+01		
   2.4574019e+03  -2.7213261e+01  -2.7183782e+01		
   2.4844948e+03  -2.7350088e+01  -2.7314760e+01		
   2.5118864e+03  -2.7051139e+01  -2.7015297e+01		
   2.5395800e+03  -2.6752144e+01  -2.6733189e+01		
   2.5675790e+03  -2.6882907e+01  -2.6852876e+01		
   2.5958866e+03  -2.6572179e+01  -2.6565718e+01		
   2.6245063e+03  -2.6714394e+01  -2.6696798e+01		
   2.6534415e+03  -2.6400177e+01  -2.6406279e+01		
   2.6826958e+03  -2.6136676e+01  -2.6147479e+01		
   2.7122726e+03  -2.6241249e+01  -2.6251974e+01		
   2.7421754e+03  -2.5965583e+01  -2.5961704e+01		
   2.7724080e+03  -2.6096764e+01  -2.6103710e+01		
   2.8029739e+03  -2.5785769e+01  -2.5775719e+01		
   2.8338767e+03  -2.5440085e+01  -2.5450296e+01		
   2.8651203e+03  -2.5606894e+01  -2.5604957e+01		
   2.8967083e+03  -2.5275818e+01  -2.5297980e+01		
   2.9286446e+03  -2.4991070e+01  -2.5003773e+01		
   2.9609329e+03  -2.5106088e+01  -2.5134426e+01		
   2.9935773e+03  -2.4817252e+01  -2.4822931e+01		
   3.0265816e+03  -2.4948417e+01  -2.4965027e+01		
   3.0599497e+03  -2.4648834e+01  -2.4648834e+01		
   3.0936857e+03  -2.4379508e+01  -2.4379508e+01		
   3.1277937e+03  -2.4484072e+01  -2.4484072e+01		
   3.1622777e+03  -2.4242780e+01  -2.4242780e+01		
   3.1971418e+03  -2.4337186e+01  -2.4337186e+01		
   3.2323904e+03  -2.4080290e+01  -2.4099166e+01		
   3.2680276e+03  -2.3743807e+01  -2.3795780e+01		
   3.3040577e+03  -2.3902810e+01  -2.3937221e+01		
   3.3404850e+03  -2.3556804e+01  -2.3615934e+01		
   3.3773139e+03  -2.3709837e+01  -2.3764158e+01		
   3.4145489e+03  -2.3382003e+01  -2.3440316e+01		
   3.4521944e+03  -2.3099935e+01  -2.3102705e+01		
   3.4902549e+03  -2.3215047e+01  -2.3261950e+01		
   3.5287350e+03  -2.2935865e+01  -2.2925564e+01		
   3.5676394e+03  -2.3051341e+01  -2.2619540e+01		
   3.6069727e+03  -2.2759590e+01  -2.2749987e+01		
   3.6467397e+03  -2.2422011e+01  -2.2437065e+01		
   3.6869451e+03  -2.2581260e+01  -2.2578937e+01		
   3.7275937e+03  -2.2228277e+01  -2.2254532e+01		
   3.7686905e+03  -2.1895508e+01  -2.1915170e+01		
   3.8102404e+03  -2.2043139e+01  -2.2081447e+01		
   3.8522484e+03  -2.1721909e+01  -2.1741874e+01		
   3.8947195e+03  -2.1863997e+01  -2.1399898e+01		
   3.9376589e+03  -2.1547861e+01  -2.1558745e+01		
   3.9810717e+03  -2.1234912e+01  -2.1216342e+01		
   4.0249631e+03  -2.1382769e+01  -2.1375932e+01		
   4.0693384e+03  -2.1060547e+01  -2.1044429e+01		
   4.1142030e+03  -2.0736956e+01  -2.0729919e+01		
   4.1595622e+03  -2.0884460e+01  -2.0871542e+01		
   4.2054214e+03  -2.0576945e+01  -2.0532581e+01		
   4.2517863e+03  -2.0707989e+01  -2.0207531e+01		
   4.2986623e+03  -2.0399215e+01  -2.0355126e+01		
   4.3460552e+03  -2.0061273e+01  -2.0059148e+01		
   4.3939706e+03  -2.0227659e+01  -2.0179346e+01		
   4.4424142e+03  -1.9892300e+01  -1.9896093e+01		
   4.4913919e+03  -1.9541156e+01  -1.9568741e+01		
   4.5409096e+03  -1.9719403e+01  -1.9735230e+01		
   4.5909732e+03  -1.9339299e+01  -1.9394705e+01		
   4.6415888e+03  -1.8949060e+01  -1.9052613e+01		
   4.6927625e+03  -1.9139164e+01  -1.9211661e+01		
   4.7445003e+03  -1.8766474e+01  -1.8844429e+01		
   4.7968085e+03  -1.8392192e+01  -1.8415806e+01		
   4.8496934e+03  -1.8591396e+01  -1.8664282e+01		
   4.9031614e+03  -1.8198179e+01  -1.8239873e+01		
   4.9572189e+03  -1.7780359e+01  -1.7862671e+01		
   5.0118723e+03  -1.8016079e+01  -1.8041380e+01		
   5.0671283e+03  -1.7602570e+01  -1.7677283e+01		
   5.1229936e+03  -1.7230368e+01  -1.7316417e+01		
   5.1794747e+03  -1.7401219e+01  -1.7494834e+01		
   5.2365785e+03  -1.7046885e+01  -1.7123689e+01		
   5.2943119e+03  -1.6682796e+01  -1.6738307e+01		
   5.3526818e+03  -1.6882517e+01  -1.6928735e+01		
   5.4116953e+03  -1.6499678e+01  -1.6545330e+01		
   5.4713593e+03  -1.6147001e+01  -1.6162460e+01		
   5.5316812e+03  -1.6306419e+01  -1.6352861e+01		
   5.5926681e+03  -1.5958515e+01  -1.5959601e+01		
   5.6543274e+03  -1.5546927e+01  -1.5529006e+01		
   5.7166665e+03  -1.5795980e+01  -1.5778059e+01		
   5.7796929e+03  -1.5357782e+01  -1.5350666e+01		
   5.8434141e+03  -1.4948425e+01  -1.4934369e+01		
   5.9078379e+03  -1.4518604e+01  -1.4488121e+01		
   5.9729720e+03  -1.4766989e+01  -1.4779066e+01		
   6.0388241e+03  -1.4351925e+01  -1.4383404e+01		
   6.1054023e+03  -1.3913057e+01  -1.3962707e+01		
   6.1727145e+03  -1.3480750e+01  -1.3532478e+01		
   6.2407688e+03  -1.3082405e+01  -1.3111241e+01		
   6.3095734e+03  -1.3317898e+01  -1.3335773e+01		
   6.3791366e+03  -1.2910646e+01  -1.2928600e+01		
   6.4494668e+03  -1.2476591e+01  -1.2498946e+01		
   6.5205723e+03  -1.2043773e+01  -1.2051900e+01		
   6.5924618e+03  -1.1618118e+01  -1.1637908e+01		
   6.6651438e+03  -1.1908639e+01  -1.1928647e+01		
   6.7386272e+03  -1.1482417e+01  -1.1495421e+01		
   6.8129207e+03  -1.1056366e+01  -1.1064382e+01		
   6.8880333e+03  -1.0652617e+01  -1.0622984e+01		
   6.9639740e+03  -1.0237676e+01  -1.0249740e+01		
   7.0407520e+03  -1.0473982e+01  -1.0472159e+01		
   7.1183765e+03  -1.0056508e+01  -1.0089104e+01		
   7.1968567e+03  -9.7923378e+00  -9.8219909e+00		
   7.2762022e+03  -9.8902296e+00  -9.9124203e+00		
   7.3564225e+03  -9.8117899e+00  -9.8164639e+00		
   7.4375273e+03  -9.7908323e+00  -9.8063919e+00		
   7.5195262e+03  -9.9419444e+00  -9.9329065e+00		
   7.6024291e+03  -1.0323290e+01  -1.0347199e+01		
   7.6862461e+03  -1.0101063e+01  -1.0023632e+01		
   7.7709871e+03  -1.0488305e+01  -1.1153128e+01		
   7.8566625e+03  -1.0917679e+01  -1.1409734e+01		
   7.9432823e+03  -1.1339248e+01  -1.1788185e+01		
   8.0308572e+03  -1.1754730e+01  -1.2823313e+01		
   8.1193976e+03  -1.2156795e+01  -1.4301103e+01		
   8.2089142e+03  -1.2456659e+01  -1.5193388e+01		
   8.2994176e+03  -1.3352816e+01  -1.6263519e+01		
   8.3909189e+03  -1.4166132e+01  -1.6474651e+01		
   8.4834290e+03  -1.5175799e+01  -1.7614364e+01		
   8.5769590e+03  -1.6299496e+01  -1.9116174e+01		
   8.6715202e+03  -1.6472962e+01  -1.9899002e+01		
   8.7671239e+03  -1.8278389e+01  -2.0904824e+01		
   8.8637816e+03  -1.8904355e+01  -2.1203502e+01		
   8.9615050e+03  -1.9969848e+01  -2.1583506e+01		
   9.0603058e+03  -2.0213121e+01  -2.2046560e+01		
   9.1601959e+03  -2.0378690e+01  -2.2307510e+01		
   9.2611873e+03  -1.9758096e+01  -2.2268667e+01		
   9.3632921e+03  -1.9500333e+01  -2.1919257e+01		
   9.4665226e+03  -1.9064658e+01  -2.1621527e+01		
   9.5708912e+03  -1.8638923e+01  -2.1237318e+01		
   9.6764105e+03  -1.8929792e+01  -2.0912593e+01		
   9.7830932e+03  -1.8551156e+01  -1.9733301e+01		
   9.8909520e+03  -1.8168691e+01  -1.9378033e+01		
   1.0000000e+04  -1.6963425e+01  -1.8983666e+01		
   1.0110250e+04  -1.6636553e+01  -1.8615530e+01		
   1.0221716e+04  -1.5597902e+01  -1.7505458e+01		
   1.0334411e+04  -1.5428679e+01  -1.7092037e+01		
   1.0448348e+04  -1.4352698e+01  -1.6878564e+01		
   1.0563541e+04  -1.4025427e+01  -1.5745807e+01		
   1.0680004e+04  -1.3691182e+01  -1.5408787e+01		
   1.0797752e+04  -1.2545334e+01  -1.5062253e+01		
   1.0916797e+04  -1.2178772e+01  -1.4723175e+01		
   1.1037155e+04  -1.1747979e+01  -1.4372251e+01		
   1.1158840e+04  -1.1454890e+01  -1.3201092e+01		
   1.1281866e+04  -1.1597302e+01  -1.2830926e+01		
   1.1406249e+04  -1.1487027e+01  -1.2496557e+01		
   1.1532003e+04  -1.1825033e+01  -1.2718853e+01		
   1.1659144e+04  -1.1548102e+01  -1.2403638e+01		
   1.1787686e+04  -1.1849013e+01  -1.2432610e+01		
   1.1917646e+04  -1.3069994e+01  -1.2382437e+01		
   1.2049038e+04  -1.3473749e+01  -1.2627915e+01		
   1.2181879e+04  -1.3842718e+01  -1.2491869e+01		
   1.2316185e+04  -1.3652571e+01  -1.2784205e+01		
   1.2451971e+04  -1.3881606e+01  -1.2674808e+01		
   1.2589254e+04  -1.3651119e+01  -1.2833251e+01		
   1.2728051e+04  -1.3843815e+01  -1.2657171e+01		
   1.2868378e+04  -1.3559153e+01  -1.2306283e+01		
   1.3010252e+04  -1.3236900e+01  -1.1944935e+01		
   1.3153691e+04  -1.2197309e+01  -1.0767561e+01		
   1.3298710e+04  -1.1124228e+01  -1.0466809e+01		
   1.3445329e+04  -1.0906391e+01  -9.4900857e+00		
   1.3593564e+04  -9.7468271e+00  -9.3041503e+00		
   1.3743433e+04  -9.4384591e+00  -8.1072373e+00		
   1.3894955e+04  -9.0784491e+00  -7.7261490e+00		
   1.4048147e+04  -8.7056478e+00  -7.3351086e+00		
   1.4203028e+04  -8.3749885e+00  -7.6584139e+00		
   1.4359617e+04  -7.1329846e+00  -7.2031843e+00		
   1.4517932e+04  -6.8224920e+00  -6.8098526e+00		
   1.4677993e+04  -7.0316057e+00  -6.6852708e+00		
   1.4839818e+04  -6.7797358e+00  -6.7061367e+00		
   1.5003427e+04  -6.9218039e+00  -6.8001297e+00		
   1.5168840e+04  -6.8030058e+00  -6.7128804e+00		
   1.5336077e+04  -7.1350075e+00  -6.9441726e+00		
   1.5505158e+04  -7.6071941e+00  -7.2531634e+00		
   1.5676103e+04  -8.0413494e+00  -7.1118278e+00		
   1.5848932e+04  -7.7361073e+00  -7.4469593e+00		
   1.6023667e+04  -8.1888550e+00  -7.2874513e+00		
   1.6200328e+04  -8.5963001e+00  -7.6294945e+00		
   1.6378937e+04  -8.3935473e+00  -8.0316008e+00		
   1.6559515e+04  -8.7867154e+00  -8.4518594e+00		
   1.6742084e+04  -9.1986432e+00  -8.8595440e+00		
   1.6926666e+04  -9.6216296e+00  -8.6355989e+00		
   1.7113283e+04  -9.3726574e+00  -9.0359062e+00		
   1.7301957e+04  -9.8054295e+00  -9.4391618e+00		
   1.7492712e+04  -1.0222535e+01  -9.2036099e+00		
   1.7685569e+04  -1.0646699e+01  -9.6047309e+00		
   1.7880553e+04  -1.1068289e+01  -1.0029565e+01		
   1.8077687e+04  -1.1455585e+01  -1.0462801e+01		
   1.8276994e+04  -1.1220135e+01  -1.0186903e+01		
   1.8478498e+04  -1.1621818e+01  -1.0613689e+01		
   1.8682224e+04  -1.2023390e+01  -1.1047069e+01		
   1.8888196e+04  -1.1798761e+01  -1.1487305e+01		
   1.9096439e+04  -1.2216226e+01  -1.1904707e+01		
   1.9306977e+04  -1.2643337e+01  -1.1680548e+01		
   1.9519837e+04  -1.3063693e+01  -1.2093680e+01		
   1.9735044e+04  -1.2839667e+01  -1.2516717e+01		
   1.9952623e+04  -1.3253350e+01  -1.2267655e+01		
   2.0172601e+04  -1.3651345e+01  -1.2699977e+01		
   2.0395005e+04  -1.3439317e+01  -1.3102486e+01		
   2.0619860e+04  -1.3844582e+01  -1.3544028e+01		
   2.0847195e+04  -1.4248070e+01  -1.3295821e+01		
   2.1077035e+04  -1.4617588e+01  -1.3718840e+01		
   2.1309410e+04  -1.4427685e+01  -1.4113922e+01		
   2.1544347e+04  -1.4803218e+01  -1.3891204e+01		
   2.1781874e+04  -1.4632065e+01  -1.4284450e+01		
   2.2022019e+04  -1.4990031e+01  -1.4682627e+01		
   2.2264813e+04  -1.5364090e+01  -1.5047993e+01		
   2.2510283e+04  -1.5721974e+01  -1.4877760e+01		
   2.2758459e+04  -1.5551664e+01  -1.5244642e+01		
   2.3009372e+04  -1.5914694e+01  -1.5073614e+01		
   2.3263051e+04  -1.5735743e+01  -1.5440955e+01		
   2.3519526e+04  -1.6098012e+01  -1.5830794e+01		
   2.3778830e+04  -1.6500873e+01  -1.5618690e+01		
   2.4040992e+04  -1.6924234e+01  -1.6020286e+01		
   2.4306044e+04  -1.6700291e+01  -1.6435226e+01		
   2.4574019e+04  -1.7114318e+01  -1.6781844e+01		
   2.4844948e+04  -1.7483742e+01  -1.6622906e+01		
   2.5118864e+04  -1.7305296e+01  -1.6965361e+01		
   2.5395800e+04  -1.7660870e+01  -1.6805680e+01		
   2.5675790e+04  -1.8035170e+01  -1.7156102e+01		
   2.5958866e+04  -1.7853333e+01  -1.7534100e+01		
   2.6245063e+04  -1.8245228e+01  -1.7343554e+01		
   2.6534415e+04  -1.8627590e+01  -1.7727019e+01		
   2.6826958e+04  -1.8437443e+01  -1.8095909e+01		
   2.7122726e+04  -1.8810406e+01  -1.7917296e+01		
   2.7421754e+04  -1.9184267e+01  -1.8268605e+01		
   2.7724080e+04  -1.8985017e+01  -1.8617846e+01		
   2.8029739e+04  -1.9378649e+01  -1.8439258e+01		
   2.8338767e+04  -1.9809158e+01  -1.8807058e+01		
   2.8651203e+04  -2.0187129e+01  -1.9212130e+01		
   2.8967083e+04  -2.0429796e+01  -1.8976248e+01		
   2.9286446e+04  -2.0299280e+01  -1.9374764e+01		
   2.9609329e+04  -2.0469548e+01  -1.9814483e+01		
   2.9935773e+04  -2.0440442e+01  -2.0178745e+01		
   3.0265816e+04  -2.0425447e+01  -2.0023708e+01		
   3.0599497e+04  -2.0474038e+01  -2.0283980e+01		
   3.0936857e+04  -2.0314897e+01  -2.0371077e+01		
   3.1277937e+04  -2.0197675e+01  -2.0342071e+01		
   3.1622777e+04  -2.0226629e+01  -2.0505068e+01		
   3.1971418e+04  -2.0261748e+01  -2.0406899e+01		
   3.2323904e+04  -2.0219953e+01  -2.0677792e+01		
   3.2680276e+04  -2.0424243e+01  -2.1084380e+01		
   3.3040577e+04  -2.0293172e+01  -2.0835531e+01		
   3.3404850e+04  -2.0615834e+01  -2.1278774e+01		
   3.3773139e+04  -2.0869162e+01  -2.1618336e+01		
   3.4145489e+04  -2.0782120e+01  -2.1509125e+01		
   3.4521944e+04  -2.0794670e+01  -2.1622553e+01		
   3.4902549e+04  -2.0442273e+01  -2.1325519e+01		
   3.5287350e+04  -2.0010753e+01  -2.1559916e+01		
   3.5676394e+04  -1.9583220e+01  -2.0422322e+01		
   3.6069727e+04  -1.9205024e+01  -2.0286229e+01		
   3.6467397e+04  -1.9528594e+01  -1.9209706e+01		
   3.6869451e+04  -1.9095142e+01  -1.9016567e+01		
   3.7275937e+04  -1.8991456e+01  -1.9107348e+01		
   3.7686905e+04  -1.8980972e+01  -1.9067307e+01		
   3.8102404e+04  -1.9088750e+01  -1.9025384e+01		
   3.8522484e+04  -1.8997771e+01  -1.9219823e+01		
   3.8947195e+04  -1.9257121e+01  -1.9621214e+01		
   3.9376589e+04  -1.9611012e+01  -1.9385694e+01		
   3.9810717e+04  -1.9432506e+01  -1.9803118e+01		
   4.0249631e+04  -1.9785390e+01  -2.0215117e+01		
   4.0693384e+04  -2.0149745e+01  -2.0002745e+01		
   4.1142030e+04  -1.9950075e+01  -2.0405507e+01		
   4.1595622e+04  -2.0324413e+01  -2.0756088e+01		
   4.2054214e+04  -2.0625333e+01  -2.0589229e+01		
   4.2517863e+04  -2.0505371e+01  -2.0923777e+01		
   4.2986623e+04  -2.0790425e+01  -2.1241622e+01		
   4.3460552e+04  -2.1141779e+01  -2.1093605e+01		
   4.3939706e+04  -2.0971553e+01  -2.1411848e+01		
   4.4424142e+04  -2.1355542e+01  -2.1714725e+01		
   4.4913919e+04  -2.1717235e+01  -2.1584051e+01		
   4.5409096e+04  -2.1539229e+01  -2.1871237e+01		
   4.5909732e+04  -2.1890259e+01  -2.1750983e+01		
   4.6415888e+04  -2.1730541e+01  -2.2033807e+01		
   4.6927625e+04  -2.2080739e+01  -2.2332809e+01		
   4.7445003e+04  -2.2419867e+01  -2.2202034e+01		
   4.7968085e+04  -2.2271800e+01  -2.2512681e+01		
   4.8496934e+04  -2.2590072e+01  -2.2370452e+01		
   4.9031614e+04  -2.2877886e+01  -2.2695086e+01		
   4.9572189e+04  -2.2758060e+01  -2.2990225e+01		
   5.0118723e+04  -2.3035157e+01  -2.2870255e+01		
   5.0671283e+04  -2.2919717e+01  -2.3144702e+01		
   5.1229936e+04  -2.3184298e+01  -2.3383694e+01		
   5.1794747e+04  -2.3432776e+01  -2.3289794e+01		
   5.2365785e+04  -2.3328395e+01  -2.3519194e+01		
   5.2943119e+04  -2.3594361e+01  -2.3428654e+01		
   5.3526818e+04  -2.3474334e+01  -2.3670937e+01		
   5.4116953e+04  -2.3731518e+01  -2.3566021e+01		
   5.4713593e+04  -2.3923936e+01  -2.3810773e+01		
   5.5316812e+04  -2.3853757e+01  -2.4022574e+01		
   5.5926681e+04  -2.4033366e+01  -2.3942273e+01		
   5.6543274e+04  -2.3960177e+01  -2.4133850e+01		
   5.7166665e+04  -2.4139262e+01  -2.4063417e+01		
   5.7796929e+04  -2.4068691e+01  -2.4232826e+01		
   5.8434141e+04  -2.4229606e+01  -2.4174573e+01		
   5.9078379e+04  -2.4180966e+01  -2.4308394e+01		
   5.9729720e+04  -2.4311881e+01  -2.4267982e+01		
   6.0388241e+04  -2.4494833e+01  -2.4372628e+01		
   6.1054023e+04  -2.4414601e+01  -2.4528201e+01		
   6.1727145e+04  -2.4634989e+01  -2.4457966e+01		
   6.2407688e+04  -2.4540856e+01  -2.4693434e+01		
   6.3095734e+04  -2.4802933e+01  -2.4568227e+01		
   6.3791366e+04  -2.4671730e+01  -2.4856815e+01		
   6.4494668e+04  -2.4973782e+01  -2.5175448e+01		
   6.5205723e+04  -2.5279363e+01  -2.5033927e+01		
   6.5924618e+04  -2.5148473e+01  -2.5345722e+01		
   6.6651438e+04  -2.5458320e+01  -2.5214576e+01		
   6.7386272e+04  -2.5798814e+01  -2.5525352e+01		
   6.8129207e+04  -2.5632624e+01  -2.5867609e+01		
   6.8880333e+04  -2.5979414e+01  -2.5708273e+01		
   6.9639740e+04  -2.6338120e+01  -2.6041173e+01		
   7.0407520e+04  -2.6160083e+01  -2.6405249e+01		
   7.1183765e+04  -2.6530957e+01  -2.6205985e+01		
   7.1968567e+04  -2.6948452e+01  -2.6590597e+01		
   7.2762022e+04  -2.6713299e+01  -2.7013568e+01		
   7.3564225e+04  -2.7130367e+01  -2.6764491e+01		
   7.4375273e+04  -2.7560790e+01  -2.7202918e+01		
   7.5195262e+04  -2.7298857e+01  -2.7606772e+01		
   7.6024291e+04  -2.7714450e+01  -2.8033416e+01		
   7.6862461e+04  -2.8147163e+01  -2.7725210e+01		
   7.7709871e+04  -2.8492543e+01  -2.8828753e+01		
   7.8566625e+04  -2.8344448e+01  -2.9093395e+01		
   7.9432823e+04  -2.8619504e+01  -2.9419213e+01		
   8.0308572e+04  -2.8551360e+01  -2.9841163e+01		
   8.1193976e+04  -2.8708605e+01  -3.0359394e+01		
   8.2089142e+04  -2.8762403e+01  -3.0672294e+01		
   8.2994176e+04  -2.8752743e+01  -3.0530742e+01		
   8.3909189e+04  -2.8732779e+01  -3.0667642e+01		
   8.4834290e+04  -2.8752885e+01  -3.0347765e+01		
   8.5769590e+04  -2.8714289e+01  -2.9915517e+01		
   8.6715202e+04  -2.8723990e+01  -2.9834616e+01		
   8.7671239e+04  -2.8709677e+01  -3.0169074e+01		
   8.8637816e+04  -2.8709677e+01  -2.9863581e+01		
   8.9615050e+04  -2.8678528e+01  -3.0233167e+01		
   9.0603058e+04  -2.8707726e+01  -2.9995816e+01		
   9.1601959e+04  -2.8595949e+01  -3.0191883e+01		
   9.2611873e+04  -2.8350852e+01  -2.9811471e+01		
   9.3632921e+04  -2.8465766e+01  -2.9331751e+01		
   9.4665226e+04  -2.8142896e+01  -2.8861020e+01		
   9.5708912e+04  -2.8321731e+01  -2.8428299e+01		
   9.6764105e+04  -2.7955306e+01  -2.8751604e+01		
   9.7830932e+04  -2.7563569e+01  -2.8301806e+01		
   9.8909520e+04  -2.7775951e+01  -2.7874483e+01		
   1.0000000e+05  -2.7387402e+01  -2.7469521e+01		
   1.0110250e+05  -2.6945911e+01  -2.7681459e+01		
   1.0221716e+05  -2.6533719e+01  -2.7275985e+01		
   1.0334411e+05  -2.6746009e+01  -2.6912489e+01		
   1.0448348e+05  -2.6360671e+01  -2.7079132e+01		
   1.0563541e+05  -2.6104138e+01  -2.6766675e+01		
   1.0680004e+05  -2.6198319e+01  -2.6581459e+01		
   1.0797752e+05  -2.5979676e+01  -2.6639403e+01		
   1.0916797e+05  -2.6060397e+01  -2.6467527e+01		
   1.1037155e+05  -2.5853980e+01  -2.6537872e+01		
   1.1158840e+05  -2.5613140e+01  -2.6332211e+01		
   1.1281866e+05  -2.5717474e+01  -2.6426535e+01		
   1.1406249e+05  -2.5424123e+01  -2.6198012e+01		
   1.1532003e+05  -2.5572130e+01  -2.6022960e+01		
   1.1659144e+05  -2.5259025e+01  -2.6083121e+01		
   1.1787686e+05  -2.4960156e+01  -2.5944088e+01		
   1.1917646e+05  -2.5090723e+01  -2.5994344e+01		
   1.2049038e+05  -2.4791525e+01  -2.5852202e+01		
   1.2181879e+05  -2.4922604e+01  -2.5912654e+01		
   1.2316185e+05  -2.4628128e+01  -2.5746833e+01		
   1.2451971e+05  -2.4366650e+01  -2.5817531e+01		
   1.2589254e+05  -2.4475458e+01  -2.5619132e+01		
   1.2728051e+05  -2.4224087e+01  -2.5387898e+01		
   1.2868378e+05  -2.4328913e+01  -2.5481888e+01		
   1.3010252e+05  -2.4063130e+01  -2.5252106e+01		
   1.3153691e+05  -2.3723582e+01  -2.5342733e+01		
   1.3298710e+05  -2.3901904e+01  -2.5101611e+01		
   1.3445329e+05  -2.3537321e+01  -2.5206628e+01		
   1.3593564e+05  -2.3187633e+01  -2.4964522e+01		
   1.3743433e+05  -2.3346629e+01  -2.4724120e+01		
   1.3894955e+05  -2.2984504e+01  -2.4828729e+01		
   1.4048147e+05  -2.2566854e+01  -2.4542055e+01		
   1.4203028e+05  -2.2801998e+01  -2.4684215e+01		
   1.4359617e+05  -2.2392271e+01  -2.4350619e+01		
   1.4517932e+05  -2.1948556e+01  -2.3958609e+01		
   1.4677993e+05  -2.1485227e+01  -2.4170960e+01		
   1.4839818e+05  -2.1823832e+01  -2.3769894e+01		
   1.5003427e+05  -2.1378156e+01  -2.3411490e+01		
   1.5168840e+05  -2.0948681e+01  -2.3578457e+01		
   1.5336077e+05  -2.0519301e+01  -2.3236337e+01		
   1.5505158e+05  -2.0089246e+01  -2.2837673e+01		
   1.5676103e+05  -1.9648300e+01  -2.2376612e+01		
   1.5848932e+05  -1.9923644e+01  -2.2699980e+01		
   1.6023667e+05  -1.9501960e+01  -2.2258140e+01		
   1.6200328e+05  -1.9103504e+01  -2.1821326e+01		
   1.6378937e+05  -1.8753751e+01  -2.1380106e+01		
   1.6559515e+05  -1.8383202e+01  -2.0940567e+01		
   1.6742084e+05  -1.7947150e+01  -2.1231324e+01		
   1.6926666e+05  -1.7542473e+01  -2.0849412e+01		
   1.7113283e+05  -1.6331459e+01  -2.0465316e+01		
   1.7301957e+05  -1.5979943e+01  -2.0048539e+01		
   1.7492712e+05  -1.5809584e+01  -1.9643871e+01		
   1.7685569e+05  -1.4115128e+01  -1.9239206e+01		
   1.7880553e+05  -1.4028555e+01  -1.8879628e+01		
   1.8077687e+05  -1.2820030e+01  -1.7732211e+01		
   1.8276994e+05  -1.2477153e+01  -1.7447377e+01		
   1.8478498e+05  -1.2082265e+01  -1.7110811e+01		
   1.8682224e+05  -1.1924727e+01  -1.5953428e+01		
   1.8888196e+05  -1.2112067e+01  -1.5741054e+01		
   1.9096439e+05  -1.2562287e+01  -1.4678101e+01		
   1.9306977e+05  -1.2835845e+01  -1.3863004e+01		
   1.9519837e+05  -1.3173807e+01  -1.2797877e+01		
   1.9735044e+05  -1.4353539e+01  -1.2412866e+01		
   1.9952623e+05  -1.4467492e+01  -1.2126845e+01		
   2.0172601e+05  -1.6225450e+01  -1.2235657e+01		
   2.0395005e+05  -1.7178235e+01  -1.2164180e+01		
   2.0619860e+05  -1.7407668e+01  -1.2116476e+01		
   2.0847195e+05  -1.7767768e+01  -1.2205498e+01		
   2.1077035e+05  -1.8166281e+01  -1.3049164e+01		
   2.1309410e+05  -1.8545643e+01  -1.4074686e+01		
   2.1544347e+05  -1.9735587e+01  -1.4967681e+01		
   2.1781874e+05  -2.0072567e+01  -1.5937401e+01		
   2.2022019e+05  -2.0397483e+01  -1.6279365e+01		
   2.2264813e+05  -2.0724523e+01  -1.7472939e+01		
   2.2510283e+05  -2.1079529e+01  -1.7604187e+01		
   2.2758459e+05  -2.1472216e+01  -1.8596345e+01		
   2.3009372e+05  -2.2674271e+01  -1.9580559e+01		
   2.3263051e+05  -2.2909166e+01  -2.0646875e+01		
   2.3519526e+05  -2.4021882e+01  -2.0831626e+01		
   2.3778830e+05  -2.4325452e+01  -2.1724448e+01		
   2.4040992e+05  -2.4680128e+01  -2.2789343e+01		
   2.4306044e+05  -2.5040385e+01  -2.3049980e+01		
   2.4574019e+05  -2.5436383e+01  -2.4295523e+01		
   2.4844948e+05  -2.5846793e+01  -2.4637237e+01		
   2.5118864e+05  -2.6268532e+01  -2.4951709e+01		
   2.5395800e+05  -2.6697197e+01  -2.5258990e+01		
   2.5675790e+05  -2.7125795e+01  -2.5623539e+01		
   2.5958866e+05  -2.7542030e+01  -2.6863627e+01		
   2.6245063e+05  -2.7279890e+01  -2.7236724e+01		
   2.6534415e+05  -2.7707471e+01  -2.6913243e+01		
   2.6826958e+05  -2.8109140e+01  -2.7360161e+01		
   2.7122726e+05  -2.8343292e+01  -2.7801331e+01		
   2.7421754e+05  -2.8270200e+01  -2.8220198e+01		
   2.7724080e+05  -2.8309901e+01  -2.8454076e+01		
   2.8029739e+05  -2.8341325e+01  -2.8366786e+01		
   2.8338767e+05  -2.8203211e+01  -2.8442338e+01		
   2.8651203e+05  -2.7961460e+01  -2.8250613e+01		
   2.8967083e+05  -2.8065801e+01  -2.8351129e+01		
   2.9286446e+05  -2.7797740e+01  -2.8056147e+01		
   2.9609329e+05  -2.7912878e+01  -2.8192424e+01		
   2.9935773e+05  -2.7625461e+01  -2.7880655e+01		
   3.0265816e+05  -2.7756764e+01  -2.7617460e+01		
   3.0599497e+05  -2.7449766e+01  -2.7721960e+01		
   3.0936857e+05  -2.7058031e+01  -2.7466364e+01		
   3.1277937e+05  -2.6623463e+01  -2.7567125e+01		
   3.1622777e+05  -2.6899047e+01  -2.7315025e+01		
   3.1971418e+05  -2.6465437e+01  -2.7066013e+01		
   3.2323904e+05  -2.6018020e+01  -2.7174748e+01		
   3.2680276e+05  -2.5582859e+01  -2.6923697e+01		
   3.3040577e+05  -2.5157091e+01  -2.7028451e+01		
   3.3404850e+05  -2.5448101e+01  -2.6756780e+01		
   3.3773139e+05  -2.5034431e+01  -2.6372303e+01		
   3.4145489e+05  -2.4651966e+01  -2.6583801e+01		
   3.4521944e+05  -2.4316240e+01  -2.6171341e+01		
   3.4902549e+05  -2.3102907e+01  -2.5716526e+01		
   3.5287350e+05  -2.2715613e+01  -2.5253761e+01		
   3.5676394e+05  -2.2366797e+01  -2.5558779e+01		
   3.6069727e+05  -2.2061165e+01  -2.5125270e+01		
   3.6467397e+05  -2.1772357e+01  -2.4704365e+01		
   3.6869451e+05  -2.0637156e+01  -2.4315658e+01		
   3.7275937e+05  -1.9821549e+01  -2.3966075e+01		
   3.7686905e+05  -1.8821418e+01  -2.3629536e+01		
   3.8102404e+05  -1.7744093e+01  -2.2418305e+01		
   3.8522484e+05  -1.7463005e+01  -2.2176267e+01		
   3.8947195e+05  -1.6390300e+01  -2.1895743e+01		
   3.9376589e+05  -1.6135559e+01  -2.0799857e+01		
   3.9810717e+05  -1.5718552e+01  -1.9731095e+01		
   4.0249631e+05  -1.5902181e+01  -1.9508920e+01		
   4.0693384e+05  -1.5611193e+01  -1.8415320e+01		
   4.1142030e+05  -1.5961127e+01  -1.7431404e+01		
   4.1595622e+05  -1.7101844e+01  -1.6501797e+01		
   4.2054214e+05  -1.8091907e+01  -1.6231857e+01		
   4.2517863e+05  -1.9370308e+01  -1.6231180e+01		
   4.2986623e+05  -2.0321158e+01  -1.6176107e+01		
   4.3460552e+05  -2.0520152e+01  -1.6338588e+01		
   4.3939706e+05  -2.1532339e+01  -1.6657969e+01		
   4.4424142e+05  -2.2423858e+01  -1.8206686e+01		
   4.4913919e+05  -2.3315358e+01  -1.8978589e+01		
   4.5409096e+05  -2.4489471e+01  -2.0076448e+01		
   4.5909732e+05  -2.4869279e+01  -2.0792047e+01		
   4.6415888e+05  -2.5296355e+01  -2.2216445e+01		
   4.6927625e+05  -2.5725917e+01  -2.3351366e+01		
   4.7445003e+05  -2.5488973e+01  -2.3747402e+01		
   4.7968085e+05  -2.5868881e+01  -2.4156427e+01		
   4.8496934e+05  -2.5917673e+01  -2.4524952e+01		
   4.9031614e+05  -2.5937762e+01  -2.4335016e+01		
   4.9572189e+05  -2.5743265e+01  -2.4687304e+01		
   5.0118723e+05  -2.5898193e+01  -2.4538945e+01		
   5.0671283e+05  -2.5598933e+01  -2.4837549e+01		
   5.1229936e+05  -2.5225983e+01  -2.4974426e+01		
   5.1794747e+05  -2.4885570e+01  -2.4944268e+01		
   5.2365785e+05  -2.3663522e+01  -2.4916233e+01		
   5.2943119e+05  -2.3294055e+01  -2.4966616e+01		
   5.3526818e+05  -2.2897632e+01  -2.4761867e+01		
   5.4116953e+05  -2.2464453e+01  -2.4379038e+01		
   5.4713593e+05  -2.2084661e+01  -2.4581005e+01		
   5.5316812e+05  -2.1765198e+01  -2.4174469e+01		
   5.5926681e+05  -2.1374714e+01  -2.3748245e+01		
   5.6543274e+05  -2.0980400e+01  -2.3353838e+01		
   5.7166665e+05  -2.0610628e+01  -2.2983961e+01		
   5.7796929e+05  -1.9497681e+01  -2.2607022e+01		
   5.8434141e+05  -1.9302871e+01  -2.2290533e+01		
   5.9078379e+05  -1.9197030e+01  -2.1268783e+01		
   5.9729720e+05  -2.0209506e+01  -2.0858674e+01		
   6.0388241e+05  -1.9825601e+01  -2.0424215e+01		
   6.1054023e+05  -2.1287494e+01  -2.0374562e+01		
   6.1727145e+05  -2.2161530e+01  -2.0309039e+01		
   6.2407688e+05  -2.3119721e+01  -2.0444852e+01		
   6.3095734e+05  -2.4823160e+01  -2.1591121e+01		
   6.3791366e+05  -2.4950064e+01  -2.1774448e+01		
   6.4494668e+05  -2.5995511e+01  -2.2787626e+01		
   6.5205723e+05  -2.7112788e+01  -2.3588662e+01		
   6.5924618e+05  -2.7478127e+01  -2.4662553e+01		
   6.6651438e+05  -2.7865514e+01  -2.5007089e+01		
   6.7386272e+05  -2.8296368e+01  -2.5312965e+01		
   6.8129207e+05  -2.7976648e+01  -2.6451112e+01		
   6.8880333e+05  -2.8437671e+01  -2.6759460e+01		
   6.9639740e+05  -2.8615463e+01  -2.7162961e+01		
   7.0407520e+05  -2.8603548e+01  -2.7618359e+01		
   7.1183765e+05  -2.8539179e+01  -2.7952091e+01		
   7.1968567e+05  -2.8171631e+01  -2.7842766e+01		
   7.2762022e+05  -2.7719674e+01  -2.8029276e+01		
   7.3564225e+05  -2.7284295e+01  -2.7976879e+01		
   7.4375273e+05  -2.6869987e+01  -2.8016998e+01		
   7.5195262e+05  -2.6445212e+01  -2.7794827e+01		
   7.6024291e+05  -2.6002640e+01  -2.7925626e+01		
   7.6862461e+05  -2.5632105e+01  -2.7587259e+01		
   7.7709871e+05  -2.5319893e+01  -2.7161201e+01		
   7.8566625e+05  -2.5078531e+01  -2.7409873e+01		
   7.9432823e+05  -2.3924338e+01  -2.7014716e+01		
   8.0308572e+05  -2.3583162e+01  -2.6702704e+01		
   8.1193976e+05  -2.3190705e+01  -2.5633452e+01		
   8.2089142e+05  -2.2748609e+01  -2.5367263e+01		
   8.2994176e+05  -2.2533584e+01  -2.4141012e+01		
   8.3909189e+05  -2.2801413e+01  -2.3742801e+01		
   8.4834290e+05  -2.3027127e+01  -2.3447112e+01		
   8.5769590e+05  -2.4163553e+01  -2.3601422e+01		
   8.6715202e+05  -2.4569940e+01  -2.3477242e+01		
   8.7671239e+05  -2.4836015e+01  -2.3444447e+01		
   8.8637816e+05  -2.5213609e+01  -2.3597300e+01		
   8.9615050e+05  -2.5604849e+01  -2.3993722e+01		
   9.0603058e+05  -2.6025241e+01  -2.4440434e+01		
   9.1601959e+05  -2.6462253e+01  -2.4801716e+01		
   9.2611873e+05  -2.6869800e+01  -2.5878890e+01		
   9.3632921e+05  -2.7304764e+01  -2.6180373e+01		
   9.4665226e+05  -2.6996626e+01  -2.6554539e+01		
   9.5708912e+05  -2.8179501e+01  -2.6938973e+01		
   9.6764105e+05  -2.8456270e+01  -2.7299268e+01		
   9.7830932e+05  -2.9484521e+01  -2.8452480e+01		
   9.8909520e+05  -3.0418457e+01  -2.8628477e+01		
   1.0000000e+06  -3.1188987e+01  -3.0295082e+01		
   1.0081204e+06  -3.1513952e+01  -3.1177595e+01		
   1.0163068e+06  -3.1999365e+01  -3.1341875e+01		
   1.0245596e+06  -3.2488739e+01  -3.2464381e+01		
   1.0328795e+06  -3.2924098e+01  -3.3562398e+01		
   1.0412669e+06  -3.4040289e+01  -3.4338410e+01		
   1.0497224e+06  -3.5498928e+01  -3.5637865e+01		
   1.0582466e+06  -3.6252289e+01  -3.8447465e+01		
   1.0668400e+06  -3.7834317e+01  -4.0093271e+01		
   1.0755032e+06  -3.9295273e+01  -4.1724785e+01		
   1.0842367e+06  -4.0023684e+01  -4.4019464e+01		
   1.0930412e+06  -4.1600253e+01  -4.6146833e+01		
   1.1019172e+06  -4.2226884e+01  -4.6925230e+01		
   1.1108652e+06  -4.3791379e+01  -4.9951882e+01		
   1.1198859e+06  -4.5391399e+01  -5.2176494e+01		
   1.1289798e+06  -4.6840313e+01  -5.5752000e+01		
   1.1381476e+06  -4.8416522e+01  -5.5804367e+01		
   1.1473899e+06  -4.9169927e+01  -5.5633576e+01		
   1.1567071e+06  -5.0751925e+01  -5.4206575e+01		
   1.1661001e+06  -5.1949524e+01  -5.3978629e+01		
   1.1755693e+06  -5.2911096e+01  -5.3122403e+01		
   1.1851154e+06  -5.2814814e+01  -4.9533379e+01		
   1.1947391e+06  -5.2539261e+01  -4.7864685e+01		
   1.2044409e+06  -4.8773833e+01  -3.9424484e+01		
   1.2142214e+06  -4.3283660e+01  -3.7368303e+01		
   1.2240814e+06  -3.8874003e+01  -3.6744215e+01		
   1.2340215e+06  -3.5915891e+01  -3.3462614e+01		
   1.2440422e+06  -3.3936145e+01  -3.1327511e+01		
   1.2541444e+06  -3.2700033e+01  -3.1090040e+01		
   1.2643286e+06  -3.3086090e+01  -2.9788716e+01		
   1.2745954e+06  -3.2644174e+01  -3.0174707e+01		
   1.2849457e+06  -3.2202969e+01  -2.9662060e+01		
   1.2953800e+06  -3.1717431e+01  -2.9164761e+01		
   1.3058990e+06  -3.1270059e+01  -2.8659665e+01		
   1.3165035e+06  -3.0805015e+01  -2.8942851e+01		
   1.3271940e+06  -3.0352929e+01  -2.8418808e+01		
   1.3379714e+06  -2.9913948e+01  -2.7904915e+01		
   1.3488363e+06  -2.9446301e+01  -2.8143305e+01		
   1.3597894e+06  -2.8967100e+01  -2.7640345e+01		
   1.3708315e+06  -2.8442449e+01  -2.7122420e+01		
   1.3819632e+06  -2.8076911e+01  -2.6675823e+01		
   1.3931853e+06  -2.7280776e+01  -2.6249962e+01		
   1.4044986e+06  -2.6266500e+01  -2.5790702e+01		
   1.4159037e+06  -2.4737926e+01  -2.5317415e+01		
   1.4274014e+06  -2.3763943e+01  -2.5673802e+01		
   1.4389925e+06  -2.4046811e+01  -2.5174669e+01		
   1.4506778e+06  -2.3523284e+01  -2.4751064e+01		
   1.4624579e+06  -2.3726993e+01  -2.4375867e+01		
   1.4743337e+06  -2.3526483e+01  -2.3951116e+01		
   1.4863059e+06  -2.4017534e+01  -2.3380047e+01		
   1.4983753e+06  -2.3792633e+01  -2.2852287e+01		
   1.5105427e+06  -2.4267457e+01  -2.3015266e+01		
   1.5228090e+06  -2.4120357e+01  -2.2751027e+01		
   1.5351748e+06  -2.4350964e+01  -2.3019812e+01		
   1.5476411e+06  -2.4343550e+01  -2.2875440e+01		
   1.5602086e+06  -2.4252087e+01  -2.3253344e+01		
   1.5728781e+06  -2.4294769e+01  -2.3124912e+01		
   1.5856506e+06  -2.4337797e+01  -2.3359375e+01		
   1.5985267e+06  -2.4153143e+01  -2.3320888e+01		
   1.6115074e+06  -2.4205080e+01  -2.3282088e+01		
   1.6245936e+06  -2.4061508e+01  -2.3380690e+01		
   1.6377859e+06  -2.4109684e+01  -2.3373788e+01		
   1.6510854e+06  -2.4495240e+01  -2.3493749e+01		
   1.6644930e+06  -2.4940079e+01  -2.3437564e+01		
   1.6780093e+06  -2.6211045e+01  -2.3796359e+01		
   1.6916355e+06  -2.6629788e+01  -2.3603572e+01		
   1.7053723e+06  -2.6934415e+01  -2.4052301e+01		
   1.7192206e+06  -2.7342046e+01  -2.4499124e+01		
   1.7331814e+06  -2.7862457e+01  -2.4867745e+01		
   1.7472556e+06  -2.7636762e+01  -2.5229247e+01		
   1.7614440e+06  -2.8059925e+01  -2.6508365e+01		
   1.7757477e+06  -2.7995342e+01  -2.6921201e+01		
   1.7901675e+06  -2.8044618e+01  -2.6656136e+01		
   1.8047044e+06  -2.7653261e+01  -2.7116892e+01		
   1.8193594e+06  -2.7212945e+01  -2.6993984e+01		
   1.8341333e+06  -2.6819626e+01  -2.7256573e+01		
   1.8490273e+06  -2.6399645e+01  -2.7219498e+01		
   1.8640422e+06  -2.6012306e+01  -2.7241751e+01		
   1.8791790e+06  -2.5652659e+01  -2.7255978e+01		
   1.8944387e+06  -2.4446773e+01  -2.7270321e+01		
   1.9098223e+06  -2.4069298e+01  -2.7119143e+01		
   1.9253309e+06  -2.3616472e+01  -2.7185920e+01		
