   2.0000000e+01  -4.1737135e+01
   2.0372492e+01  -4.1842019e+01
   2.0751922e+01  -4.1868240e+01
   2.1138418e+01  -4.1946903e+01
   2.1532113e+01  -4.2078007e+01
   2.1933140e+01  -4.2078007e+01
   2.2341636e+01  -4.2078007e+01
   2.2757740e+01  -4.2078007e+01
   2.3181594e+01  -4.2025565e+01
   2.3613342e+01  -4.1946903e+01
   2.4053131e+01  -4.2051786e+01
   2.4501111e+01  -4.2078007e+01
   2.4957434e+01  -4.2078007e+01
   2.5422256e+01  -4.2156670e+01
   2.5895736e+01  -4.2182891e+01
   2.6378034e+01  -4.2182891e+01
   2.6869314e+01  -4.2182891e+01
   2.7369744e+01  -4.2182891e+01
   2.7879495e+01  -4.2209112e+01
   2.8398739e+01  -4.2392658e+01
   2.8927655e+01  -4.2418879e+01
   2.9466421e+01  -4.2366437e+01
   3.0015221e+01  -4.2313995e+01
   3.0574243e+01  -4.2261554e+01
   3.1143676e+01  -4.2313995e+01
   3.1723714e+01  -4.2313995e+01
   3.2314556e+01  -4.2313995e+01
   3.2916402e+01  -4.2392658e+01
   3.3529457e+01  -4.2418879e+01
   3.4153930e+01  -4.2418879e+01
   3.4790033e+01  -4.2392658e+01
   3.5437983e+01  -4.2418879e+01
   3.6098002e+01  -4.2418879e+01
   3.6770313e+01  -4.2628646e+01
   3.7455145e+01  -4.2576205e+01
   3.8152732e+01  -4.2654867e+01
   3.8863312e+01  -4.2654867e+01
   3.9587126e+01  -4.2654867e+01
   4.0324420e+01  -4.2654867e+01
   4.1075446e+01  -4.2628646e+01
   4.1840460e+01  -4.2549984e+01
   4.2619722e+01  -4.2471321e+01
   4.3413498e+01  -4.2654867e+01
   4.4222057e+01  -4.2654867e+01
   4.5045675e+01  -4.2654867e+01
   4.5884633e+01  -4.2654867e+01
   4.6739216e+01  -4.2654867e+01
   4.7609715e+01  -4.2681088e+01
   4.8496427e+01  -4.2681088e+01
   4.9399654e+01  -4.2681088e+01
   5.0319703e+01  -4.2681088e+01
   5.1256887e+01  -4.2733530e+01
   5.2211527e+01  -4.2890855e+01
   5.3183946e+01  -4.2890855e+01
   5.4174475e+01  -4.2890855e+01
   5.5183454e+01  -4.2890855e+01
   5.6211223e+01  -4.3100623e+01
   5.7258135e+01  -4.3126844e+01
   5.8324545e+01  -4.3126844e+01
   5.9410817e+01  -4.3310390e+01
   6.0517319e+01  -4.3362832e+01
   6.1644431e+01  -4.3389053e+01
   6.2792534e+01  -4.3389053e+01
   6.3962020e+01  -4.3520157e+01
   6.5153287e+01  -4.3598820e+01
   6.6366741e+01  -4.3598820e+01
   6.7602795e+01  -4.3625041e+01
   6.8861870e+01  -4.3808587e+01
   7.0144395e+01  -4.3808587e+01
   7.1450807e+01  -4.3834808e+01
   7.2781550e+01  -4.3887250e+01
   7.4137077e+01  -4.4070796e+01
   7.5517851e+01  -4.4149459e+01
   7.6924341e+01  -4.4306785e+01
   7.8357026e+01  -4.4306785e+01
   7.9816394e+01  -4.4411668e+01
   8.1302943e+01  -4.4542773e+01
   8.2817178e+01  -4.4542773e+01
   8.4359615e+01  -4.4542773e+01
   8.5930779e+01  -4.4752540e+01
   8.7531206e+01  -4.4857424e+01
   8.9161440e+01  -4.5014749e+01
   9.0822036e+01  -4.5014749e+01
   9.2513561e+01  -4.5014749e+01
   9.4236589e+01  -4.5250737e+01
   9.5991708e+01  -4.5250737e+01
   9.7779516e+01  -4.5276958e+01
   9.9600620e+01  -4.5486726e+01
   1.0145564e+02  -4.5644051e+01
   1.0334521e+02  -4.5722714e+01
   1.0526998e+02  -4.5748935e+01
   1.0723059e+02  -4.5801377e+01
   1.0922772e+02  -4.5958702e+01
   1.1126204e+02  -4.6116028e+01
   1.1333425e+02  -4.6142248e+01
   1.1544505e+02  -4.6194690e+01
   1.1759517e+02  -4.6194690e+01
   1.1978534e+02  -4.6247132e+01
   1.2201629e+02  -4.6430678e+01
   1.2428880e+02  -4.6430678e+01
   1.2660363e+02  -4.6430678e+01
   1.2896157e+02  -4.6666667e+01
   1.3136343e+02  -4.6666667e+01
   1.3381002e+02  -4.6876434e+01
   1.3630218e+02  -4.6902655e+01
   1.3884075e+02  -4.7033759e+01
   1.4142660e+02  -4.7138643e+01
   1.4406062e+02  -4.7217306e+01
   1.4674369e+02  -4.7374631e+01
   1.4947673e+02  -4.7558178e+01
   1.5226068e+02  -4.7610619e+01
   1.5509647e+02  -4.7636840e+01
   1.5798508e+02  -4.7820387e+01
   1.6092749e+02  -4.8082596e+01
   1.6392470e+02  -4.8213700e+01
   1.6697773e+02  -4.8318584e+01
   1.7008763e+02  -4.8554572e+01
   1.7325544e+02  -4.8580793e+01
   1.7648226e+02  -4.8790560e+01
   1.7976917e+02  -4.8843002e+01
   1.8311730e+02  -4.9026549e+01
   1.8652778e+02  -4.9131432e+01
   1.9000179e+02  -4.9131432e+01
   1.9354050e+02  -4.9262537e+01
   1.9714511e+02  -4.9472304e+01
   2.0081686e+02  -4.9655851e+01
   2.0455700e+02  -4.9734513e+01
   2.0836679e+02  -5.0180269e+01
   2.1224754e+02  -5.0206490e+01
   2.1620056e+02  -5.0232711e+01
   2.2022721e+02  -5.0442478e+01
   2.2432886e+02  -5.0494920e+01
   2.2850689e+02  -5.0652245e+01
   2.3276274e+02  -5.0678466e+01
   2.3709786e+02  -5.0914454e+01
   2.4151371e+02  -5.1045559e+01
   2.4601181e+02  -5.1360210e+01
   2.5059368e+02  -5.1438873e+01
   2.5526089e+02  -5.1622419e+01
   2.6001502e+02  -5.1622419e+01
   2.6485770e+02  -5.1858407e+01
   2.6979057e+02  -5.1910849e+01
   2.7481531e+02  -5.2094395e+01
   2.7993364e+02  -5.2330383e+01
   2.8514729e+02  -5.2330383e+01
   2.9045804e+02  -5.2513930e+01
   2.9586771e+02  -5.2592593e+01
   3.0137813e+02  -5.2802360e+01
   3.0699118e+02  -5.3038348e+01
   3.1270876e+02  -5.3090790e+01
   3.1853284e+02  -5.3274336e+01
   3.2446539e+02  -5.3510324e+01
   3.3050843e+02  -5.3588987e+01
   3.3666402e+02  -5.3746313e+01
   3.4293425e+02  -5.3982301e+01
   3.4932126e+02  -5.4008522e+01
   3.5582723e+02  -5.4296952e+01
   3.6245437e+02  -5.4454277e+01
   3.6920494e+02  -5.4611603e+01
   3.7608124e+02  -5.4690265e+01
   3.8308560e+02  -5.4926254e+01
   3.9022042e+02  -5.5162242e+01
   3.9748812e+02  -5.5345788e+01
   4.0489118e+02  -5.5476893e+01
   4.1243212e+02  -5.5634218e+01
   4.2011350e+02  -5.5870206e+01
   4.2793795e+02  -5.6106195e+01
   4.3590812e+02  -5.6211078e+01
   4.4402674e+02  -5.6342183e+01
   4.5229656e+02  -5.6578171e+01
   4.6072040e+02  -5.6787938e+01
   4.6930114e+02  -5.6814159e+01
   4.7804168e+02  -5.7050147e+01
   4.8694502e+02  -5.7181252e+01
   4.9601418e+02  -5.7312357e+01
   5.0525224e+02  -5.7522124e+01
   5.1466237e+02  -5.7758112e+01
   5.2424775e+02  -5.7836775e+01
   5.3401166e+02  -5.8046542e+01
   5.4395741e+02  -5.8230088e+01
   5.5408840e+02  -5.8466077e+01
   5.6440808e+02  -5.8623402e+01
   5.7491995e+02  -5.8702065e+01
   5.8562761e+02  -5.8938053e+01
   5.9653469e+02  -5.9174041e+01
   6.0764491e+02  -5.9410029e+01
   6.1896206e+02  -5.9593576e+01
   6.3048998e+02  -5.9646018e+01
   6.4223261e+02  -5.9724680e+01
   6.5419393e+02  -6.0065552e+01
   6.6637804e+02  -6.0170436e+01
   6.7878906e+02  -6.0432645e+01
   6.9143124e+02  -6.0589971e+01
   7.0430887e+02  -6.0878401e+01
   7.1742634e+02  -6.1166831e+01
   7.3078812e+02  -6.1324156e+01
   7.4439876e+02  -6.1560144e+01
   7.5826289e+02  -6.1822353e+01
   7.7238524e+02  -6.2058342e+01
   7.8677061e+02  -6.2399213e+01
   8.0142390e+02  -6.2687643e+01
   8.1635010e+02  -6.2923632e+01
   8.3155430e+02  -6.3159620e+01
   8.4704166e+02  -6.3421829e+01
   8.6281748e+02  -6.3579154e+01
   8.7888711e+02  -6.3762701e+01
   8.9525603e+02  -6.4129794e+01
   9.1192982e+02  -6.4365782e+01
   9.2891415e+02  -6.4627991e+01
   9.4621481e+02  -6.4916421e+01
   9.6383769e+02  -6.5257293e+01
   9.8178878e+02  -6.5545723e+01
   1.0000742e+03  -6.5755490e+01
   1.0187002e+03  -6.6017699e+01
   1.0376731e+03  -6.6332350e+01
   1.0569993e+03  -6.6647001e+01
   1.0766855e+03  -6.7040315e+01
   1.0967384e+03  -6.7433628e+01
   1.1171647e+03  -6.7826942e+01
   1.1379714e+03  -6.8325139e+01
   1.1591657e+03  -6.8823337e+01
   1.1807547e+03  -6.9190429e+01
   1.2027458e+03  -6.9636185e+01
   1.2251464e+03  -7.0186824e+01
   1.2479643e+03  -7.0868568e+01
   1.2712071e+03  -7.1471649e+01
   1.2948829e+03  -7.2179613e+01
   1.3189996e+03  -7.2730252e+01
   1.3435654e+03  -7.3595542e+01
   1.3685888e+03  -7.4303507e+01
   1.3940782e+03  -7.4985251e+01
   1.4200423e+03  -7.5771878e+01
   1.4464901e+03  -7.6401180e+01
   1.4734304e+03  -7.6873156e+01
   1.5008724e+03  -7.7109145e+01
   1.5288256e+03  -7.7109145e+01
   1.5572993e+03  -7.6768273e+01
   1.5863034e+03  -7.6086529e+01
   1.6158477e+03  -7.5195018e+01
   1.6459422e+03  -7.4198623e+01
   1.6765972e+03  -7.3123566e+01
   1.7078232e+03  -7.2022288e+01
   1.7396307e+03  -7.0475254e+01
   1.7720307e+03  -6.9164208e+01
   1.8050340e+03  -6.8062930e+01
   1.8386521e+03  -6.7040315e+01
   1.8728962e+03  -6.5834153e+01
   1.9077782e+03  -6.4759095e+01
   1.9433098e+03  -6.3054736e+01
   1.9795032e+03  -6.1481481e+01
   2.0163706e+03  -6.0537529e+01
   2.0539247e+03  -5.9383809e+01
   2.0921783e+03  -5.8334972e+01
   2.1311442e+03  -5.7522124e+01
   2.1708360e+03  -5.7286136e+01
   2.2112669e+03  -5.7522124e+01
   2.2524509e+03  -5.8125205e+01
   2.2944019e+03  -5.9436250e+01
   2.3371342e+03  -6.0825959e+01
   2.3806624e+03  -6.2372992e+01
   2.4250013e+03  -6.3605375e+01
   2.4701660e+03  -6.4680433e+01
   2.5161718e+03  -6.5807932e+01
   2.5630345e+03  -6.6699443e+01
   2.6107700e+03  -6.7695837e+01
   2.6593946e+03  -6.8718453e+01
   2.7089248e+03  -6.9714848e+01
   2.7593774e+03  -7.0947230e+01
   2.8107697e+03  -7.2468043e+01
   2.8631192e+03  -7.3752868e+01
   2.9164437e+03  -7.4670600e+01
   2.9707613e+03  -7.5693215e+01
   3.0260905e+03  -7.7004261e+01
   3.0824502e+03  -7.7895772e+01
   3.1398597e+03  -7.8498853e+01
   3.1983383e+03  -7.8813504e+01
   3.2579061e+03  -7.9233038e+01
   3.3185833e+03  -7.9154376e+01
   3.3803906e+03  -7.8682399e+01
   3.4433490e+03  -7.7974435e+01
   3.5074800e+03  -7.7371354e+01
   3.5728054e+03  -7.6610947e+01
   3.6393475e+03  -7.5640774e+01
   3.7071289e+03  -7.4827925e+01
   3.7761727e+03  -7.4067519e+01
   3.8465024e+03  -7.3280892e+01
   3.9181420e+03  -7.2625369e+01
   3.9911159e+03  -7.1969846e+01
   4.0654488e+03  -7.1445428e+01
   4.1411662e+03  -7.0842347e+01
   4.2182938e+03  -7.0239266e+01
   4.2968578e+03  -6.9557522e+01
   4.3768851e+03  -6.9085546e+01
   4.4584028e+03  -6.8508686e+01
   4.5414388e+03  -6.7931826e+01
   4.6260213e+03  -6.7486070e+01
   4.7121791e+03  -6.7145198e+01
   4.7999416e+03  -6.6804326e+01
   4.8893386e+03  -6.6489676e+01
   4.9804006e+03  -6.6175025e+01
   5.0731585e+03  -6.5755490e+01
   5.1676441e+03  -6.5335955e+01
   5.2638894e+03  -6.5073746e+01
   5.3619273e+03  -6.4837758e+01
   5.4617910e+03  -6.4601770e+01
   5.5635147e+03  -6.4365782e+01
   5.6671330e+03  -6.4077352e+01
   5.7726811e+03  -6.3657817e+01
   5.8801950e+03  -6.3526713e+01
   5.9897113e+03  -6.3316945e+01
   6.1012673e+03  -6.2949853e+01
   6.2149009e+03  -6.2766306e+01
   6.3306510e+03  -6.2477876e+01
   6.4485569e+03  -6.2215667e+01
   6.5686587e+03  -6.1901016e+01
   6.6909973e+03  -6.1533923e+01
   6.8156145e+03  -6.1297935e+01
   6.9425526e+03  -6.1061947e+01
   7.0718549e+03  -6.0825959e+01
   7.2035654e+03  -6.0537529e+01
   7.3377289e+03  -6.0196657e+01
   7.4743912e+03  -5.9908227e+01
   7.6135988e+03  -5.9724680e+01
   7.7553990e+03  -5.9646018e+01
   7.8998403e+03  -5.9305146e+01
   8.0469716e+03  -5.9174041e+01
   8.1968433e+03  -5.8964274e+01
   8.3495062e+03  -5.8649623e+01
   8.5050125e+03  -5.8308751e+01
   8.6634150e+03  -5.8230088e+01
   8.8247676e+03  -5.7994100e+01
   8.9891254e+03  -5.7758112e+01
   9.1565443e+03  -5.7679449e+01
   9.3270813e+03  -5.7522124e+01
   9.5007945e+03  -5.7443461e+01
   9.6777430e+03  -5.7286136e+01
   9.8579871e+03  -5.7076368e+01
   1.0041588e+04  -5.7076368e+01
   1.0228609e+04  -5.7050147e+01
   1.0419113e+04  -5.6814159e+01
   1.0613164e+04  -5.6578171e+01
   1.0810830e+04  -5.6342183e+01
   1.1012178e+04  -5.6106195e+01
   1.1217275e+04  -5.5896427e+01
   1.1426193e+04  -5.5634218e+01
   1.1639001e+04  -5.5450672e+01
   1.1855773e+04  -5.5398230e+01
   1.2076582e+04  -5.5162242e+01
   1.2301503e+04  -5.5004916e+01
   1.2530614e+04  -5.4873812e+01
   1.2763992e+04  -5.4637824e+01
   1.3001716e+04  -5.4454277e+01
   1.3243868e+04  -5.4113405e+01
   1.3490529e+04  -5.3798755e+01
   1.3741785e+04  -5.3667650e+01
   1.3997720e+04  -5.3405441e+01
   1.4258422e+04  -5.3117011e+01
   1.4523980e+04  -5.2828581e+01
   1.4794483e+04  -5.2566372e+01
   1.5070025e+04  -5.2356604e+01
   1.5350698e+04  -5.2094395e+01
   1.5636598e+04  -5.1648640e+01
   1.5927824e+04  -5.1150442e+01
   1.6224473e+04  -5.0652245e+01
   1.6526648e+04  -4.9996722e+01
   1.6834450e+04  -4.9524746e+01
   1.7147985e+04  -4.9262537e+01
   1.7467359e+04  -4.9918060e+01
   1.7792682e+04  -5.1674861e+01
   1.8124064e+04  -5.2985906e+01
   1.8461617e+04  -5.3064569e+01
   1.8805457e+04  -5.2618814e+01
   1.9155701e+04  -5.1989512e+01
   1.9512469e+04  -5.1412652e+01
   1.9875881e+04  -5.0940675e+01
   2.0246061e+04  -5.0678466e+01
   2.0623136e+04  -5.0442478e+01
   2.1007234e+04  -4.9970501e+01
   2.1398485e+04  -4.9734513e+01
   2.1797023e+04  -4.9498525e+01
   2.2202984e+04  -4.9236316e+01
   2.2616506e+04  -4.8843002e+01
   2.3037729e+04  -4.8607014e+01
   2.3466798e+04  -4.8318584e+01
   2.3903858e+04  -4.8003933e+01
   2.4349058e+04  -4.7610619e+01
   2.4802549e+04  -4.7374631e+01
   2.5264487e+04  -4.6955097e+01
   2.5735028e+04  -4.6666667e+01
   2.6214333e+04  -4.6220911e+01
   2.6702564e+04  -4.5696493e+01
   2.7199889e+04  -4.5014749e+01
   2.7706476e+04  -4.4280564e+01
   2.8222498e+04  -4.3048181e+01
   2.8748131e+04  -4.2654867e+01
   2.9283553e+04  -4.2654867e+01
   2.9828948e+04  -4.3389053e+01
   3.0384500e+04  -4.5801377e+01
   3.0950399e+04  -4.7820387e+01
   3.1526838e+04  -4.8711898e+01
   3.2114013e+04  -4.9210095e+01
   3.2712124e+04  -4.9498525e+01
   3.3321374e+04  -4.8921665e+01
   3.3941972e+04  -4.8764340e+01
   3.4574127e+04  -4.9446083e+01
   3.5218057e+04  -4.9996722e+01
   3.5873979e+04  -5.0206490e+01
   3.6542118e+04  -5.0206490e+01
   3.7222700e+04  -4.9944281e+01
   3.7915958e+04  -4.9446083e+01
   3.8622128e+04  -4.8816781e+01
   3.9341449e+04  -4.8318584e+01
   4.0074168e+04  -4.7846608e+01
   4.0820534e+04  -4.7427073e+01
   4.1580800e+04  -4.6928876e+01
   4.2355226e+04  -4.6640446e+01
   4.3144075e+04  -4.6194690e+01
   4.3947616e+04  -4.5775156e+01
   4.4766123e+04  -4.5486726e+01
   4.5599875e+04  -4.5250737e+01
   4.6449154e+04  -4.5014749e+01
   4.7314251e+04  -4.4647657e+01
   4.8195460e+04  -4.4306785e+01
   4.9093082e+04  -4.4070796e+01
   5.0007421e+04  -4.3834808e+01
   5.0938789e+04  -4.3625041e+01
   5.1887504e+04  -4.3467716e+01
   5.2853888e+04  -4.3126844e+01
   5.3838271e+04  -4.3100623e+01
   5.4840987e+04  -4.2969518e+01
   5.5862379e+04  -4.2890855e+01
   5.6902793e+04  -4.2759751e+01
   5.7962585e+04  -4.2628646e+01
   5.9042115e+04  -4.2418879e+01
   6.0141751e+04  -4.2418879e+01
   6.1261868e+04  -4.2182891e+01
   6.2402845e+04  -4.2182891e+01
   6.3565074e+04  -4.2182891e+01
   6.4748948e+04  -4.2104228e+01
   6.5954871e+04  -4.1737135e+01
   6.7183255e+04  -4.1474926e+01
   6.8434516e+04  -4.1238938e+01
   6.9709082e+04  -4.1002950e+01
   7.1007386e+04  -4.0714520e+01
   7.2329870e+04  -4.0242543e+01
   7.3676985e+04  -3.9744346e+01
   7.5049190e+04  -3.9324812e+01
   7.6446951e+04  -3.9167486e+01
   7.7870745e+04  -3.9351032e+01
   7.9321057e+04  -3.9377253e+01
   8.0798380e+04  -3.9587021e+01
   8.2303218e+04  -3.9587021e+01
   8.3836083e+04  -3.9823009e+01
   8.5397496e+04  -3.9849230e+01
   8.6987991e+04  -4.0058997e+01
   8.8608108e+04  -4.0163881e+01
   9.0258398e+04  -4.0426090e+01
   9.1939425e+04  -4.0530973e+01
   9.3651760e+04  -4.0766962e+01
   9.5395987e+04  -4.0766962e+01
   9.7172700e+04  -4.0530973e+01
   9.8982503e+04  -4.0216323e+01
   1.0082601e+05  -3.9587021e+01
   1.0270386e+05  -3.9351032e+01
   1.0461668e+05  -3.8931498e+01
   1.0656512e+05  -3.8643068e+01
   1.0854985e+05  -3.8643068e+01
   1.1057155e+05  -3.8643068e+01
   1.1263090e+05  -3.8407080e+01
   1.1472861e+05  -3.8407080e+01
   1.1686538e+05  -3.8197312e+01
   1.1904195e+05  -3.8171091e+01
   1.2125906e+05  -3.8171091e+01
   1.2351746e+05  -3.8118650e+01
   1.2581793e+05  -3.7935103e+01
   1.2816124e+05  -3.7935103e+01
   1.3054819e+05  -3.7699115e+01
   1.3297960e+05  -3.7463127e+01
   1.3545629e+05  -3.7043592e+01
   1.3797911e+05  -3.6833825e+01
   1.4054892e+05  -3.6728941e+01
   1.4316658e+05  -3.6466732e+01
   1.4583300e+05  -3.6047198e+01
   1.4854909e+05  -3.5811209e+01
   1.5131575e+05  -3.5575221e+01
   1.5413395e+05  -3.5365454e+01
   1.5700463e+05  -3.5339233e+01
   1.5992878e+05  -3.5129466e+01
   1.6290739e+05  -3.4998361e+01
   1.6594148e+05  -3.4841036e+01
   1.6903207e+05  -3.4605048e+01
   1.7218023e+05  -3.4395280e+01
   1.7538701e+05  -3.4185513e+01
   1.7865353e+05  -3.4159292e+01
   1.8198088e+05  -3.4133071e+01
   1.8537020e+05  -3.4133071e+01
   1.8882265e+05  -3.4028187e+01
   1.9233939e+05  -3.3634874e+01
   1.9592164e+05  -3.3320223e+01
   1.9957060e+05  -3.2979351e+01
   2.0328752e+05  -3.2743363e+01
   2.0707367e+05  -3.2507375e+01
   2.1093034e+05  -3.2271386e+01
   2.1485883e+05  -3.2061619e+01
   2.1886049e+05  -3.1825631e+01
   2.2293668e+05  -3.1563422e+01
   2.2708879e+05  -3.1327434e+01
   2.3131823e+05  -3.1222550e+01
   2.3562644e+05  -3.0881678e+01
   2.4001489e+05  -3.0619469e+01
   2.4448507e+05  -3.0042609e+01
   2.4903851e+05  -2.9701737e+01
   2.5367675e+05  -2.9649295e+01
   2.5840138e+05  -2.9203540e+01
   2.6321400e+05  -2.8731563e+01
   2.6811626e+05  -2.8495575e+01
   2.7310982e+05  -2.8259587e+01
   2.7819638e+05  -2.8023599e+01
   2.8337768e+05  -2.7787611e+01
   2.8865547e+05  -2.7525402e+01
   2.9403157e+05  -2.7289413e+01
   2.9950779e+05  -2.7079646e+01
   3.0508600e+05  -2.7027204e+01
   3.1076811e+05  -2.6764995e+01
   3.1655604e+05  -2.6607670e+01
   3.2245177e+05  -2.6371681e+01
   3.2845730e+05  -2.5899705e+01
   3.3457469e+05  -2.5480170e+01
   3.4080601e+05  -2.5034415e+01
   3.4715339e+05  -2.4483776e+01
   3.5361898e+05  -2.4195346e+01
   3.6020500e+05  -2.3828253e+01
   3.6691367e+05  -2.3775811e+01
   3.7374729e+05  -2.3775811e+01
   3.8070819e+05  -2.3959358e+01
   3.8779873e+05  -2.4326450e+01
   3.9502132e+05  -2.4641101e+01
   4.0237844e+05  -2.5034415e+01
   4.0987258e+05  -2.5611275e+01
   4.1750629e+05  -2.6266798e+01
   4.2528218e+05  -2.7053425e+01
   4.3320289e+05  -2.7997378e+01
   4.4127112e+05  -2.8731563e+01
   4.4948962e+05  -2.9360865e+01
   4.5786119e+05  -2.9439528e+01
   4.6638867e+05  -2.9491970e+01
   4.7507498e+05  -2.9570633e+01
   4.8392306e+05  -2.9439528e+01
   4.9293593e+05  -2.9413307e+01
   5.0211667e+05  -2.8993773e+01
   5.1146839e+05  -2.8652901e+01
   5.2099429e+05  -2.8128482e+01
   5.3069760e+05  -2.7761390e+01
   5.4058163e+05  -2.7315634e+01
   5.5064975e+05  -2.7079646e+01
   5.6090538e+05  -2.6896100e+01
   5.7135202e+05  -2.6843658e+01
   5.8199323e+05  -2.6843658e+01
   5.9283262e+05  -2.6896100e+01
   6.0387389e+05  -2.7394297e+01
   6.1512080e+05  -2.7840052e+01
   6.2657718e+05  -2.8259587e+01
   6.3824693e+05  -2.8495575e+01
   6.5013403e+05  -2.8495575e+01
   6.6224252e+05  -2.8495575e+01
   6.7457652e+05  -2.8626680e+01
   6.8714024e+05  -2.8548017e+01
   6.9993796e+05  -2.8338250e+01
   7.1297402e+05  -2.8076041e+01
   7.2625288e+05  -2.8023599e+01
   7.3977905e+05  -2.7682727e+01
   7.5355714e+05  -2.7315634e+01
   7.6759185e+05  -2.7289413e+01
   7.8188794e+05  -2.7105867e+01
   7.9645029e+05  -2.7079646e+01
   8.1128386e+05  -2.7079646e+01
   8.2639370e+05  -2.7079646e+01
   8.4178496e+05  -2.7079646e+01
   8.5746287e+05  -2.7315634e+01
   8.7343277e+05  -2.7472960e+01
   8.8970011e+05  -2.7472960e+01
   9.0627042e+05  -2.7472960e+01
   9.2314935e+05  -2.7315634e+01
   9.4034264e+05  -2.7105867e+01
   9.5785615e+05  -2.7027204e+01
   9.7569584e+05  -2.6660111e+01
   9.9386778e+05  -2.6371681e+01
