   2.0355495e+01  -3.5752212e+01
   2.1280130e+01  -3.5811209e+01
   2.2246766e+01  -3.6460177e+01
   2.3257310e+01  -3.6578171e+01
   2.4313758e+01  -3.7286136e+01
   2.5418194e+01  -3.7817109e+01
   2.6572799e+01  -3.8407080e+01
   2.7779850e+01  -3.8407080e+01
   2.9041732e+01  -3.8820059e+01
   3.0360933e+01  -3.8938053e+01
   3.1740058e+01  -3.9469027e+01
   3.3181829e+01  -4.0000000e+01
   3.4689092e+01  -4.0530973e+01
   3.6264820e+01  -4.0648968e+01
   3.7912126e+01  -4.1061947e+01
   3.9634259e+01  -4.1592920e+01
   4.1434618e+01  -4.1769912e+01
   4.3316758e+01  -4.2241888e+01
   4.5284393e+01  -4.2654867e+01
   4.7341407e+01  -4.3185841e+01
   4.9491858e+01  -4.3539823e+01
   5.1739993e+01  -4.3775811e+01
   5.4090248e+01  -4.4306785e+01
   5.6547261e+01  -4.4778761e+01
   5.9115883e+01  -4.5250737e+01
   6.1801182e+01  -4.5427729e+01
   6.4608460e+01  -4.5840708e+01
   6.7543256e+01  -4.6076696e+01
   7.0611364e+01  -4.6548673e+01
   7.3818838e+01  -4.6902655e+01
   7.7172009e+01  -4.7433628e+01
   8.0677496e+01  -4.7728614e+01
   8.4342218e+01  -4.7964602e+01
   8.8173407e+01  -4.8495575e+01
   9.2178625e+01  -4.9026549e+01
   9.6365777e+01  -4.9557522e+01
   1.0074313e+02  -5.0088496e+01
   1.0531932e+02  -5.0619469e+01
   1.1010338e+02  -5.1150442e+01
   1.1510475e+02  -5.1681416e+01
   1.2033331e+02  -5.2212389e+01
   1.2579937e+02  -5.2566372e+01
   1.3151372e+02  -5.3038348e+01
   1.3748764e+02  -5.3687316e+01
   1.4373293e+02  -5.3864307e+01
   1.5026190e+02  -5.4808260e+01
   1.5708745e+02  -5.4926254e+01
   1.6422304e+02  -5.5693215e+01
   1.7168276e+02  -5.6460177e+01
   1.7948134e+02  -5.6991150e+01
   1.8763416e+02  -5.7522124e+01
   1.9615731e+02  -5.8289086e+01
   2.0506763e+02  -5.8997050e+01
   2.1438269e+02  -5.9882006e+01
   2.2412088e+02  -6.0589971e+01
   2.3430142e+02  -6.1297935e+01
   2.4494441e+02  -6.2300885e+01
   2.5607084e+02  -6.3480826e+01
   2.6770269e+02  -6.5073746e+01
   2.7986290e+02  -6.6666667e+01
   2.9257549e+02  -6.8377581e+01
   3.0586554e+02  -7.0560472e+01
   3.1975928e+02  -7.3451327e+01
   3.3428413e+02  -7.7876106e+01
   3.4946876e+02  -8.2890855e+01
   3.5468206e+02  -8.5132743e+01
   3.6534315e+02  -8.2890855e+01
   3.8193862e+02  -7.6873156e+01
   3.9928792e+02  -7.3392330e+01
   4.1742531e+02  -6.9852507e+01
   4.3638658e+02  -6.7020649e+01
   4.5620915e+02  -6.4719764e+01
   4.7693214e+02  -6.3362832e+01
   4.9859647e+02  -6.2418879e+01
   5.2124488e+02  -6.0884956e+01
   5.4492208e+02  -6.0176991e+01
   5.6967480e+02  -5.8997050e+01
   5.9555190e+02  -5.7994100e+01
   6.2260445e+02  -5.6991150e+01
   6.5088584e+02  -5.6342183e+01
   6.8045189e+02  -5.4985251e+01
   7.1136097e+02  -5.3746313e+01
   7.4367407e+02  -5.2802360e+01
   7.7745496e+02  -5.1858407e+01
   8.1277034e+02  -5.0619469e+01
   8.4968989e+02  -4.9557522e+01
   8.8828649e+02  -4.8082596e+01
   9.2863631e+02  -4.6430678e+01
   9.7081899e+02  -4.5014749e+01
   1.0149178e+03  -4.2772861e+01
   1.0610198e+03  -4.0294985e+01
   1.1092159e+03  -4.0353982e+01
   1.1596013e+03  -4.2890855e+01
   1.2122754e+03  -4.6253687e+01
   1.2673422e+03  -4.9557522e+01
   1.3249104e+03  -5.2920354e+01
   1.3850935e+03  -5.6519174e+01
   1.4480105e+03  -5.9410029e+01
   1.5137854e+03  -6.0000000e+01
   1.5825481e+03  -5.8584071e+01
   1.6544343e+03  -5.6578171e+01
   1.7295858e+03  -5.4572271e+01
   1.8081511e+03  -5.2743363e+01
   1.8902852e+03  -5.1032448e+01
   1.9761501e+03  -4.9498525e+01
   2.0659154e+03  -4.7669617e+01
   2.1597583e+03  -4.5722714e+01
   2.2578638e+03  -4.3716814e+01
   2.3604258e+03  -4.0707965e+01
   2.4676466e+03  -3.8407080e+01
   2.5797378e+03  -3.8053097e+01
   2.6969206e+03  -4.0235988e+01
   2.8194265e+03  -4.3008850e+01
   2.9474970e+03  -4.5899705e+01
   3.0813851e+03  -5.0088496e+01
   3.2213550e+03  -5.2979351e+01
   3.3676829e+03  -5.6165192e+01
   3.5206576e+03  -5.9587021e+01
   3.6805812e+03  -6.2536873e+01
   3.8477691e+03  -6.3893805e+01
   4.0225515e+03  -6.2123894e+01
   4.2052732e+03  -6.0176991e+01
   4.3962949e+03  -5.8407080e+01
   4.5959937e+03  -5.6224189e+01
   4.8047636e+03  -5.4690265e+01
   5.0230168e+03  -5.3628319e+01
   5.2511840e+03  -5.2743363e+01
   5.4897155e+03  -5.1681416e+01
   5.7390822e+03  -5.0855457e+01
   5.9997762e+03  -5.0088496e+01
   6.2723120e+03  -4.9557522e+01
   6.5572276e+03  -4.9026549e+01
   6.8550853e+03  -4.8377581e+01
   7.1664730e+03  -4.7610619e+01
   7.4920052e+03  -4.6902655e+01
   7.8323246e+03  -4.6371681e+01
   8.1881027e+03  -4.5840708e+01
   8.5600418e+03  -4.5309735e+01
   8.9488760e+03  -4.4778761e+01
   9.3553727e+03  -4.4247788e+01
   9.7803343e+03  -4.3657817e+01
   1.0224599e+04  -4.3185841e+01
   1.0689045e+04  -4.2654867e+01
   1.1174588e+04  -4.2477876e+01
   1.1682186e+04  -4.1710914e+01
   1.2212841e+04  -4.1533923e+01
   1.2767602e+04  -4.0766962e+01
   1.3347561e+04  -4.0176991e+01
   1.3953866e+04  -3.9705015e+01
   1.4587711e+04  -3.9410029e+01
   1.5250348e+04  -3.8938053e+01
   1.5943084e+04  -3.8407080e+01
   1.6667288e+04  -3.7876106e+01
   1.7424389e+04  -3.7817109e+01
   1.8215880e+04  -3.7345133e+01
   1.9043324e+04  -3.6814159e+01
   1.9908355e+04  -3.6814159e+01
   2.0812678e+04  -3.6283186e+01
   2.1758080e+04  -3.5752212e+01
   2.2746427e+04  -3.5752212e+01
   2.3779668e+04  -3.5221239e+01
   2.4859844e+04  -3.4808260e+01
   2.5989085e+04  -3.3982301e+01
   2.7169622e+04  -3.1799410e+01
   2.8403784e+04  -3.0442478e+01
   2.9694007e+04  -3.0029499e+01
   3.1042838e+04  -3.1917404e+01
   3.2452938e+04  -3.3569322e+01
   3.3927091e+04  -3.3097345e+01
   3.5468206e+04  -3.2271386e+01
   3.7079326e+04  -3.1091445e+01
   3.8763630e+04  -3.0383481e+01
   4.0524442e+04  -2.9380531e+01
   4.2365238e+04  -2.8849558e+01
   4.4289650e+04  -2.8259587e+01
   4.6301478e+04  -2.7433628e+01
   4.8404692e+04  -2.7020649e+01
   5.0603443e+04  -2.6194690e+01
   5.2902070e+04  -2.5604720e+01
   5.5305112e+04  -2.5132743e+01
   5.7817309e+04  -2.5368732e+01
   6.0443622e+04  -2.6548673e+01
   6.3189233e+04  -2.7610619e+01
   6.6059562e+04  -2.7433628e+01
   6.9060274e+04  -2.6725664e+01
   7.2197291e+04  -2.5781711e+01
   7.5476804e+04  -2.6312684e+01
   7.8905288e+04  -2.6430678e+01
   8.2489508e+04  -2.5604720e+01
   8.6236539e+04  -2.4306785e+01
   9.0153776e+04  -2.3421829e+01
   9.4248951e+04  -2.2536873e+01
   9.8530147e+04  -2.3362832e+01
   1.0300581e+05  -2.4837758e+01
   1.0768478e+05  -2.5014749e+01
   1.1257629e+05  -2.3539823e+01
   1.1769000e+05  -2.2713864e+01
   1.2303599e+05  -2.2477876e+01
   1.2862481e+05  -2.1946903e+01
   1.3446751e+05  -2.1415929e+01
   1.4057561e+05  -2.0648968e+01
   1.4696116e+05  -1.9823009e+01
   1.5363677e+05  -1.9823009e+01
   1.6061562e+05  -1.9233038e+01
   1.6791148e+05  -1.7994100e+01
   1.7553875e+05  -1.6932153e+01
   1.8351248e+05  -1.6224189e+01
   1.9184841e+05  -1.6106195e+01
   2.0056299e+05  -1.5575221e+01
   2.0967343e+05  -1.6106195e+01
   2.1919771e+05  -1.7227139e+01
   2.2915462e+05  -1.8230088e+01
   2.3956382e+05  -1.8230088e+01
   2.5044584e+05  -1.7640118e+01
   2.6182218e+05  -1.6460177e+01
   2.7371528e+05  -1.5457227e+01
   2.8614861e+05  -1.4867257e+01
   2.9914672e+05  -1.4336283e+01
   3.1273526e+05  -1.2861357e+01
   3.2694105e+05  -1.2094395e+01
   3.4179213e+05  -1.3156342e+01
   3.5731781e+05  -1.1858407e+01
   3.7354873e+05  -1.2625369e+01
   3.9051693e+05  -1.4041298e+01
   4.0825591e+05  -1.4513274e+01
   4.2680066e+05  -1.3274336e+01
   4.4618779e+05  -1.2153392e+01
   4.6645558e+05  -1.0796460e+01
   4.8764401e+05  -9.7345133e+00
   5.0979491e+05  -9.0855457e+00
   5.3295201e+05  -8.1415929e+00
   5.5716100e+05  -7.5516224e+00
   5.8246966e+05  -6.9616519e+00
   6.0892796e+05  -6.5486726e+00
   6.3658811e+05  -6.5486726e+00
   6.6550470e+05  -6.0176991e+00
   6.9573480e+05  -6.0176991e+00
   7.2733809e+05  -6.0176991e+00
   7.6037694e+05  -5.3097345e+00
   7.9491656e+05  -4.9557522e+00
   8.3102511e+05  -4.9557522e+00
   8.6877387e+05  -2.7728614e+00
   9.0823735e+05   1.1799410e-01
   9.4949342e+05   1.8879056e+00
   9.9262353e+05   3.1268437e+00
   1.0377128e+06   4.4837758e+00
   1.0848502e+06   5.6047198e+00
   1.1341288e+06   6.9026549e+00
   1.1856458e+06   7.0206490e+00
   1.2395030e+06   5.0737463e+00
   1.2958066e+06   3.2448378e+00
   1.3546678e+06   1.8289086e+00
   1.4162026e+06   8.2595870e-01
   1.4805327e+06  -1.7699115e-01
   1.5477849e+06  -1.5929204e+00
   1.6180920e+06  -3.4218289e+00
   1.6915928e+06  -4.7197640e+00
   1.7684322e+06  -5.5457227e+00
   1.8487621e+06  -6.0176991e+00
   1.9327409e+06  -6.5486726e+00
