   2.0372492e+01  -4.8764340e+01
   2.0751922e+01  -4.8790560e+01
   2.1138418e+01  -4.9026549e+01
   2.1532113e+01  -4.9026549e+01
   2.1933140e+01  -4.9105211e+01
   2.2341636e+01  -4.9262537e+01
   2.2757740e+01  -4.9341200e+01
   2.3181594e+01  -4.9498525e+01
   2.3613342e+01  -4.9498525e+01
   2.4053131e+01  -4.9498525e+01
   2.4501111e+01  -4.9629630e+01
   2.4957434e+01  -4.9760734e+01
   2.5422256e+01  -4.9970501e+01
   2.5895736e+01  -5.0075385e+01
   2.6378034e+01  -5.0206490e+01
   2.6869314e+01  -5.0337594e+01
   2.7369744e+01  -5.0442478e+01
   2.7879495e+01  -5.0652245e+01
   2.8398739e+01  -5.0678466e+01
   2.8927655e+01  -5.0704687e+01
   2.9466421e+01  -5.0862012e+01
   3.0015221e+01  -5.0993117e+01
   3.0574243e+01  -5.1150442e+01
   3.1143676e+01  -5.1360210e+01
   3.1723714e+01  -5.1569977e+01
   3.2314556e+01  -5.1622419e+01
   3.2916402e+01  -5.1858407e+01
   3.3529457e+01  -5.1858407e+01
   3.4153930e+01  -5.1858407e+01
   3.4790033e+01  -5.1963291e+01
   3.5437983e+01  -5.2199279e+01
   3.6098002e+01  -5.2382825e+01
   3.6770313e+01  -5.2566372e+01
   3.7455145e+01  -5.2776139e+01
   3.8152732e+01  -5.2802360e+01
   3.8863312e+01  -5.2802360e+01
   3.9587126e+01  -5.2802360e+01
   4.0324420e+01  -5.2933464e+01
   4.1075446e+01  -5.3038348e+01
   4.1840460e+01  -5.3274336e+01
   4.2619722e+01  -5.3352999e+01
   4.3413498e+01  -5.3510324e+01
   4.4222057e+01  -5.3693871e+01
   4.5045675e+01  -5.3746313e+01
   4.5884633e+01  -5.3982301e+01
   4.6739216e+01  -5.3982301e+01
   4.7609715e+01  -5.4192068e+01
   4.8496427e+01  -5.4218289e+01
   4.9399654e+01  -5.4375615e+01
   5.0319703e+01  -5.4454277e+01
   5.1256887e+01  -5.4454277e+01
   5.2211527e+01  -5.4637824e+01
   5.3183946e+01  -5.4716486e+01
   5.4174475e+01  -5.4926254e+01
   5.5183454e+01  -5.5162242e+01
   5.6211223e+01  -5.5398230e+01
   5.7258135e+01  -5.5634218e+01
   5.8324545e+01  -5.5922648e+01
   5.9410817e+01  -5.6237299e+01
   6.0517319e+01  -5.6342183e+01
   6.1644431e+01  -5.6447067e+01
   6.2792534e+01  -5.6578171e+01
   6.3962020e+01  -5.6578171e+01
   6.5153287e+01  -5.6814159e+01
   6.6366741e+01  -5.6814159e+01
   6.7602795e+01  -5.6997706e+01
   6.8861870e+01  -5.6997706e+01
   7.0144395e+01  -5.6997706e+01
   7.1450807e+01  -5.7023927e+01
   7.2781550e+01  -5.7155031e+01
   7.4137077e+01  -5.7312357e+01
   7.5517851e+01  -5.7522124e+01
   7.6924341e+01  -5.7600787e+01
   7.8357026e+01  -5.7836775e+01
   7.9816394e+01  -5.7994100e+01
   8.1302943e+01  -5.8230088e+01
   8.2817178e+01  -5.8466077e+01
   8.4359615e+01  -5.8702065e+01
   8.5930779e+01  -5.8911832e+01
   8.7531206e+01  -5.8990495e+01
   8.9161440e+01  -5.9174041e+01
   9.0822036e+01  -5.9357588e+01
   9.2513561e+01  -5.9410029e+01
   9.4236589e+01  -5.9646018e+01
   9.5991708e+01  -5.9777122e+01
   9.7779516e+01  -5.9908227e+01
   9.9600620e+01  -6.0039331e+01
   1.0145564e+02  -5.9986890e+01
   1.0334521e+02  -6.0117994e+01
   1.0526998e+02  -6.0222878e+01
   1.0723059e+02  -6.0353982e+01
   1.0922772e+02  -6.0589971e+01
   1.1126204e+02  -6.0642412e+01
   1.1333425e+02  -6.0825959e+01
   1.1544505e+02  -6.0930842e+01
   1.1759517e+02  -6.1061947e+01
   1.1978534e+02  -6.1297935e+01
   1.2201629e+02  -6.1533923e+01
   1.2428880e+02  -6.1769912e+01
   1.2660363e+02  -6.1979679e+01
   1.2896157e+02  -6.2005900e+01
   1.3136343e+02  -6.2163225e+01
   1.3381002e+02  -6.2241888e+01
   1.3630218e+02  -6.2477876e+01
   1.3884075e+02  -6.2713864e+01
   1.4142660e+02  -6.2713864e+01
   1.4406062e+02  -6.3002294e+01
   1.4674369e+02  -6.3343166e+01
   1.4947673e+02  -6.3552933e+01
   1.5226068e+02  -6.3657817e+01
   1.5509647e+02  -6.3893805e+01
   1.5798508e+02  -6.4077352e+01
   1.6092749e+02  -6.4129794e+01
   1.6392470e+02  -6.4365782e+01
   1.6697773e+02  -6.4444444e+01
   1.7008763e+02  -6.4601770e+01
   1.7325544e+02  -6.4837758e+01
   1.7648226e+02  -6.5073746e+01
   1.7976917e+02  -6.5126188e+01
   1.8311730e+02  -6.5309735e+01
   1.8652778e+02  -6.5545723e+01
   1.9000179e+02  -6.5624385e+01
   1.9354050e+02  -6.5781711e+01
   1.9714511e+02  -6.5991478e+01
   2.0081686e+02  -6.6148804e+01
   2.0455700e+02  -6.6253687e+01
   2.0836679e+02  -6.6489676e+01
   2.1224754e+02  -6.6725664e+01
   2.1620056e+02  -6.6961652e+01
   2.2022721e+02  -6.7197640e+01
   2.2432886e+02  -6.7354966e+01
   2.2850689e+02  -6.7538512e+01
   2.3276274e+02  -6.7695837e+01
   2.3709786e+02  -6.7905605e+01
   2.4151371e+02  -6.8141593e+01
   2.4601181e+02  -6.8377581e+01
   2.5059368e+02  -6.8430023e+01
   2.5526089e+02  -6.8613569e+01
   2.6001502e+02  -6.8849558e+01
   2.6485770e+02  -6.9085546e+01
   2.6979057e+02  -6.9295313e+01
   2.7481531e+02  -6.9531301e+01
   2.7993364e+02  -6.9741069e+01
   2.8514729e+02  -6.9898394e+01
   2.9045804e+02  -7.0160603e+01
   2.9586771e+02  -7.0501475e+01
   3.0137813e+02  -7.0737463e+01
   3.0699118e+02  -7.0973451e+01
   3.1270876e+02  -7.1209440e+01
   3.1853284e+02  -7.1445428e+01
   3.2446539e+02  -7.1681416e+01
   3.3050843e+02  -7.1917404e+01
   3.3666402e+02  -7.2179613e+01
   3.4293425e+02  -7.2520485e+01
   3.4932126e+02  -7.2730252e+01
   3.5582723e+02  -7.3071124e+01
   3.6245437e+02  -7.3438217e+01
   3.6920494e+02  -7.3805310e+01
   3.7608124e+02  -7.4041298e+01
   3.8308560e+02  -7.4277286e+01
   3.9022042e+02  -7.4591937e+01
   3.9748812e+02  -7.4906588e+01
   4.0489118e+02  -7.5221239e+01
   4.1243212e+02  -7.5588332e+01
   4.2011350e+02  -7.5929204e+01
   4.2793795e+02  -7.6322517e+01
   4.3590812e+02  -7.6663389e+01
   4.4402674e+02  -7.7109145e+01
   4.5229656e+02  -7.7450016e+01
   4.6072040e+02  -7.7817109e+01
   4.6930114e+02  -7.8210423e+01
   4.7804168e+02  -7.8525074e+01
   4.8694502e+02  -7.8970829e+01
   4.9601418e+02  -7.9495247e+01
   5.0525224e+02  -8.0124549e+01
   5.1466237e+02  -8.0648968e+01
   5.2424775e+02  -8.1252049e+01
   5.3401166e+02  -8.1907571e+01
   5.4395741e+02  -8.2694199e+01
   5.5408840e+02  -8.3533268e+01
   5.6440808e+02  -8.4398558e+01
   5.7491995e+02  -8.5316290e+01
   5.8562761e+02  -8.6391347e+01
   5.9653469e+02  -8.7649951e+01
   6.0764491e+02  -8.9092101e+01
   6.1896206e+02  -9.0403147e+01
   6.3048998e+02  -9.1556867e+01
   6.4223261e+02  -9.2710587e+01
   6.5419393e+02  -9.3680760e+01
   6.6637804e+02  -9.3706981e+01
   6.7878906e+02  -9.2815470e+01
   6.9143124e+02  -9.0376926e+01
   7.0430887e+02  -8.8515241e+01
   7.1742634e+02  -8.7099312e+01
   7.3078812e+02  -8.5866929e+01
   7.4439876e+02  -8.4555883e+01
   7.5826289e+02  -8.3480826e+01
   7.7238524e+02  -8.2615536e+01
   7.8677061e+02  -8.1619141e+01
   8.0142390e+02  -8.0832514e+01
   8.1635010e+02  -7.9993445e+01
   8.3155430e+02  -7.9049492e+01
   8.4704166e+02  -7.8315306e+01
   8.6281748e+02  -7.7686005e+01
   8.7888711e+02  -7.6951819e+01
   8.9525603e+02  -7.6427401e+01
   9.1192982e+02  -7.5693215e+01
   9.2891415e+02  -7.4880367e+01
   9.4621481e+02  -7.4277286e+01
   9.6383769e+02  -7.3621763e+01
   9.8178878e+02  -7.2966241e+01
   1.0000742e+03  -7.2336939e+01
   1.0187002e+03  -7.1655195e+01
   1.0376731e+03  -7.0921010e+01
   1.0569993e+03  -7.0344149e+01
   1.0766855e+03  -6.9714848e+01
   1.0967384e+03  -6.8980662e+01
   1.1171647e+03  -6.7984267e+01
   1.1379714e+03  -6.7171419e+01
   1.1591657e+03  -6.6515896e+01
   1.1807547e+03  -6.5886595e+01
   1.2027458e+03  -6.5099967e+01
   1.2251464e+03  -6.4365782e+01
   1.2479643e+03  -6.4024910e+01
   1.2712071e+03  -6.4129794e+01
   1.2948829e+03  -6.4549328e+01
   1.3189996e+03  -6.5231072e+01
   1.3435654e+03  -6.6489676e+01
   1.3685888e+03  -6.7958047e+01
   1.3940782e+03  -6.9478859e+01
   1.4200423e+03  -7.0658800e+01
   1.4464901e+03  -7.1838741e+01
   1.4734304e+03  -7.3438217e+01
   1.5008724e+03  -7.4801704e+01
   1.5288256e+03  -7.6112750e+01
   1.5572993e+03  -7.7528679e+01
   1.5863034e+03  -7.8236644e+01
   1.6158477e+03  -7.8734841e+01
   1.6459422e+03  -7.8944608e+01
   1.6765972e+03  -7.8761062e+01
   1.7078232e+03  -7.8525074e+01
   1.7396307e+03  -7.8026876e+01
   1.7720307e+03  -7.7266470e+01
   1.8050340e+03  -7.6610947e+01
   1.8386521e+03  -7.5771878e+01
   1.8728962e+03  -7.5116355e+01
   1.9077782e+03  -7.4277286e+01
   1.9433098e+03  -7.3595542e+01
   1.9795032e+03  -7.2861357e+01
   2.0163706e+03  -7.2284497e+01
   2.0539247e+03  -7.1524090e+01
   2.0921783e+03  -7.0947230e+01
   2.1311442e+03  -7.0370370e+01
   2.1708360e+03  -6.9714848e+01
   2.2112669e+03  -6.9137988e+01
   2.2524509e+03  -6.8587348e+01
   2.2944019e+03  -6.8089151e+01
   2.3371342e+03  -6.7302524e+01
   2.3806624e+03  -6.6489676e+01
   2.4250013e+03  -6.5624385e+01
   2.4701660e+03  -6.5047525e+01
   2.5161718e+03  -6.4601770e+01
   2.5630345e+03  -6.4365782e+01
   2.6107700e+03  -6.4365782e+01
   2.6593946e+03  -6.5204851e+01
   2.7089248e+03  -6.6070141e+01
   2.7593774e+03  -6.7197640e+01
   2.8107697e+03  -6.8430023e+01
   2.8631192e+03  -6.9977057e+01
   2.9164437e+03  -7.1340544e+01
   2.9707613e+03  -7.2940020e+01
   3.0260905e+03  -7.4487053e+01
   3.0824502e+03  -7.5431006e+01
   3.1398597e+03  -7.5929204e+01
   3.1983383e+03  -7.6217634e+01
   3.2579061e+03  -7.6217634e+01
   3.3185833e+03  -7.5902983e+01
   3.3803906e+03  -7.5142576e+01
   3.4433490e+03  -7.4460833e+01
   3.5074800e+03  -7.3831531e+01
   3.5728054e+03  -7.3254671e+01
   3.6393475e+03  -7.2704031e+01
   3.7071289e+03  -7.2153392e+01
   3.7761727e+03  -7.1655195e+01
   3.8465024e+03  -7.1209440e+01
   3.9181420e+03  -7.0711242e+01
   3.9911159e+03  -7.0265487e+01
   4.0654488e+03  -6.9819731e+01
   4.1411662e+03  -6.9400197e+01
   4.2182938e+03  -6.9033104e+01
   4.2968578e+03  -6.8613569e+01
   4.3768851e+03  -6.8141593e+01
   4.4584028e+03  -6.7853163e+01
   4.5414388e+03  -6.7564733e+01
   4.6260213e+03  -6.7197640e+01
   4.7121791e+03  -6.6961652e+01
   4.7999416e+03  -6.6699443e+01
   4.8893386e+03  -6.6463455e+01
   4.9804006e+03  -6.6253687e+01
   5.0731585e+03  -6.6017699e+01
   5.1676441e+03  -6.5781711e+01
   5.2638894e+03  -6.5545723e+01
   5.3619273e+03  -6.5309735e+01
   5.4617910e+03  -6.5073746e+01
   5.5635147e+03  -6.4837758e+01
   5.6671330e+03  -6.4601770e+01
   5.7726811e+03  -6.4365782e+01
   5.8801950e+03  -6.4129794e+01
   5.9897113e+03  -6.3998689e+01
   6.1012673e+03  -6.3893805e+01
   6.2149009e+03  -6.3657817e+01
   6.3306510e+03  -6.3421829e+01
   6.4485569e+03  -6.3185841e+01
   6.5686587e+03  -6.2949853e+01
   6.6909973e+03  -6.2713864e+01
   6.8156145e+03  -6.2504097e+01
   6.9425526e+03  -6.2241888e+01
   7.0718549e+03  -6.2137004e+01
   7.2035654e+03  -6.1874795e+01
   7.3377289e+03  -6.1612586e+01
   7.4743912e+03  -6.1402819e+01
   7.6135988e+03  -6.1166831e+01
   7.7553990e+03  -6.1061947e+01
   7.8998403e+03  -6.0878401e+01
   8.0469716e+03  -6.0694854e+01
   8.1968433e+03  -6.0537529e+01
   8.3495062e+03  -6.0327761e+01
   8.5050125e+03  -5.9934448e+01
   8.6634150e+03  -5.9750901e+01
   8.8247676e+03  -5.9593576e+01
   8.9891254e+03  -5.9410029e+01
   9.1565443e+03  -5.9174041e+01
   9.3270813e+03  -5.9069158e+01
   9.5007945e+03  -5.8938053e+01
   9.6777430e+03  -5.8806949e+01
   9.8579871e+03  -5.8702065e+01
   1.0041588e+04  -5.8649623e+01
   1.0228609e+04  -5.8466077e+01
   1.0419113e+04  -5.8230088e+01
   1.0613164e+04  -5.8230088e+01
   1.0810830e+04  -5.7994100e+01
   1.1012178e+04  -5.7862996e+01
   1.1217275e+04  -5.7679449e+01
   1.1426193e+04  -5.7364798e+01
   1.1639001e+04  -5.7286136e+01
   1.1855773e+04  -5.7050147e+01
   1.2076582e+04  -5.6892822e+01
   1.2301503e+04  -5.6814159e+01
   1.2530614e+04  -5.6578171e+01
   1.2763992e+04  -5.6394625e+01
   1.3001716e+04  -5.6342183e+01
   1.3243868e+04  -5.6106195e+01
   1.3490529e+04  -5.5870206e+01
   1.3741785e+04  -5.5634218e+01
   1.3997720e+04  -5.5450672e+01
   1.4258422e+04  -5.5162242e+01
   1.4523980e+04  -5.4926254e+01
   1.4794483e+04  -5.4690265e+01
   1.5070025e+04  -5.4454277e+01
   1.5350698e+04  -5.4218289e+01
   1.5636598e+04  -5.3982301e+01
   1.5927824e+04  -5.3746313e+01
   1.6224473e+04  -5.3536545e+01
   1.6526648e+04  -5.3326778e+01
   1.6834450e+04  -5.3064569e+01
   1.7147985e+04  -5.2645034e+01
   1.7467359e+04  -5.2146837e+01
   1.7792682e+04  -5.1753523e+01
   1.8124064e+04  -5.1674861e+01
   1.8461617e+04  -5.2487709e+01
   1.8805457e+04  -5.3326778e+01
   1.9155701e+04  -5.3484104e+01
   1.9512469e+04  -5.3221894e+01
   1.9875881e+04  -5.2697476e+01
   2.0246061e+04  -5.2330383e+01
   2.0623136e+04  -5.2094395e+01
   2.1007234e+04  -5.1779744e+01
   2.1398485e+04  -5.1438873e+01
   2.1797023e+04  -5.1255326e+01
   2.2202984e+04  -5.0914454e+01
   2.2616506e+04  -5.0547362e+01
   2.3037729e+04  -5.0285152e+01
   2.3466798e+04  -4.9996722e+01
   2.3903858e+04  -4.9734513e+01
   2.4349058e+04  -4.9577188e+01
   2.4802549e+04  -4.9262537e+01
   2.5264487e+04  -4.9026549e+01
   2.5735028e+04  -4.8790560e+01
   2.6214333e+04  -4.8554572e+01
   2.6702564e+04  -4.8108817e+01
   2.7199889e+04  -4.7663061e+01
   2.7706476e+04  -4.7295969e+01
   2.8222498e+04  -4.6850213e+01
   2.8748131e+04  -4.6430678e+01
   2.9283553e+04  -4.5722714e+01
   2.9828948e+04  -4.5224517e+01
   3.0384500e+04  -4.4804982e+01
   3.0950399e+04  -4.4778761e+01
   3.1526838e+04  -4.4883645e+01
   3.2114013e+04  -4.5486726e+01
   3.2712124e+04  -4.6483120e+01
   3.3321374e+04  -4.7872829e+01
   3.3941972e+04  -4.8895444e+01
   3.4574127e+04  -4.9682071e+01
   3.5218057e+04  -4.9996722e+01
   3.5873979e+04  -5.0206490e+01
   3.6542118e+04  -5.0494920e+01
   3.7222700e+04  -5.1150442e+01
   3.7915958e+04  -5.1543756e+01
   3.8622128e+04  -5.1386431e+01
   3.9341449e+04  -5.0862012e+01
   4.0074168e+04  -5.0232711e+01
   4.0820534e+04  -4.9813176e+01
   4.1580800e+04  -4.9446083e+01
   4.2355226e+04  -4.8895444e+01
   4.3144075e+04  -4.8475910e+01
   4.3947616e+04  -4.8108817e+01
   4.4766123e+04  -4.7610619e+01
   4.5599875e+04  -4.7269748e+01
   4.6449154e+04  -4.6902655e+01
   4.7314251e+04  -4.6666667e+01
   4.8195460e+04  -4.6430678e+01
   4.9093082e+04  -4.6194690e+01
   5.0007421e+04  -4.5958702e+01
   5.0938789e+04  -4.5722714e+01
   5.1887504e+04  -4.5486726e+01
   5.2853888e+04  -4.5250737e+01
   5.3838271e+04  -4.5014749e+01
   5.4840987e+04  -4.4778761e+01
   5.5862379e+04  -4.4542773e+01
   5.6902793e+04  -4.4254343e+01
   5.7962585e+04  -4.4018355e+01
   5.9042115e+04  -4.3651262e+01
   6.0141751e+04  -4.3415274e+01
   6.1261868e+04  -4.3257948e+01
   6.2402845e+04  -4.3074402e+01
   6.3565074e+04  -4.2890855e+01
   6.4748948e+04  -4.2654867e+01
   6.5954871e+04  -4.2445100e+01
   6.7183255e+04  -4.2313995e+01
   6.8434516e+04  -4.2182891e+01
   6.9709082e+04  -4.1946903e+01
   7.1007386e+04  -4.1474926e+01
   7.2329870e+04  -4.1238938e+01
   7.3676985e+04  -4.0976729e+01
   7.5049190e+04  -4.0530973e+01
   7.6446951e+04  -4.0032776e+01
   7.7870745e+04  -3.9613242e+01
   7.9321057e+04  -3.9351032e+01
   8.0798380e+04  -3.9141265e+01
   8.2303218e+04  -3.9219928e+01
   8.3836083e+04  -3.9587021e+01
   8.5397496e+04  -4.0268764e+01
   8.6987991e+04  -4.0819403e+01
   8.8608108e+04  -4.1002950e+01
   9.0258398e+04  -4.1002950e+01
   9.1939425e+04  -4.0766962e+01
   9.3651760e+04  -4.0216323e+01
   9.5395987e+04  -3.9980334e+01
   9.7172700e+04  -4.0190102e+01
   9.8982503e+04  -4.0766962e+01
   1.0082601e+05  -4.1186496e+01
   1.0270386e+05  -4.1317601e+01
   1.0461668e+05  -4.1238938e+01
   1.0656512e+05  -4.1002950e+01
   1.0854985e+05  -4.0766962e+01
   1.1057155e+05  -4.0399869e+01
   1.1263090e+05  -4.0216323e+01
   1.1472861e+05  -3.9849230e+01
   1.1686538e+05  -3.9508358e+01
   1.1904195e+05  -3.9351032e+01
   1.2125906e+05  -3.9010161e+01
   1.2351746e+05  -3.8643068e+01
   1.2581793e+05  -3.8407080e+01
   1.2816124e+05  -3.8171091e+01
   1.3054819e+05  -3.7830220e+01
   1.3297960e+05  -3.7463127e+01
   1.3545629e+05  -3.7200918e+01
   1.3797911e+05  -3.6912488e+01
   1.4054892e+05  -3.6702720e+01
   1.4316658e+05  -3.6519174e+01
   1.4583300e+05  -3.6283186e+01
   1.4854909e+05  -3.6230744e+01
   1.5131575e+05  -3.6047198e+01
   1.5413395e+05  -3.5811209e+01
   1.5700463e+05  -3.5575221e+01
   1.5992878e+05  -3.5549000e+01
   1.6290739e+05  -3.5339233e+01
   1.6594148e+05  -3.5129466e+01
   1.6903207e+05  -3.4893478e+01
   1.7218023e+05  -3.4631268e+01
   1.7538701e+05  -3.4342838e+01
   1.7865353e+05  -3.3923304e+01
   1.8198088e+05  -3.3582432e+01
   1.8537020e+05  -3.3451327e+01
   1.8882265e+05  -3.3241560e+01
   1.9233939e+05  -3.3215339e+01
   1.9592164e+05  -3.3215339e+01
   1.9957060e+05  -3.3136676e+01
   2.0328752e+05  -3.2979351e+01
   2.0707367e+05  -3.2979351e+01
   2.1093034e+05  -3.2979351e+01
   2.1485883e+05  -3.2953130e+01
   2.1886049e+05  -3.2769584e+01
   2.2293668e+05  -3.2533596e+01
   2.2708879e+05  -3.2507375e+01
   2.3131823e+05  -3.2271386e+01
   2.3562644e+05  -3.2114061e+01
   2.4001489e+05  -3.2035398e+01
   2.4448507e+05  -3.1799410e+01
   2.4903851e+05  -3.1799410e+01
   2.5367675e+05  -3.1563422e+01
   2.5840138e+05  -3.1563422e+01
   2.6321400e+05  -3.1773189e+01
   2.6811626e+05  -3.1982956e+01
   2.7310982e+05  -3.2035398e+01
   2.7819638e+05  -3.2087840e+01
   2.8337768e+05  -3.2009177e+01
   2.8865547e+05  -3.1799410e+01
   2.9403157e+05  -3.1432317e+01
   2.9950779e+05  -3.0855457e+01
   3.0508600e+05  -3.0383481e+01
   3.1076811e+05  -2.9911504e+01
   3.1655604e+05  -2.9675516e+01
   3.2245177e+05  -2.9491970e+01
   3.2845730e+05  -2.9570633e+01
   3.3457469e+05  -2.9439528e+01
   3.4080601e+05  -2.8967552e+01
   3.4715339e+05  -2.8626680e+01
   3.5361898e+05  -2.8312029e+01
   3.6020500e+05  -2.7997378e+01
   3.6691367e+05  -2.7604064e+01
   3.7374729e+05  -2.7315634e+01
   3.8070819e+05  -2.6896100e+01
   3.8779873e+05  -2.6607670e+01
   3.9502132e+05  -2.6450344e+01
   4.0237844e+05  -2.6502786e+01
   4.0987258e+05  -2.6607670e+01
   4.1750629e+05  -2.7079646e+01
   4.2528218e+05  -2.7604064e+01
   4.3320289e+05  -2.8600459e+01
   4.4127112e+05  -2.9360865e+01
   4.4948962e+05  -2.9937725e+01
   4.5786119e+05  -3.0409702e+01
   4.6638867e+05  -3.0671911e+01
   4.7507498e+05  -3.0619469e+01
   4.8392306e+05  -3.0383481e+01
   4.9293593e+05  -2.9885284e+01
   5.0211667e+05  -2.9229761e+01
   5.1146839e+05  -2.8731563e+01
   5.2099429e+05  -2.8154703e+01
   5.3069760e+05  -2.7499181e+01
   5.4058163e+05  -2.6764995e+01
   5.5064975e+05  -2.6030810e+01
   5.6090538e+05  -2.5217961e+01
   5.7135202e+05  -2.4719764e+01
   5.8199323e+05  -2.4247788e+01
   5.9283262e+05  -2.4247788e+01
   6.0387389e+05  -2.4824648e+01
   6.1512080e+05  -2.5794821e+01
   6.2657718e+05  -2.7184530e+01
   6.3824693e+05  -2.8574238e+01
   6.5013403e+05  -2.9937725e+01
   6.6224252e+05  -3.1170108e+01
   6.7457652e+05  -3.1904294e+01
   6.8714024e+05  -3.2795805e+01
   6.9993796e+05  -3.3687316e+01
   7.1297402e+05  -3.4395280e+01
   7.2625288e+05  -3.4867257e+01
   7.3977905e+05  -3.5050803e+01
   7.5355714e+05  -3.4867257e+01
   7.6759185e+05  -3.4473943e+01
   7.8188794e+05  -3.3975746e+01
   7.9645029e+05  -3.2900688e+01
   8.1128386e+05  -3.1930515e+01
   8.2639370e+05  -3.0776794e+01
   8.4178496e+05  -2.9780400e+01
   8.5746287e+05  -2.9046214e+01
   8.7343277e+05  -2.8443133e+01
   8.8970011e+05  -2.7840052e+01
   9.0627042e+05  -2.7394297e+01
   9.2314935e+05  -2.7315634e+01
   9.4034264e+05  -2.7236971e+01
   9.5785615e+05  -2.7315634e+01
   9.7569584e+05  -2.7577843e+01
