   2.0000000e+01  -3.6983448e+01  -3.6805676e+01
   2.0654248e+01  -3.7296715e+01  -3.6957510e+01
   2.1329899e+01  -3.7543070e+01  -3.7208345e+01
   2.2027651e+01  -3.7763454e+01  -3.7416191e+01
   2.2748229e+01  -3.7957528e+01  -3.7603948e+01
   2.3492379e+01  -3.8150845e+01  -3.7792968e+01
   2.4260871e+01  -3.8327786e+01  -3.7968060e+01
   2.5054503e+01  -3.8493956e+01  -3.8131617e+01
   2.5874097e+01  -3.8668548e+01  -3.8300528e+01
   2.6720501e+01  -3.8835239e+01  -3.8459245e+01
   2.7594593e+01  -3.9002529e+01  -3.8618254e+01
   2.8497279e+01  -3.9170313e+01  -3.8776455e+01
   2.9429494e+01  -3.9337935e+01  -3.8934631e+01
   3.0392204e+01  -3.9314900e+01  -3.8921325e+01
   3.1386407e+01  -3.9547764e+01  -3.9146517e+01
   3.2413132e+01  -3.9767041e+01  -3.9356186e+01
   3.3473444e+01  -3.9954759e+01  -3.9542366e+01
   3.4568441e+01  -4.0142255e+01  -3.9720373e+01
   3.5699259e+01  -4.0309475e+01  -3.9882301e+01
   3.6867068e+01  -4.0475386e+01  -4.0042242e+01
   3.8073079e+01  -4.0647169e+01  -4.0210466e+01
   3.9318541e+01  -4.0814689e+01  -4.0376926e+01
   4.0604746e+01  -4.0978782e+01  -4.0545832e+01
   4.1933025e+01  -4.1147440e+01  -4.0713732e+01
   4.3304756e+01  -4.1312697e+01  -4.0885210e+01
   4.4721360e+01  -4.1498621e+01  -4.1050203e+01
   4.6184303e+01  -4.1495921e+01  -4.1092785e+01
   4.7695104e+01  -4.1725727e+01  -4.1320193e+01
   4.9255326e+01  -4.1932211e+01  -4.1513371e+01
   5.0866587e+01  -4.2118567e+01  -4.1720327e+01
   5.2530556e+01  -4.2304001e+01  -4.1903098e+01
   5.4248958e+01  -4.2491046e+01  -4.2097953e+01
   5.6023572e+01  -4.2681561e+01  -4.2292007e+01
   5.7856239e+01  -4.2874373e+01  -4.2491887e+01
   5.9748857e+01  -4.3064477e+01  -4.2695634e+01
   6.1703386e+01  -4.3257973e+01  -4.2900886e+01
   6.3721853e+01  -4.3454611e+01  -4.3112044e+01
   6.5806349e+01  -4.3543607e+01  -4.3249550e+01
   6.7959034e+01  -4.3804198e+01  -4.3512422e+01
   7.0182139e+01  -4.4055422e+01  -4.3767263e+01
   7.2477966e+01  -4.4292088e+01  -4.4011123e+01
   7.4848896e+01  -4.4525698e+01  -4.4253804e+01
   7.7297385e+01  -4.4756279e+01  -4.4496171e+01
   7.9825969e+01  -4.4989812e+01  -4.4740265e+01
   8.2437270e+01  -4.5219376e+01  -4.4981892e+01
   8.5133992e+01  -4.5454792e+01  -4.5230315e+01
   8.7918931e+01  -4.5686094e+01  -4.5474938e+01
   9.0794972e+01  -4.5925883e+01  -4.5726458e+01
   9.3765095e+01  -4.6165766e+01  -4.5978300e+01
   9.6832379e+01  -4.6406504e+01  -4.6231365e+01
   1.0000000e+02  -4.6583122e+01  -4.6435397e+01
   1.0110250e+02  -4.6637668e+01  -4.6505579e+01
   1.0221716e+02  -4.6732543e+01  -4.6596933e+01
   1.0334411e+02  -4.6826978e+01  -4.6688857e+01
   1.0448348e+02  -4.6913025e+01  -4.6780812e+01
   1.0563541e+02  -4.7006149e+01  -4.6872091e+01
   1.0680004e+02  -4.7092727e+01  -4.6962092e+01
   1.0797752e+02  -4.7189133e+01  -4.7053902e+01
   1.0916797e+02  -4.7276414e+01  -4.7143886e+01
   1.1037155e+02  -4.7363043e+01  -4.7234850e+01
   1.1158840e+02  -4.7452848e+01  -4.7326050e+01
   1.1281866e+02  -4.7543470e+01  -4.7415387e+01
   1.1406249e+02  -4.7638410e+01  -4.7507434e+01
   1.1532003e+02  -4.7725491e+01  -4.7598109e+01
   1.1659144e+02  -4.7812736e+01  -4.7688704e+01
   1.1787686e+02  -4.7904865e+01  -4.7778977e+01
   1.1917646e+02  -4.7995126e+01  -4.7868573e+01
   1.2049038e+02  -4.8082850e+01  -4.7960322e+01
   1.2181879e+02  -4.8173701e+01  -4.8052561e+01
   1.2316185e+02  -4.8265469e+01  -4.8143995e+01
   1.2451971e+02  -4.8352681e+01  -4.8231585e+01
   1.2589254e+02  -4.8447629e+01  -4.8324367e+01
   1.2728051e+02  -4.8536053e+01  -4.8414310e+01
   1.2868378e+02  -4.8627158e+01  -4.8506575e+01
   1.3010252e+02  -4.8715709e+01  -4.8595016e+01
   1.3153691e+02  -4.8808530e+01  -4.8687419e+01
   1.3298710e+02  -4.8899834e+01  -4.8778476e+01
   1.3445329e+02  -4.8990416e+01  -4.8872866e+01
   1.3593564e+02  -4.9078257e+01  -4.8958012e+01
   1.3743433e+02  -4.9169729e+01  -4.9049774e+01
   1.3894955e+02  -4.9262524e+01  -4.9141697e+01
   1.4048147e+02  -4.9351191e+01  -4.9231836e+01
   1.4203028e+02  -4.9442594e+01  -4.9328124e+01
   1.4359617e+02  -4.9536725e+01  -4.9420556e+01
   1.4517932e+02  -4.9623801e+01  -4.9507668e+01
   1.4677993e+02  -4.9718461e+01  -4.9599140e+01
   1.4839818e+02  -4.9809822e+01  -4.9693257e+01
   1.5003427e+02  -4.9901048e+01  -4.9786426e+01
   1.5168840e+02  -4.9991812e+01  -4.9875138e+01
   1.5336077e+02  -5.0083529e+01  -4.9963951e+01
   1.5505158e+02  -5.0173341e+01  -5.0063156e+01
   1.5676103e+02  -5.0269112e+01  -5.0148707e+01
   1.5848932e+02  -5.0358771e+01  -5.0243584e+01
   1.6023667e+02  -5.0448733e+01  -5.0337258e+01
   1.6200328e+02  -5.0540447e+01  -5.0430978e+01
   1.6378937e+02  -5.0633350e+01  -5.0519041e+01
   1.6559515e+02  -5.0727926e+01  -5.0609745e+01
   1.6742084e+02  -5.0816113e+01  -5.0706206e+01
   1.6926666e+02  -5.0910688e+01  -5.0795326e+01
   1.7113283e+02  -5.1003157e+01  -5.0885912e+01
   1.7301957e+02  -5.1094122e+01  -5.0978144e+01
   1.7492712e+02  -5.1188020e+01  -5.1071993e+01
   1.7685569e+02  -5.1277344e+01  -5.1165492e+01
   1.7880553e+02  -5.1371182e+01  -5.1256611e+01
   1.8077687e+02  -5.1462772e+01  -5.1350091e+01
   1.8276994e+02  -5.1554772e+01  -5.1441547e+01
   1.8478498e+02  -5.1647090e+01  -5.1535657e+01
   1.8682224e+02  -5.1740594e+01  -5.1626887e+01
   1.8888196e+02  -5.1830708e+01  -5.1719132e+01
   1.9096439e+02  -5.1925130e+01  -5.1812522e+01
   1.9306977e+02  -5.2017854e+01  -5.1906012e+01
   1.9519837e+02  -5.2108714e+01  -5.1996988e+01
   1.9735044e+02  -5.2205231e+01  -5.2090461e+01
   1.9952623e+02  -5.2296020e+01  -5.2182587e+01
   2.0172601e+02  -5.2388950e+01  -5.2275148e+01
   2.0395005e+02  -5.2480459e+01  -5.2368600e+01
   2.0619860e+02  -5.2573175e+01  -5.2460662e+01
   2.0847195e+02  -5.2662906e+01  -5.2553103e+01
   2.1077035e+02  -5.2758342e+01  -5.2646227e+01
   2.1309410e+02  -5.2848477e+01  -5.2738897e+01
   2.1544347e+02  -5.2943068e+01  -5.2831295e+01
   2.1781874e+02  -5.3036508e+01  -5.2925312e+01
   2.2022019e+02  -5.3129293e+01  -5.3017230e+01
   2.2264813e+02  -5.3220986e+01  -5.3109709e+01
   2.2510283e+02  -5.3313998e+01  -5.3201311e+01
   2.2758459e+02  -5.3403695e+01  -5.3294853e+01
   2.3009372e+02  -5.3499360e+01  -5.3387176e+01
   2.3263051e+02  -5.3593328e+01  -5.3480227e+01
   2.3519526e+02  -5.3683225e+01  -5.3572447e+01
   2.3778830e+02  -5.3773857e+01  -5.3667051e+01
   2.4040992e+02  -5.3866358e+01  -5.3759790e+01
   2.4306044e+02  -5.3965881e+01  -5.3850860e+01
   2.4574019e+02  -5.4050990e+01  -5.3943526e+01
   2.4844948e+02  -5.4150763e+01  -5.4035892e+01
   2.5118864e+02  -5.4242783e+01  -5.4128181e+01
   2.5395800e+02  -5.4329586e+01  -5.4223260e+01
   2.5675790e+02  -5.4427835e+01  -5.4313865e+01
   2.5958866e+02  -5.4514371e+01  -5.4408341e+01
   2.6245063e+02  -5.4605531e+01  -5.4500614e+01
   2.6534415e+02  -5.4706568e+01  -5.4591759e+01
   2.6826958e+02  -5.4792851e+01  -5.4685679e+01
   2.7122726e+02  -5.4888107e+01  -5.4779070e+01
   2.7421754e+02  -5.4979979e+01  -5.4870849e+01
   2.7724080e+02  -5.5070113e+01  -5.4961920e+01
   2.8029739e+02  -5.5167093e+01  -5.5055328e+01
   2.8338767e+02  -5.5256677e+01  -5.5148149e+01
   2.8651203e+02  -5.5350561e+01  -5.5241294e+01
   2.8967083e+02  -5.5441323e+01  -5.5333461e+01
   2.9286446e+02  -5.5534733e+01  -5.5425307e+01
   2.9609329e+02  -5.5625936e+01  -5.5517985e+01
   2.9935773e+02  -5.5719565e+01  -5.5610835e+01
   3.0265816e+02  -5.5811978e+01  -5.5703156e+01
   3.0599497e+02  -5.5905127e+01  -5.5796052e+01
   3.0936857e+02  -5.5996282e+01  -5.5888114e+01
   3.1277937e+02  -5.6088937e+01  -5.5978528e+01
   3.1622777e+02  -5.6181351e+01  -5.6073118e+01
   3.1971418e+02  -5.6273697e+01  -5.6164341e+01
   3.2323904e+02  -5.6364256e+01  -5.6258276e+01
   3.2680276e+02  -5.6457992e+01  -5.6350598e+01
   3.3040577e+02  -5.6548447e+01  -5.6442376e+01
   3.3404850e+02  -5.6641546e+01  -5.6534872e+01
   3.3773139e+02  -5.6734470e+01  -5.6626622e+01
   3.4145489e+02  -5.6823342e+01  -5.6719159e+01
   3.4521944e+02  -5.6922075e+01  -5.6812345e+01
   3.4902549e+02  -5.7013003e+01  -5.6903976e+01
   3.5287350e+02  -5.7104410e+01  -5.6998346e+01
   3.5676394e+02  -5.7193385e+01  -5.7085375e+01
   3.6069727e+02  -5.7289997e+01  -5.7179488e+01
   3.6467397e+02  -5.7377598e+01  -5.7271326e+01
   3.6869451e+02  -5.7471001e+01  -5.7366372e+01
   3.7275937e+02  -5.7565055e+01  -5.7455858e+01
   3.7686905e+02  -5.7653610e+01  -5.7546886e+01
   3.8102404e+02  -5.7745890e+01  -5.7638417e+01
   3.8522484e+02  -5.7836211e+01  -5.7733334e+01
   3.8947195e+02  -5.7929642e+01  -5.7822345e+01
   3.9376589e+02  -5.8020634e+01  -5.7914825e+01
   3.9810717e+02  -5.8111735e+01  -5.8006228e+01
   4.0249631e+02  -5.8205872e+01  -5.8098710e+01
   4.0693384e+02  -5.8297890e+01  -5.8188942e+01
   4.1142030e+02  -5.8387080e+01  -5.8281171e+01
   4.1595622e+02  -5.8481264e+01  -5.8373760e+01
   4.2054214e+02  -5.8567666e+01  -5.8466074e+01
   4.2517863e+02  -5.8662758e+01  -5.8556548e+01
   4.2986623e+02  -5.8756056e+01  -5.8649161e+01
   4.3460552e+02  -5.8842881e+01  -5.8740696e+01
   4.3939706e+02  -5.8931329e+01  -5.8832422e+01
   4.4424142e+02  -5.9031947e+01  -5.8924383e+01
   4.4913919e+02  -5.9112087e+01  -5.9016058e+01
   4.5409096e+02  -5.9210502e+01  -5.9104286e+01
   4.5909732e+02  -5.9294166e+01  -5.9199645e+01
   4.6415888e+02  -5.9390099e+01  -5.9290711e+01
   4.6927625e+02  -5.9485749e+01  -5.9380661e+01
   4.7445003e+02  -5.9576433e+01  -5.9469723e+01
   4.7968085e+02  -5.9663940e+01  -5.9559431e+01
   4.8496934e+02  -5.9754951e+01  -5.9650860e+01
   4.9031614e+02  -5.9846613e+01  -5.9742667e+01
   4.9572189e+02  -5.9938195e+01  -5.9834341e+01
   5.0118723e+02  -6.0025278e+01  -5.9925501e+01
   5.0671283e+02  -6.0116758e+01  -6.0014312e+01
   5.1229936e+02  -6.0206838e+01  -6.0105203e+01
   5.1794747e+02  -6.0300448e+01  -6.0194673e+01
   5.2365785e+02  -6.0388817e+01  -6.0286137e+01
   5.2943119e+02  -6.0482083e+01  -6.0377719e+01
   5.3526818e+02  -6.0564083e+01  -6.0467308e+01
   5.4116953e+02  -6.0653475e+01  -6.0552407e+01
   5.4713593e+02  -6.0758639e+01  -6.0653714e+01
   5.5316812e+02  -6.0847272e+01  -6.0746901e+01
   5.5926681e+02  -6.0926465e+01  -6.0827949e+01
   5.6543274e+02  -6.1026257e+01  -6.0924925e+01
   5.7166665e+02  -6.1107939e+01  -6.1007018e+01
   5.7796929e+02  -6.1199621e+01  -6.1101398e+01
   5.8434141e+02  -6.1289315e+01  -6.1188353e+01
   5.9078379e+02  -6.1381090e+01  -6.1277680e+01
   5.9729720e+02  -6.1466465e+01  -6.1369172e+01
   6.0388241e+02  -6.1557431e+01  -6.1457607e+01
   6.1054023e+02  -6.1644930e+01  -6.1544387e+01
   6.1727145e+02  -6.1739527e+01  -6.1634138e+01
   6.2407688e+02  -6.1822837e+01  -6.1724773e+01
   6.3095734e+02  -6.1912162e+01  -6.1813192e+01
   6.3791366e+02  -6.1990788e+01  -6.1900234e+01
   6.4494668e+02  -6.2084996e+01  -6.1992957e+01
   6.5205723e+02  -6.2170328e+01  -6.2080612e+01
   6.5924618e+02  -6.2274660e+01  -6.2167521e+01
   6.6651438e+02  -6.2348493e+01  -6.2256426e+01
   6.7386272e+02  -6.2445851e+01  -6.2345597e+01
   6.8129207e+02  -6.2536682e+01  -6.2434438e+01
   6.8880333e+02  -6.2620933e+01  -6.2520479e+01
   6.9639740e+02  -6.2707457e+01  -6.2609085e+01
   7.0407520e+02  -6.2799497e+01  -6.2696091e+01
   7.1183765e+02  -6.2884218e+01  -6.2784161e+01
   7.1968567e+02  -6.2972711e+01  -6.2870592e+01
   7.2762022e+02  -6.3047269e+01  -6.2958332e+01
   7.3564225e+02  -6.3163884e+01  -6.3051292e+01
   7.4375273e+02  -6.3249802e+01  -6.3130593e+01
   7.5195262e+02  -6.3341719e+01  -6.3220721e+01
   7.6024291e+02  -6.3389221e+01  -6.3314943e+01
   7.6862461e+02  -6.3510312e+01  -6.3392951e+01
   7.7709871e+02  -6.3588684e+01  -6.3484852e+01
   7.8566625e+02  -6.3666980e+01  -6.3567864e+01
   7.9432823e+02  -6.3750789e+01  -6.3653655e+01
   8.0308572e+02  -6.3836888e+01  -6.3742463e+01
   8.1193976e+02  -6.3919069e+01  -6.3831500e+01
   8.2089142e+02  -6.4012804e+01  -6.3917193e+01
   8.2994176e+02  -6.4098447e+01  -6.4001489e+01
   8.3909189e+02  -6.4191509e+01  -6.4088988e+01
   8.4834290e+02  -6.4247441e+01  -6.4160576e+01
   8.5769590e+02  -6.4351590e+01  -6.4261297e+01
   8.6715202e+02  -6.4449825e+01  -6.4344673e+01
   8.7671239e+02  -6.4529713e+01  -6.4427149e+01
   8.8637816e+02  -6.4604633e+01  -6.4510420e+01
   8.9615050e+02  -6.4693264e+01  -6.4592725e+01
   9.0603058e+02  -6.4772195e+01  -6.4681307e+01
   9.1601959e+02  -6.4857527e+01  -6.4764941e+01
   9.2611873e+02  -6.4941622e+01  -6.4837543e+01
   9.3632921e+02  -6.5027080e+01  -6.4932689e+01
   9.4665226e+02  -6.5095037e+01  -6.5003664e+01
   9.5708912e+02  -6.5186431e+01  -6.5109258e+01
   9.6764105e+02  -6.5272368e+01  -6.5181278e+01
   9.7830932e+02  -6.5354057e+01  -6.5257156e+01
   9.8909520e+02  -6.5432161e+01  -6.5339007e+01
   1.0000000e+03  -6.5523091e+01  -6.5424037e+01
   1.0110250e+03  -6.5598501e+01  -6.5507955e+01
   1.0221716e+03  -6.5685083e+01  -6.5583928e+01
   1.0334411e+03  -6.5762689e+01  -6.5661622e+01
   1.0448348e+03  -6.5828250e+01  -6.5756477e+01
   1.0563541e+03  -6.5913988e+01  -6.5840827e+01
   1.0680004e+03  -6.5998708e+01  -6.5907092e+01
   1.0797752e+03  -6.6083563e+01  -6.5995838e+01
   1.0916797e+03  -6.6158855e+01  -6.6066937e+01
   1.1037155e+03  -6.6235955e+01  -6.6146619e+01
   1.1158840e+03  -6.6324807e+01  -6.6227370e+01
   1.1281866e+03  -6.6396645e+01  -6.6308185e+01
   1.1406249e+03  -6.6467929e+01  -6.6390465e+01
   1.1532003e+03  -6.6566293e+01  -6.6470393e+01
   1.1659144e+03  -6.6651110e+01  -6.6549810e+01
   1.1787686e+03  -6.6720729e+01  -6.6623502e+01
   1.1917646e+03  -6.6792547e+01  -6.6698728e+01
   1.2049038e+03  -6.6873239e+01  -6.6777232e+01
   1.2181879e+03  -6.6941096e+01  -6.6851975e+01
   1.2316185e+03  -6.7008781e+01  -6.6932862e+01
   1.2451971e+03  -6.7091132e+01  -6.7009518e+01
   1.2589254e+03  -6.7175310e+01  -6.7070767e+01
   1.2728051e+03  -6.7241889e+01  -6.7156524e+01
   1.2868378e+03  -6.7324921e+01  -6.7225553e+01
   1.3010252e+03  -6.7391549e+01  -6.7305564e+01
   1.3153691e+03  -6.7462166e+01  -6.7374209e+01
   1.3298710e+03  -6.7539665e+01  -6.7449993e+01
   1.3445329e+03  -6.7601462e+01  -6.7505004e+01
   1.3593564e+03  -6.7664155e+01  -6.7593719e+01
   1.3743433e+03  -6.7757630e+01  -6.7652873e+01
   1.3894955e+03  -6.7823346e+01  -6.7735281e+01
   1.4048147e+03  -6.7894217e+01  -6.7803881e+01
   1.4203028e+03  -6.7967041e+01  -6.7871523e+01
   1.4359617e+03  -6.8025251e+01  -6.7965322e+01
   1.4517932e+03  -6.8124470e+01  -6.7998360e+01
   1.4677993e+03  -6.8185106e+01  -6.8081726e+01
   1.4839818e+03  -6.8238398e+01  -6.8152345e+01
   1.5003427e+03  -6.8304040e+01  -6.8219330e+01
   1.5168840e+03  -6.8369835e+01  -6.8279641e+01
   1.5336077e+03  -6.8442574e+01  -6.8343866e+01
   1.5505158e+03  -6.8497640e+01  -6.8414201e+01
   1.5676103e+03  -6.8568098e+01  -6.8485252e+01
   1.5848932e+03  -6.8619029e+01  -6.8539540e+01
   1.6023667e+03  -6.8685839e+01  -6.8605218e+01
   1.6200328e+03  -6.8752127e+01  -6.8663057e+01
   1.6378937e+03  -6.8806187e+01  -6.8730242e+01
   1.6559515e+03  -6.8867436e+01  -6.8798187e+01
   1.6742084e+03  -6.8929626e+01  -6.8843973e+01
   1.6926666e+03  -6.8989440e+01  -6.8899533e+01
   1.7113283e+03  -6.9041974e+01  -6.8962689e+01
   1.7301957e+03  -6.9095893e+01  -6.9007050e+01
   1.7492712e+03  -6.9133158e+01  -6.9082743e+01
   1.7685569e+03  -6.9201441e+01  -6.9134065e+01
   1.7880553e+03  -6.9259704e+01  -6.9180688e+01
   1.8077687e+03  -6.9314831e+01  -6.9230070e+01
   1.8276994e+03  -6.9360521e+01  -6.9291581e+01
   1.8478498e+03  -6.9400144e+01  -6.9330759e+01
   1.8682224e+03  -6.9453668e+01  -6.9384091e+01
   1.8888196e+03  -6.9507915e+01  -6.9422691e+01
   1.9096439e+03  -6.9550142e+01  -6.9478966e+01
   1.9306977e+03  -6.9600853e+01  -6.9507914e+01
   1.9519837e+03  -6.9634415e+01  -6.9568287e+01
   1.9735044e+03  -6.9689372e+01  -6.9594852e+01
   1.9952623e+03  -6.9719199e+01  -6.9629761e+01
   2.0172601e+03  -6.9766987e+01  -6.9680780e+01
   2.0395005e+03  -6.9805737e+01  -6.9686485e+01
   2.0619860e+03  -6.9832077e+01  -6.9766184e+01
   2.0847195e+03  -6.9868504e+01  -6.9783844e+01
   2.1077035e+03  -6.9899514e+01  -6.9812600e+01
   2.1309410e+03  -6.9937279e+01  -6.9845078e+01
   2.1544347e+03  -6.9954275e+01  -6.9873473e+01
   2.1781874e+03  -6.9987506e+01  -6.9896741e+01
   2.2022019e+03  -7.0006686e+01  -6.9918941e+01
   2.2264813e+03  -7.0033065e+01  -6.9948874e+01
   2.2510283e+03  -7.0048814e+01  -6.9949239e+01
   2.2758459e+03  -7.0076077e+01  -6.9987044e+01
   2.3009372e+03  -7.0086419e+01  -6.9997285e+01
   2.3263051e+03  -7.0094180e+01  -7.0012580e+01
   2.3519526e+03  -7.0123192e+01  -7.0024088e+01
   2.3778830e+03  -7.0127570e+01  -7.0040324e+01
   2.4040992e+03  -7.0138373e+01  -7.0043688e+01
   2.4306044e+03  -7.0156299e+01  -7.0043402e+01
   2.4574019e+03  -7.0155944e+01  -7.0039429e+01
   2.4844948e+03  -7.0152419e+01  -7.0055474e+01
   2.5118864e+03  -7.0154806e+01  -7.0051216e+01
   2.5395800e+03  -7.0150293e+01  -7.0055301e+01
   2.5675790e+03  -7.0152291e+01  -7.0043877e+01
   2.5958866e+03  -7.0144215e+01  -7.0032074e+01
   2.6245063e+03  -7.0139001e+01  -7.0029482e+01
   2.6534415e+03  -7.0136403e+01  -7.0011321e+01
   2.6826958e+03  -7.0123595e+01  -7.0007791e+01
   2.7122726e+03  -7.0110903e+01  -6.9979349e+01
   2.7421754e+03  -7.0120268e+01  -6.9981890e+01
   2.7724080e+03  -7.0101204e+01  -6.9963730e+01
   2.8029739e+03  -7.0085657e+01  -6.9943421e+01
   2.8338767e+03  -7.0074167e+01  -6.9927852e+01
   2.8651203e+03  -7.0063485e+01  -6.9916030e+01
   2.8967083e+03  -7.0067402e+01  -6.9911571e+01
   2.9286446e+03  -7.0063014e+01  -6.9903002e+01
   2.9609329e+03  -7.0080763e+01  -6.9909252e+01
   2.9935773e+03  -7.0088684e+01  -6.9918275e+01
   3.0265816e+03  -7.0090814e+01  -6.9910800e+01
   3.0599497e+03  -7.0122775e+01  -6.9940933e+01
   3.0936857e+03  -7.0147927e+01  -6.9959149e+01
   3.1277937e+03  -7.0217046e+01  -7.0037533e+01
   3.1622777e+03  -7.0277046e+01  -7.0093613e+01
   3.1971418e+03  -7.0358025e+01  -7.0177433e+01
   3.2323904e+03  -7.0462026e+01  -7.0301177e+01
   3.2680276e+03  -7.0589309e+01  -7.0413414e+01
   3.3040577e+03  -7.0768141e+01  -7.0599964e+01
   3.3404850e+03  -7.0935328e+01  -7.0763227e+01
   3.3773139e+03  -7.1143657e+01  -7.0975871e+01
   3.4145489e+03  -7.1337717e+01  -7.1220674e+01
   3.4521944e+03  -7.1595940e+01  -7.1478011e+01
   3.4902549e+03  -7.1872450e+01  -7.1778971e+01
   3.5287350e+03  -7.2164381e+01  -7.2099507e+01
   3.5676394e+03  -7.2506720e+01  -7.2460102e+01
   3.6069727e+03  -7.2837097e+01  -7.2790710e+01
   3.6467397e+03  -7.3199507e+01  -7.3184073e+01
   3.6869451e+03  -7.3577631e+01  -7.3554317e+01
   3.7275937e+03  -7.3926783e+01  -7.3949701e+01
   3.7686905e+03  -7.4360226e+01  -7.4389474e+01
   3.8102404e+03  -7.4745451e+01  -7.4808644e+01
   3.8522484e+03  -7.5140114e+01  -7.5197607e+01
   3.8947195e+03  -7.5517933e+01  -7.5615375e+01
   3.9376589e+03  -7.5890007e+01  -7.6027741e+01
   3.9810717e+03  -7.6300529e+01  -7.6409765e+01
   4.0249631e+03  -7.6667530e+01  -7.6805607e+01
   4.0693384e+03  -7.7029624e+01  -7.7184493e+01
   4.1142030e+03  -7.7354761e+01  -7.7524711e+01
   4.1595622e+03  -7.7675425e+01  -7.7861680e+01
   4.2054214e+03  -7.8006976e+01  -7.8172939e+01
   4.2517863e+03  -7.8305682e+01  -7.8497943e+01
   4.2986623e+03  -7.8580657e+01  -7.8763381e+01
   4.3460552e+03  -7.8835730e+01  -7.9008371e+01
   4.3939706e+03  -7.9063665e+01  -7.9241930e+01
   4.4424142e+03  -7.9286511e+01  -7.9461705e+01
   4.4913919e+03  -7.9486384e+01  -7.9644236e+01
   4.5409096e+03  -7.9634880e+01  -7.9823004e+01
   4.5909732e+03  -7.9784502e+01  -7.9967599e+01
   4.6415888e+03  -7.9938925e+01  -8.0094635e+01
   4.6927625e+03  -8.0048248e+01  -8.0206069e+01
   4.7445003e+03  -8.0136573e+01  -8.0288053e+01
   4.7968085e+03  -8.0238955e+01  -8.0404013e+01
   4.8496934e+03  -8.0348427e+01  -8.0446753e+01
   4.9031614e+03  -8.0376143e+01  -8.0531454e+01
   4.9572189e+03  -8.0427902e+01  -8.0574462e+01
   5.0118723e+03  -8.0485649e+01  -8.0628734e+01
   5.0671283e+03  -8.0547957e+01  -8.0622270e+01
   5.1229936e+03  -8.0533492e+01  -8.0646451e+01
   5.1794747e+03  -8.0585360e+01  -8.0659860e+01
   5.2365785e+03  -8.0570984e+01  -8.0698851e+01
   5.2943119e+03  -8.0617191e+01  -8.0656113e+01
   5.3526818e+03  -8.0584161e+01  -8.0642929e+01
   5.4116953e+03  -8.0595321e+01  -8.0691110e+01
   5.4713593e+03  -8.0586459e+01  -8.0641857e+01
   5.5316812e+03  -8.0564367e+01  -8.0617790e+01
   5.5926681e+03  -8.0544797e+01  -8.0587394e+01
   5.6543274e+03  -8.0548887e+01  -8.0550772e+01
   5.7166665e+03  -8.0504998e+01  -8.0525717e+01
   5.7796929e+03  -8.0455187e+01  -8.0519438e+01
   5.8434141e+03  -8.0443340e+01  -8.0464904e+01
   5.9078379e+03  -8.0401394e+01  -8.0435184e+01
   5.9729720e+03  -8.0370104e+01  -8.0398970e+01
   6.0388241e+03  -8.0334986e+01  -8.0359996e+01
   6.1054023e+03  -8.0281432e+01  -8.0321479e+01
   6.1727145e+03  -8.0248453e+01  -8.0304101e+01
   6.2407688e+03  -8.0211457e+01  -8.0239539e+01
   6.3095734e+03  -8.0165355e+01  -8.0196902e+01
   6.3791366e+03  -8.0137433e+01  -8.0128766e+01
   6.4494668e+03  -8.0087779e+01  -8.0123171e+01
   6.5205723e+03  -8.0022464e+01  -8.0065647e+01
   6.5924618e+03  -7.9973187e+01  -8.0001884e+01
   6.6651438e+03  -7.9916043e+01  -7.9937947e+01
   6.7386272e+03  -7.9874363e+01  -7.9899821e+01
   6.8129207e+03  -7.9825672e+01  -7.9872918e+01
   6.8880333e+03  -7.9768527e+01  -7.9783534e+01
   6.9639740e+03  -7.9709842e+01  -7.9748668e+01
   7.0407520e+03  -7.9662369e+01  -7.9700276e+01
   7.1183765e+03  -7.9640131e+01  -7.9658484e+01
   7.1968567e+03  -7.9568256e+01  -7.9584531e+01
   7.2762022e+03  -7.9501286e+01  -7.9531644e+01
   7.3564225e+03  -7.9456321e+01  -7.9440590e+01
   7.4375273e+03  -7.9387495e+01  -7.9387454e+01
   7.5195262e+03  -7.9318786e+01  -7.9341032e+01
   7.6024291e+03  -7.9247433e+01  -7.9267501e+01
   7.6862461e+03  -7.9222658e+01  -7.9221135e+01
   7.7709871e+03  -7.9103606e+01  -7.9143628e+01
   7.8566625e+03  -7.9059212e+01  -7.9070061e+01
   7.9432823e+03  -7.8990124e+01  -7.8993379e+01
   8.0308572e+03  -7.8925814e+01  -7.8937921e+01
   8.1193976e+03  -7.8857192e+01  -7.8876661e+01
   8.2089142e+03  -7.8791454e+01  -7.8787333e+01
   8.2994176e+03  -7.8721968e+01  -7.8720096e+01
   8.3909189e+03  -7.8643066e+01  -7.8644447e+01
   8.4834290e+03  -7.8537759e+01  -7.8549957e+01
   8.5769590e+03  -7.8478443e+01  -7.8487624e+01
   8.6715202e+03  -7.8404603e+01  -7.8385178e+01
   8.7671239e+03  -7.8316427e+01  -7.8314875e+01
   8.8637816e+03  -7.8263065e+01  -7.8258071e+01
   8.9615050e+03  -7.8160995e+01  -7.8145775e+01
   9.0603058e+03  -7.8044596e+01  -7.8070618e+01
   9.1601959e+03  -7.7975209e+01  -7.7992115e+01
   9.2611873e+03  -7.7897922e+01  -7.7910903e+01
   9.3632921e+03  -7.7799316e+01  -7.7827341e+01
   9.4665226e+03  -7.7726473e+01  -7.7703706e+01
   9.5708912e+03  -7.7614513e+01  -7.7618988e+01
   9.6764105e+03  -7.7526260e+01  -7.7538344e+01
   9.7830932e+03  -7.7413968e+01  -7.7437836e+01
   9.8909520e+03  -7.7307918e+01  -7.7336468e+01
   1.0000000e+04  -7.7221664e+01  -7.7233630e+01
   1.0110250e+04  -7.7107462e+01  -7.7138002e+01
   1.0221716e+04  -7.7005689e+01  -7.7020583e+01
   1.0334411e+04  -7.6914492e+01  -7.6915827e+01
   1.0448348e+04  -7.6804682e+01  -7.6812306e+01
   1.0563541e+04  -7.6683161e+01  -7.6711532e+01
   1.0680004e+04  -7.6580292e+01  -7.6582634e+01
   1.0797752e+04  -7.6462513e+01  -7.6478489e+01
   1.0916797e+04  -7.6341486e+01  -7.6377583e+01
   1.1037155e+04  -7.6209521e+01  -7.6239569e+01
   1.1158840e+04  -7.6103249e+01  -7.6109034e+01
   1.1281866e+04  -7.5962488e+01  -7.5978724e+01
   1.1406249e+04  -7.5837570e+01  -7.5843423e+01
   1.1532003e+04  -7.5705915e+01  -7.5723470e+01
   1.1659144e+04  -7.5572792e+01  -7.5608295e+01
   1.1787686e+04  -7.5441165e+01  -7.5459856e+01
   1.1917646e+04  -7.5288694e+01  -7.5306062e+01
   1.2049038e+04  -7.5156562e+01  -7.5176381e+01
   1.2181879e+04  -7.5020207e+01  -7.5043811e+01
   1.2316185e+04  -7.4877785e+01  -7.4889193e+01
   1.2451971e+04  -7.4718627e+01  -7.4752175e+01
   1.2589254e+04  -7.4578999e+01  -7.4589435e+01
   1.2728051e+04  -7.4399537e+01  -7.4428036e+01
   1.2868378e+04  -7.4244118e+01  -7.4262071e+01
   1.3010252e+04  -7.4072671e+01  -7.4108528e+01
   1.3153691e+04  -7.3909192e+01  -7.3938978e+01
   1.3298710e+04  -7.3732809e+01  -7.3768775e+01
   1.3445329e+04  -7.3569026e+01  -7.3597871e+01
   1.3593564e+04  -7.3373851e+01  -7.3419065e+01
   1.3743433e+04  -7.3208417e+01  -7.3218565e+01
   1.3894955e+04  -7.3012775e+01  -7.3042675e+01
   1.4048147e+04  -7.2814954e+01  -7.2826195e+01
   1.4203028e+04  -7.2614750e+01  -7.2650657e+01
   1.4359617e+04  -7.2416427e+01  -7.2445734e+01
   1.4517932e+04  -7.2220754e+01  -7.2230881e+01
   1.4677993e+04  -7.2002233e+01  -7.2035017e+01
   1.4839818e+04  -7.1788912e+01  -7.1806968e+01
   1.5003427e+04  -7.1550471e+01  -7.1581124e+01
   1.5168840e+04  -7.1340108e+01  -7.1351939e+01
   1.5336077e+04  -7.1103164e+01  -7.1120573e+01
   1.5505158e+04  -7.0877721e+01  -7.0874280e+01
   1.5676103e+04  -7.0626774e+01  -7.0625165e+01
   1.5848932e+04  -7.0387412e+01  -7.0380222e+01
   1.6023667e+04  -7.0121810e+01  -7.0124809e+01
   1.6200328e+04  -6.9873507e+01  -6.9864509e+01
   1.6378937e+04  -6.9589381e+01  -6.9600425e+01
   1.6559515e+04  -6.9318621e+01  -6.9321379e+01
   1.6742084e+04  -6.9050485e+01  -6.9039871e+01
   1.6926666e+04  -6.8756659e+01  -6.8744589e+01
   1.7113283e+04  -6.8461224e+01  -6.8448719e+01
   1.7301957e+04  -6.8178412e+01  -6.8147633e+01
   1.7492712e+04  -6.7869761e+01  -6.7843643e+01
   1.7685569e+04  -6.7575843e+01  -6.7529553e+01
   1.7880553e+04  -6.7264815e+01  -6.7217849e+01
   1.8077687e+04  -6.6954101e+01  -6.6898189e+01
   1.8276994e+04  -6.6637564e+01  -6.6569686e+01
   1.8478498e+04  -6.6316598e+01  -6.6241029e+01
   1.8682224e+04  -6.6001882e+01  -6.5917097e+01
   1.8888196e+04  -6.5687490e+01  -6.5589024e+01
   1.9096439e+04  -6.5376874e+01  -6.5270004e+01
   1.9306977e+04  -6.5082402e+01  -6.4950212e+01
   1.9519837e+04  -6.4780735e+01  -6.4643932e+01
   1.9735044e+04  -6.4500868e+01  -6.4348390e+01
   1.9952623e+04  -6.4247889e+01  -6.4078733e+01
   2.0172601e+04  -6.3994315e+01  -6.3812886e+01
   2.0395005e+04  -6.3782877e+01  -6.3587640e+01
   2.0619860e+04  -6.3599456e+01  -6.3390082e+01
   2.0847195e+04  -6.3451726e+01  -6.3228945e+01
   2.1077035e+04  -6.3336939e+01  -6.3110071e+01
   2.1309410e+04  -6.3258397e+01  -6.3025038e+01
   2.1544347e+04  -6.3228421e+01  -6.2992424e+01
   2.1781874e+04  -6.3230314e+01  -6.2993804e+01
   2.2022019e+04  -6.3271877e+01  -6.3049714e+01
   2.2264813e+04  -6.3360419e+01  -6.3132601e+01
   2.2510283e+04  -6.3476219e+01  -6.3254881e+01
   2.2758459e+04  -6.3622480e+01  -6.3421515e+01
   2.3009372e+04  -6.3802621e+01  -6.3610170e+01
   2.3263051e+04  -6.4002051e+01  -6.3817277e+01
   2.3519526e+04  -6.4214042e+01  -6.4051312e+01
   2.3778830e+04  -6.4442157e+01  -6.4300610e+01
   2.4040992e+04  -6.4683986e+01  -6.4548645e+01
   2.4306044e+04  -6.4926884e+01  -6.4812752e+01
   2.4574019e+04  -6.5179821e+01  -6.5079504e+01
   2.4844948e+04  -6.5438228e+01  -6.5346830e+01
   2.5118864e+04  -6.5697881e+01  -6.5610538e+01
   2.5395800e+04  -6.5936628e+01  -6.5871925e+01
   2.5675790e+04  -6.6191169e+01  -6.6145640e+01
   2.5958866e+04  -6.6431265e+01  -6.6387163e+01
   2.6245063e+04  -6.6672470e+01  -6.6639872e+01
   2.6534415e+04  -6.6905806e+01  -6.6884028e+01
   2.6826958e+04  -6.7124919e+01  -6.7115997e+01
   2.7122726e+04  -6.7346061e+01  -6.7352060e+01
   2.7421754e+04  -6.7564658e+01  -6.7566092e+01
   2.7724080e+04  -6.7775027e+01  -6.7770541e+01
   2.8029739e+04  -6.7976259e+01  -6.7983953e+01
   2.8338767e+04  -6.8156914e+01  -6.8187514e+01
   2.8651203e+04  -6.8350419e+01  -6.8361379e+01
   2.8967083e+04  -6.8524055e+01  -6.8549328e+01
   2.9286446e+04  -6.8691916e+01  -6.8714761e+01
   2.9609329e+04  -6.8848528e+01  -6.8882861e+01
   2.9935773e+04  -6.9021587e+01  -6.9038678e+01
   3.0265816e+04  -6.9138282e+01  -6.9186948e+01
   3.0599497e+04  -6.9277041e+01  -6.9312175e+01
   3.0936857e+04  -6.9424416e+01  -6.9455572e+01
   3.1277937e+04  -6.9520256e+01  -6.9572219e+01
   3.1622777e+04  -6.9629735e+01  -6.9698162e+01
   3.1971418e+04  -6.9751546e+01  -6.9798049e+01
   3.2323904e+04  -6.9837989e+01  -6.9922420e+01
   3.2680276e+04  -6.9934223e+01  -6.9987037e+01
   3.3040577e+04  -7.0012244e+01  -7.0085083e+01
   3.3404850e+04  -7.0070456e+01  -7.0151448e+01
   3.3773139e+04  -7.0138730e+01  -7.0234675e+01
   3.4145489e+04  -7.0193352e+01  -7.0287461e+01
   3.4521944e+04  -7.0270998e+01  -7.0325936e+01
   3.4902549e+04  -7.0298071e+01  -7.0367243e+01
   3.5287350e+04  -7.0332129e+01  -7.0412220e+01
   3.5676394e+04  -7.0335188e+01  -7.0449337e+01
   3.6069727e+04  -7.0373720e+01  -7.0456198e+01
   3.6467397e+04  -7.0375448e+01  -7.0470983e+01
   3.6869451e+04  -7.0373959e+01  -7.0457943e+01
   3.7275937e+04  -7.0356077e+01  -7.0455696e+01
   3.7686905e+04  -7.0333648e+01  -7.0444507e+01
   3.8102404e+04  -7.0307084e+01  -7.0405445e+01
   3.8522484e+04  -7.0279057e+01  -7.0376833e+01
   3.8947195e+04  -7.0248874e+01  -7.0330336e+01
   3.9376589e+04  -7.0168023e+01  -7.0273315e+01
   3.9810717e+04  -7.0101457e+01  -7.0215088e+01
   4.0249631e+04  -7.0019995e+01  -7.0135205e+01
   4.0693384e+04  -6.9928611e+01  -7.0055303e+01
   4.1142030e+04  -6.9839884e+01  -6.9966981e+01
   4.1595622e+04  -6.9735110e+01  -6.9851646e+01
   4.2054214e+04  -6.9595628e+01  -6.9709872e+01
   4.2517863e+04  -6.9451037e+01  -6.9601856e+01
   4.2986623e+04  -6.9325161e+01  -6.9470470e+01
   4.3460552e+04  -6.9163226e+01  -6.9302946e+01
   4.3939706e+04  -6.8982171e+01  -6.9132803e+01
   4.4424142e+04  -6.8803890e+01  -6.8945872e+01
   4.4913919e+04  -6.8595457e+01  -6.8742032e+01
   4.5409096e+04  -6.8355672e+01  -6.8535728e+01
   4.5909732e+04  -6.8141706e+01  -6.8299164e+01
   4.6415888e+04  -6.7906724e+01  -6.8067428e+01
   4.6927625e+04  -6.7660381e+01  -6.7804404e+01
   4.7445003e+04  -6.7382800e+01  -6.7525774e+01
   4.7968085e+04  -6.7077224e+01  -6.7227320e+01
   4.8496934e+04  -6.6777384e+01  -6.6918175e+01
   4.9031614e+04  -6.6458190e+01  -6.6597742e+01
   4.9572189e+04  -6.6126303e+01  -6.6244407e+01
   5.0118723e+04  -6.5761626e+01  -6.5903396e+01
   5.0671283e+04  -6.5417122e+01  -6.5531927e+01
   5.1229936e+04  -6.5066091e+01  -6.5161418e+01
   5.1794747e+04  -6.4688863e+01  -6.4789441e+01
   5.2365785e+04  -6.4316727e+01  -6.4416436e+01
   5.2943119e+04  -6.3972358e+01  -6.4040226e+01
   5.3526818e+04  -6.3658919e+01  -6.3672873e+01
   5.4116953e+04  -6.3347393e+01  -6.3354024e+01
   5.4713593e+04  -6.3083386e+01  -6.3048342e+01
   5.5316812e+04  -6.2890530e+01  -6.2808723e+01
   5.5926681e+04  -6.2747166e+01  -6.2638991e+01
   5.6543274e+04  -6.2671949e+01  -6.2520771e+01
   5.7166665e+04  -6.2662521e+01  -6.2482304e+01
   5.7796929e+04  -6.2721615e+01  -6.2501999e+01
   5.8434141e+04  -6.2833707e+01  -6.2635986e+01
   5.9078379e+04  -6.3048810e+01  -6.2802467e+01
   5.9729720e+04  -6.3292810e+01  -6.3011485e+01
   6.0388241e+04  -6.3556771e+01  -6.3289388e+01
   6.1054023e+04  -6.3885140e+01  -6.3604729e+01
   6.1727145e+04  -6.4206537e+01  -6.3930761e+01
   6.2407688e+04  -6.4542144e+01  -6.4270615e+01
   6.3095734e+04  -6.4873967e+01  -6.4611080e+01
   6.3791366e+04  -6.5199036e+01  -6.4955982e+01
   6.4494668e+04  -6.5546300e+01  -6.5289277e+01
   6.5205723e+04  -6.5825648e+01  -6.5613404e+01
   6.5924618e+04  -6.6134777e+01  -6.5916931e+01
   6.6651438e+04  -6.6409543e+01  -6.6185302e+01
   6.7386272e+04  -6.6647048e+01  -6.6448873e+01
   6.8129207e+04  -6.6892544e+01  -6.6714148e+01
   6.8880333e+04  -6.7089484e+01  -6.6922158e+01
   6.9639740e+04  -6.7303676e+01  -6.7067412e+01
   7.0407520e+04  -6.7435919e+01  -6.7266958e+01
   7.1183765e+04  -6.7589029e+01  -6.7420710e+01
   7.1968567e+04  -6.7690492e+01  -6.7545420e+01
   7.2762022e+04  -6.7744709e+01  -6.7640530e+01
   7.3564225e+04  -6.7841443e+01  -6.7703059e+01
   7.4375273e+04  -6.7866465e+01  -6.7739719e+01
   7.5195262e+04  -6.7853452e+01  -6.7740479e+01
   7.6024291e+04  -6.7855943e+01  -6.7746110e+01
   7.6862461e+04  -6.7818803e+01  -6.7714198e+01
   7.7709871e+04  -6.7764572e+01  -6.7661579e+01
   7.8566625e+04  -6.7692200e+01  -6.7569261e+01
   7.9432823e+04  -6.7564496e+01  -6.7465561e+01
   8.0308572e+04  -6.7413630e+01  -6.7326680e+01
   8.1193976e+04  -6.7256805e+01  -6.7167770e+01
   8.2089142e+04  -6.7063986e+01  -6.6971319e+01
   8.2994176e+04  -6.6861386e+01  -6.6771379e+01
   8.3909189e+04  -6.6644016e+01  -6.6543894e+01
   8.4834290e+04  -6.6409859e+01  -6.6302389e+01
   8.5769590e+04  -6.6153256e+01  -6.6036149e+01
   8.6715202e+04  -6.5877828e+01  -6.5767516e+01
   8.7671239e+04  -6.5620566e+01  -6.5487991e+01
   8.8637816e+04  -6.5385320e+01  -6.5185727e+01
   8.9615050e+04  -6.5115699e+01  -6.4934523e+01
   9.0603058e+04  -6.4891139e+01  -6.4682207e+01
   9.1601959e+04  -6.4680772e+01  -6.4436916e+01
   9.2611873e+04  -6.4528854e+01  -6.4276436e+01
   9.3632921e+04  -6.4421082e+01  -6.4141841e+01
   9.4665226e+04  -6.4388902e+01  -6.4076220e+01
   9.5708912e+04  -6.4400500e+01  -6.4077327e+01
   9.6764105e+04  -6.4489845e+01  -6.4153819e+01
   9.7830932e+04  -6.4628395e+01  -6.4295002e+01
   9.8909520e+04  -6.4815919e+01  -6.4492563e+01
   1.0000000e+05  -6.5063394e+01  -6.4726896e+01
   1.0110250e+05  -6.5335042e+01  -6.5026086e+01
   1.0221716e+05  -6.5651650e+01  -6.5345226e+01
   1.0334411e+05  -6.5976154e+01  -6.5687052e+01
   1.0448348e+05  -6.6259125e+01  -6.6010320e+01
   1.0563541e+05  -6.6603986e+01  -6.6353436e+01
   1.0680004e+05  -6.6898595e+01  -6.6677500e+01
   1.0797752e+05  -6.7187497e+01  -6.6969556e+01
   1.0916797e+05  -6.7484196e+01  -6.7256135e+01
   1.1037155e+05  -6.7732979e+01  -6.7576981e+01
   1.1158840e+05  -6.7936242e+01  -6.7817812e+01
   1.1281866e+05  -6.8191130e+01  -6.8035424e+01
   1.1406249e+05  -6.8400809e+01  -6.8227124e+01
   1.1532003e+05  -6.8543162e+01  -6.8405899e+01
   1.1659144e+05  -6.8691379e+01  -6.8549404e+01
   1.1787686e+05  -6.8794917e+01  -6.8688665e+01
   1.1917646e+05  -6.8873640e+01  -6.8777846e+01
   1.2049038e+05  -6.8934516e+01  -6.8839911e+01
   1.2181879e+05  -6.8962818e+01  -6.8862016e+01
   1.2316185e+05  -6.8951398e+01  -6.8864544e+01
   1.2451971e+05  -6.8880127e+01  -6.8825330e+01
   1.2589254e+05  -6.8825534e+01  -6.8744608e+01
   1.2728051e+05  -6.8700188e+01  -6.8630234e+01
   1.2868378e+05  -6.8548673e+01  -6.8473130e+01
   1.3010252e+05  -6.8367902e+01  -6.8272126e+01
   1.3153691e+05  -6.8129717e+01  -6.8043065e+01
   1.3298710e+05  -6.7868298e+01  -6.7770900e+01
   1.3445329e+05  -6.7569233e+01  -6.7438156e+01
   1.3593564e+05  -6.7270606e+01  -6.7094794e+01
   1.3743433e+05  -6.6949908e+01  -6.6735728e+01
   1.3894955e+05  -6.6693758e+01  -6.6414138e+01
   1.4048147e+05  -6.6475090e+01  -6.6135634e+01
   1.4203028e+05  -6.6306378e+01  -6.5932368e+01
   1.4359617e+05  -6.6253431e+01  -6.5815389e+01
   1.4517932e+05  -6.6314908e+01  -6.5813768e+01
   1.4677993e+05  -6.6445769e+01  -6.5930143e+01
   1.4839818e+05  -6.6665216e+01  -6.6130074e+01
   1.5003427e+05  -6.6958401e+01  -6.6404872e+01
   1.5168840e+05  -6.7264125e+01  -6.6690813e+01
   1.5336077e+05  -6.7623539e+01  -6.7047852e+01
   1.5505158e+05  -6.7932052e+01  -6.7378882e+01
   1.5676103e+05  -6.8244921e+01  -6.7689347e+01
   1.5848932e+05  -6.8487191e+01  -6.7945300e+01
   1.6023667e+05  -6.8680094e+01  -6.8159210e+01
   1.6200328e+05  -6.8783518e+01  -6.8308847e+01
   1.6378937e+05  -6.8844866e+01  -6.8380094e+01
   1.6559515e+05  -6.8859032e+01  -6.8391592e+01
   1.6742084e+05  -6.8782390e+01  -6.8346581e+01
   1.6926666e+05  -6.8686930e+01  -6.8247233e+01
   1.7113283e+05  -6.8561299e+01  -6.8121541e+01
   1.7301957e+05  -6.8447347e+01  -6.8011524e+01
   1.7492712e+05  -6.8353883e+01  -6.7922189e+01
   1.7685569e+05  -6.8332569e+01  -6.7886966e+01
   1.7880553e+05  -6.8385176e+01  -6.7930575e+01
   1.8077687e+05  -6.8504636e+01  -6.8071196e+01
   1.8276994e+05  -6.8698271e+01  -6.8282426e+01
   1.8478498e+05  -6.8984448e+01  -6.8579124e+01
   1.8682224e+05  -6.9268933e+01  -6.8898330e+01
   1.8888196e+05  -6.9603943e+01  -6.9268786e+01
   1.9096439e+05  -6.9931592e+01  -6.9631572e+01
   1.9306977e+05  -7.0231630e+01  -6.9996251e+01
   1.9519837e+05  -7.0549231e+01  -7.0331830e+01
   1.9735044e+05  -7.0820064e+01  -7.0619801e+01
   1.9952623e+05  -7.1056752e+01  -7.0894559e+01
   2.0172601e+05  -7.1237652e+01  -7.1119410e+01
   2.0395005e+05  -7.1386073e+01  -7.1270960e+01
   2.0619860e+05  -7.1474088e+01  -7.1375538e+01
   2.0847195e+05  -7.1506315e+01  -7.1451925e+01
   2.1077035e+05  -7.1456516e+01  -7.1430413e+01
   2.1309410e+05  -7.1345758e+01  -7.1323330e+01
   2.1544347e+05  -7.1128343e+01  -7.1145997e+01
   2.1781874e+05  -7.0800204e+01  -7.0808806e+01
   2.2022019e+05  -7.0340805e+01  -7.0355762e+01
   2.2264813e+05  -6.9807737e+01  -6.9809298e+01
   2.2510283e+05  -6.9181184e+01  -6.9139203e+01
   2.2758459e+05  -6.8584189e+01  -6.8466910e+01
   2.3009372e+05  -6.8118940e+01  -6.7890553e+01
   2.3263051e+05  -6.7821478e+01  -6.7520513e+01
   2.3519526e+05  -6.7817389e+01  -6.7390556e+01
   2.3778830e+05  -6.8076960e+01  -6.7557396e+01
   2.4040992e+05  -6.8555432e+01  -6.7964109e+01
   2.4306044e+05  -6.9195965e+01  -6.8569514e+01
   2.4574019e+05  -6.9940015e+01  -6.9252646e+01
   2.4844948e+05  -7.0642740e+01  -6.9930668e+01
   2.5118864e+05  -7.1257199e+01  -7.0546067e+01
   2.5395800e+05  -7.1657678e+01  -7.0971323e+01
   2.5675790e+05  -7.1835158e+01  -7.1215070e+01
   2.5958866e+05  -7.1830271e+01  -7.1246038e+01
   2.6245063e+05  -7.1749769e+01  -7.1201983e+01
   2.6534415e+05  -7.1673674e+01  -7.1184323e+01
   2.6826958e+05  -7.1666683e+01  -7.1223428e+01
   2.7122726e+05  -7.1772717e+01  -7.1363186e+01
   2.7421754e+05  -7.1961200e+01  -7.1624102e+01
   2.7724080e+05  -7.2213245e+01  -7.1912791e+01
   2.8029739e+05  -7.2470185e+01  -7.2225972e+01
   2.8338767e+05  -7.2712224e+01  -7.2520247e+01
   2.8651203e+05  -7.2921242e+01  -7.2788711e+01
   2.8967083e+05  -7.3087473e+01  -7.2978076e+01
   2.9286446e+05  -7.3215893e+01  -7.3130462e+01
   2.9609329e+05  -7.3252657e+01  -7.3216138e+01
   2.9935773e+05  -7.3235564e+01  -7.3197992e+01
   3.0265816e+05  -7.3109034e+01  -7.3063591e+01
   3.0599497e+05  -7.2806379e+01  -7.2826459e+01
   3.0936857e+05  -7.2374873e+01  -7.2392408e+01
   3.1277937e+05  -7.1708910e+01  -7.1713316e+01
   3.1622777e+05  -7.0871057e+01  -7.0805911e+01
   3.1971418e+05  -6.9963813e+01  -6.9828217e+01
   3.2323904e+05  -6.9265075e+01  -6.8990174e+01
   3.2680276e+05  -6.8935996e+01  -6.8533114e+01
   3.3040577e+05  -6.9146643e+01  -6.8563262e+01
   3.3404850e+05  -6.9834532e+01  -6.9113048e+01
   3.3773139e+05  -7.0871653e+01  -7.0029141e+01
   3.4145489e+05  -7.1914648e+01  -7.1006775e+01
   3.4521944e+05  -7.2635434e+01  -7.1741723e+01
   3.4902549e+05  -7.2759001e+01  -7.1907844e+01
   3.5287350e+05  -7.2367468e+01  -7.1698000e+01
   3.5676394e+05  -7.1869301e+01  -7.1398715e+01
   3.6069727e+05  -7.1566453e+01  -7.1191242e+01
   3.6467397e+05  -7.1473986e+01  -7.1219599e+01
   3.6869451e+05  -7.1478561e+01  -7.1319584e+01
   3.7275937e+05  -7.1541714e+01  -7.1517355e+01
   3.7686905e+05  -7.1632651e+01  -7.1623619e+01
   3.8102404e+05  -7.1626542e+01  -7.1708955e+01
   3.8522484e+05  -7.1538057e+01  -7.1691233e+01
   3.8947195e+05  -7.1364107e+01  -7.1496786e+01
   3.9376589e+05  -7.0996015e+01  -7.1131535e+01
   3.9810717e+05  -7.0441066e+01  -7.0447085e+01
   4.0249631e+05  -6.9766397e+01  -6.9686715e+01
   4.0693384e+05  -6.9291530e+01  -6.9030240e+01
   4.1142030e+05  -6.9380024e+01  -6.8872884e+01
   4.1595622e+05  -7.0262080e+01  -6.9483178e+01
   4.2054214e+05  -7.1925043e+01  -7.0962074e+01
   4.2517863e+05  -7.4072273e+01  -7.2846268e+01
   4.2986623e+05  -7.5630219e+01  -7.4278331e+01
   4.3460552e+05  -7.5517350e+01  -7.4452878e+01
   4.3939706e+05  -7.4463763e+01  -7.3820337e+01
   4.4424142e+05  -7.3578792e+01  -7.3228143e+01
   4.4913919e+05  -7.3180865e+01  -7.2965606e+01
   4.5409096e+05  -7.2991075e+01  -7.2908526e+01
   4.5909732e+05  -7.2869365e+01  -7.2878948e+01
   4.6415888e+05  -7.2799873e+01  -7.2844737e+01
   4.6927625e+05  -7.2634314e+01  -7.2682976e+01
   4.7445003e+05  -7.2331453e+01  -7.2402975e+01
   4.7968085e+05  -7.1833313e+01  -7.1839260e+01
   4.8496934e+05  -7.1369593e+01  -7.1274235e+01
   4.9031614e+05  -7.1393678e+01  -7.1099793e+01
   4.9572189e+05  -7.2683888e+01  -7.2063226e+01
   5.0118723e+05  -7.6204510e+01  -7.5059606e+01
   5.0671283e+05  -8.3623119e+01  -8.1094680e+01
   5.1229936e+05  -8.3696892e+01  -8.2965834e+01
   5.1794747e+05  -7.8114835e+01  -7.8048612e+01
   5.2365785e+05  -7.5834639e+01  -7.5780628e+01
   5.2943119e+05  -7.4954951e+01  -7.4908180e+01
   5.3526818e+05  -7.4610466e+01  -7.4617102e+01
   5.4116953e+05  -7.4470647e+01  -7.4541831e+01
   5.4713593e+05  -7.4427831e+01  -7.4510345e+01
   5.5316812e+05  -7.4361536e+01  -7.4444677e+01
   5.5926681e+05  -7.4190468e+01  -7.4301718e+01
   5.6543274e+05  -7.4002779e+01  -7.4114024e+01
   5.7166665e+05  -7.3691896e+01  -7.3832481e+01
   5.7796929e+05  -7.3175111e+01  -7.3250177e+01
   5.8434141e+05  -7.2671922e+01  -7.2583298e+01
   5.9078379e+05  -7.3032223e+01  -7.2679812e+01
   5.9729720e+05  -7.6074211e+01  -7.5290233e+01
   6.0388241e+05  -8.6458080e+01  -8.4628823e+01
   6.1054023e+05  -8.2784085e+01  -8.4088950e+01
   6.1727145e+05  -7.6789160e+01  -7.6976666e+01
   6.2407688e+05  -7.4950902e+01  -7.5015232e+01
   6.3095734e+05  -7.4385643e+01  -7.4398002e+01
   6.3791366e+05  -7.4217673e+01  -7.4170292e+01
   6.4494668e+05  -7.4033317e+01  -7.4080334e+01
   6.5205723e+05  -7.3936046e+01  -7.3946072e+01
   6.5924618e+05  -7.3801334e+01  -7.3784592e+01
   6.6651438e+05  -7.3546027e+01  -7.3585808e+01
   6.7386272e+05  -7.3204349e+01  -7.3222526e+01
   6.8129207e+05  -7.2833664e+01  -7.2768662e+01
   6.8880333e+05  -7.3261384e+01  -7.2832843e+01
   6.9639740e+05  -7.7592054e+01  -7.6186194e+01
   7.0407520e+05  -8.4530448e+01  -8.4137068e+01
   7.1183765e+05  -7.3349583e+01  -7.3498911e+01
   7.1968567e+05  -7.0478122e+01  -7.0406774e+01
   7.2762022e+05  -6.9759501e+01  -6.9677615e+01
   7.3564225e+05  -6.9613172e+01  -6.9552058e+01
   7.4375273e+05  -6.9546265e+01  -6.9455816e+01
   7.5195262e+05  -6.9588449e+01  -6.9430238e+01
   7.6024291e+05  -7.0223734e+01  -6.9848687e+01
   7.6862461e+05  -7.2964104e+01  -7.2124849e+01
   7.7709871e+05  -8.2573197e+01  -8.0011768e+01
   7.8566625e+05  -7.9903983e+01  -8.0173822e+01
   7.9432823e+05  -7.4209936e+01  -7.4235458e+01
   8.0308572e+05  -7.2693365e+01  -7.2667239e+01
   8.1193976e+05  -7.2226146e+01  -7.2264509e+01
   8.2089142e+05  -7.2035449e+01  -7.2076185e+01
   8.2994176e+05  -7.1854217e+01  -7.1890363e+01
   8.3909189e+05  -7.2101060e+01  -7.2011071e+01
   8.4834290e+05  -7.5710266e+01  -7.5088673e+01
   8.5769590e+05  -8.3030395e+01  -8.6796618e+01
   8.6715202e+05  -7.3761808e+01  -7.4264050e+01
   8.7671239e+05  -7.2165910e+01  -7.2479177e+01
   8.8637816e+05  -7.2074453e+01  -7.2346951e+01
   8.9615050e+05  -7.2196996e+01  -7.2397834e+01
   9.0603058e+05  -7.2265916e+01  -7.2414846e+01
   9.1601959e+05  -7.2209351e+01  -7.2334674e+01
   9.2611873e+05  -7.2064951e+01  -7.2168137e+01
   9.3632921e+05  -7.1945217e+01  -7.2010704e+01
   9.4665226e+05  -7.2733785e+01  -7.2598645e+01
   9.5708912e+05  -7.8557248e+01  -7.8105947e+01
   9.6764105e+05  -7.7994212e+01  -7.8666850e+01
   9.7830932e+05  -7.4852573e+01  -7.5049065e+01
   9.8909520e+05  -7.4018542e+01  -7.4208996e+01
   1.0000000e+06  -7.3476597e+01  -7.3687879e+01
   1.0063794e+06  -7.3179622e+01  -7.3399363e+01
   1.0127995e+06  -7.2861011e+01  -7.3076869e+01
   1.0192606e+06  -7.2531313e+01  -7.2748612e+01
   1.0257629e+06  -7.2250457e+01  -7.2450194e+01
   1.0323066e+06  -7.2032867e+01  -7.2226422e+01
   1.0388921e+06  -7.2015691e+01  -7.2172649e+01
   1.0455197e+06  -7.2372667e+01  -7.2459795e+01
   1.0521895e+06  -7.3409722e+01  -7.3369984e+01
   1.0589018e+06  -7.5779640e+01  -7.5556856e+01
   1.0656570e+06  -7.8408463e+01  -7.8364954e+01
   1.0724552e+06  -7.3967474e+01  -7.4136499e+01
   1.0792969e+06  -7.0178742e+01  -6.9980174e+01
   1.0861821e+06  -6.9587468e+01  -6.9120643e+01
   1.0931113e+06  -7.1517514e+01  -7.0805464e+01
   1.1000848e+06  -7.5875685e+01  -7.4806834e+01
   1.1071026e+06  -8.0583201e+01  -7.9869732e+01
   1.1141653e+06  -7.5070427e+01  -7.5411463e+01
   1.1212730e+06  -7.0541759e+01  -7.0679172e+01
   1.1284261e+06  -6.8084736e+01  -6.8056400e+01
   1.1356248e+06  -6.6870327e+01  -6.6759349e+01
   1.1428694e+06  -6.6356568e+01  -6.6224070e+01
   1.1501602e+06  -6.6253215e+01  -6.6151196e+01
   1.1574976e+06  -6.6336451e+01  -6.6281609e+01
   1.1648817e+06  -6.6406067e+01  -6.6393852e+01
   1.1723130e+06  -6.6397213e+01  -6.6404124e+01
   1.1797917e+06  -6.6376153e+01  -6.6388601e+01
   1.1873180e+06  -6.6485429e+01  -6.6479278e+01
   1.1948924e+06  -6.6871351e+01  -6.6850837e+01
   1.2025151e+06  -6.7403104e+01  -6.7438924e+01
   1.2101865e+06  -6.7635654e+01  -6.7762762e+01
   1.2179067e+06  -6.7662911e+01  -6.7775820e+01
   1.2256763e+06  -6.7704608e+01  -6.7865221e+01
   1.2334954e+06  -6.7684850e+01  -6.7899656e+01
   1.2413643e+06  -6.7620567e+01  -6.7891232e+01
   1.2492835e+06  -6.7531959e+01  -6.7848392e+01
   1.2572532e+06  -6.7440557e+01  -6.7727790e+01
   1.2652737e+06  -6.7354837e+01  -6.7667827e+01
   1.2733454e+06  -6.7331489e+01  -6.7566037e+01
   1.2814686e+06  -6.7353907e+01  -6.7592942e+01
   1.2896436e+06  -6.7486654e+01  -6.7730999e+01
   1.2978708e+06  -6.7602398e+01  -6.7789039e+01
   1.3061505e+06  -6.7214211e+01  -6.7475666e+01
   1.3144829e+06  -6.6312270e+01  -6.6522707e+01
   1.3228686e+06  -6.5719843e+01  -6.5806251e+01
   1.3313077e+06  -6.5524094e+01  -6.5596657e+01
   1.3398006e+06  -6.5459681e+01  -6.5533454e+01
   1.3483478e+06  -6.5407372e+01  -6.5470440e+01
   1.3569494e+06  -6.5323573e+01  -6.5382932e+01
   1.3656060e+06  -6.5213471e+01  -6.5282918e+01
   1.3743177e+06  -6.5135446e+01  -6.5173808e+01
   1.3830851e+06  -6.5215793e+01  -6.5211988e+01
   1.3919083e+06  -6.5709666e+01  -6.5667985e+01
   1.4007879e+06  -6.6513304e+01  -6.6529309e+01
   1.4097241e+06  -6.6629930e+01  -6.6796425e+01
   1.4187173e+06  -6.6135669e+01  -6.6295908e+01
   1.4277679e+06  -6.5811904e+01  -6.5924184e+01
   1.4368762e+06  -6.5679132e+01  -6.5760638e+01
   1.4460426e+06  -6.5721156e+01  -6.5758611e+01
   1.4552675e+06  -6.6165591e+01  -6.6159979e+01
   1.4645513e+06  -6.7172476e+01  -6.7205736e+01
   1.4738943e+06  -6.7568089e+01  -6.7841307e+01
   1.4832968e+06  -6.6696232e+01  -6.6965171e+01
   1.4927594e+06  -6.5921263e+01  -6.6072131e+01
   1.5022823e+06  -6.5514273e+01  -6.5620122e+01
   1.5118660e+06  -6.5294737e+01  -6.5385533e+01
   1.5215108e+06  -6.5270937e+01  -6.5313836e+01
   1.5312172e+06  -6.5751746e+01  -6.5721770e+01
   1.5409854e+06  -6.6910045e+01  -6.6902910e+01
   1.5508160e+06  -6.7496841e+01  -6.7699288e+01
   1.5607093e+06  -6.7161308e+01  -6.7363223e+01
   1.5706657e+06  -6.6857886e+01  -6.7005228e+01
   1.5806856e+06  -6.6676372e+01  -6.6812249e+01
   1.5907695e+06  -6.6532504e+01  -6.6665229e+01
   1.6009176e+06  -6.6413321e+01  -6.6538721e+01
   1.6111305e+06  -6.6313366e+01  -6.6426723e+01
   1.6214086e+06  -6.6267017e+01  -6.6378176e+01
   1.6317522e+06  -6.6381532e+01  -6.6472716e+01
   1.6421619e+06  -6.6572433e+01  -6.6700100e+01
   1.6526379e+06  -6.6225855e+01  -6.6430970e+01
   1.6631807e+06  -6.5496907e+01  -6.5657938e+01
   1.6737909e+06  -6.5112719e+01  -6.5221452e+01
   1.6844686e+06  -6.4958023e+01  -6.5046082e+01
   1.6952146e+06  -6.4826714e+01  -6.4923157e+01
   1.7060290e+06  -6.4701794e+01  -6.4797047e+01
   1.7169125e+06  -6.4604379e+01  -6.4692781e+01
   1.7278654e+06  -6.4710542e+01  -6.4762796e+01
   1.7388882e+06  -6.5235604e+01  -6.5255867e+01
   1.7499812e+06  -6.5805620e+01  -6.5925691e+01
   1.7611451e+06  -6.5518791e+01  -6.5754866e+01
   1.7723801e+06  -6.4784970e+01  -6.4950235e+01
   1.7836869e+06  -6.4528208e+01  -6.4607039e+01
   1.7950658e+06  -6.4874517e+01  -6.4895176e+01
   1.8065172e+06  -6.5793853e+01  -6.5846558e+01
   1.8180417e+06  -6.6189497e+01  -6.6434245e+01
   1.8296398e+06  -6.5521556e+01  -6.5778548e+01
   1.8413118e+06  -6.4860593e+01  -6.5020109e+01
   1.8530583e+06  -6.4503516e+01  -6.4600530e+01
   1.8648797e+06  -6.4392433e+01  -6.4447166e+01
   1.8767765e+06  -6.4750800e+01  -6.4767201e+01
   1.8887493e+06  -6.5482903e+01  -6.5531006e+01
   1.9007984e+06  -6.5718916e+01  -6.5884683e+01
   1.9129243e+06  -6.5464531e+01  -6.5630354e+01
   1.9251277e+06  -6.5220820e+01  -6.5374777e+01
   1.9374089e+06  -6.5084087e+01  -6.5205407e+01
   1.9497684e+06  -6.4940717e+01  -6.5077878e+01
   1.9622068e+06  -6.4830608e+01  -6.4963728e+01
   1.9747245e+06  -6.4786892e+01  -6.4901302e+01
   1.9873221e+06  -6.4839196e+01  -6.4957714e+01
   2.0000000e+06  -6.4771358e+01  -6.4943077e+01
