   2.0000000e+01  -3.6983448e+01  -3.6805345e+01
   2.0654248e+01  -3.7296715e+01  -3.6896868e+01
   2.1329899e+01  -3.7543070e+01  -3.7151096e+01
   2.2027651e+01  -3.7763454e+01  -3.7364134e+01
   2.2748229e+01  -3.7957528e+01  -3.7555761e+01
   2.3492379e+01  -3.8150845e+01  -3.7748392e+01
   2.4260871e+01  -3.8327786e+01  -3.7926727e+01
   2.5054503e+01  -3.8493956e+01  -3.8093013e+01
   2.5874097e+01  -3.8668548e+01  -3.8264464e+01
   2.6720501e+01  -3.8835239e+01  -3.8425314e+01
   2.7594593e+01  -3.9002529e+01  -3.8585996e+01
   2.8497279e+01  -3.9170313e+01  -3.8747011e+01
   2.9429494e+01  -3.9337935e+01  -3.8908210e+01
   3.0392204e+01  -3.9314900e+01  -3.8902908e+01
   3.1386407e+01  -3.9547764e+01  -3.9129711e+01
   3.2413132e+01  -3.9767041e+01  -3.9339251e+01
   3.3473444e+01  -3.9954759e+01  -3.9524207e+01
   3.4568441e+01  -4.0142255e+01  -3.9703285e+01
   3.5699259e+01  -4.0309475e+01  -3.9866000e+01
   3.6867068e+01  -4.0475386e+01  -4.0027137e+01
   3.8073079e+01  -4.0647169e+01  -4.0196615e+01
   3.9318541e+01  -4.0814689e+01  -4.0364413e+01
   4.0604746e+01  -4.0978782e+01  -4.0533323e+01
   4.1933025e+01  -4.1147440e+01  -4.0702627e+01
   4.3304756e+01  -4.1312697e+01  -4.0874555e+01
   4.4721360e+01  -4.1498621e+01  -4.1043653e+01
   4.6184303e+01  -4.1495921e+01  -4.1092927e+01
   4.7695104e+01  -4.1725727e+01  -4.1321168e+01
   4.9255326e+01  -4.1932211e+01  -4.1517901e+01
   5.0866587e+01  -4.2118567e+01  -4.1725306e+01
   5.2530556e+01  -4.2304001e+01  -4.1912318e+01
   5.4248958e+01  -4.2491046e+01  -4.2110546e+01
   5.6023572e+01  -4.2681561e+01  -4.2307924e+01
   5.7856239e+01  -4.2874373e+01  -4.2510190e+01
   5.9748857e+01  -4.3064477e+01  -4.2715236e+01
   6.1703386e+01  -4.3257973e+01  -4.2920687e+01
   6.3721853e+01  -4.3454611e+01  -4.3133265e+01
   6.5806349e+01  -4.3543607e+01  -4.3271144e+01
   6.7959034e+01  -4.3804198e+01  -4.3532951e+01
   7.0182139e+01  -4.4055422e+01  -4.3787488e+01
   7.2477966e+01  -4.4292088e+01  -4.4030794e+01
   7.4848896e+01  -4.4525698e+01  -4.4273034e+01
   7.7297385e+01  -4.4756279e+01  -4.4513288e+01
   7.9825969e+01  -4.4989812e+01  -4.4755304e+01
   8.2437270e+01  -4.5219376e+01  -4.4996207e+01
   8.5133992e+01  -4.5454792e+01  -4.5242940e+01
   8.7918931e+01  -4.5686094e+01  -4.5487780e+01
   9.0794972e+01  -4.5925883e+01  -4.5737950e+01
   9.3765095e+01  -4.6165766e+01  -4.5988767e+01
   9.6832379e+01  -4.6406504e+01  -4.6241752e+01
   1.0000000e+02  -4.6583122e+01  -4.6447758e+01
   1.0110250e+02  -4.6637668e+01  -4.6520959e+01
   1.0221716e+02  -4.6732543e+01  -4.6613447e+01
   1.0334411e+02  -4.6826978e+01  -4.6703297e+01
   1.0448348e+02  -4.6913025e+01  -4.6795962e+01
   1.0563541e+02  -4.7006149e+01  -4.6886597e+01
   1.0680004e+02  -4.7092727e+01  -4.6977494e+01
   1.0797752e+02  -4.7189133e+01  -4.7068522e+01
   1.0916797e+02  -4.7276414e+01  -4.7159647e+01
   1.1037155e+02  -4.7363043e+01  -4.7250058e+01
   1.1158840e+02  -4.7452848e+01  -4.7340260e+01
   1.1281866e+02  -4.7543470e+01  -4.7430529e+01
   1.1406249e+02  -4.7638410e+01  -4.7522167e+01
   1.1532003e+02  -4.7725491e+01  -4.7612207e+01
   1.1659144e+02  -4.7812736e+01  -4.7701480e+01
   1.1787686e+02  -4.7904865e+01  -4.7792703e+01
   1.1917646e+02  -4.7995126e+01  -4.7883550e+01
   1.2049038e+02  -4.8082850e+01  -4.7975618e+01
   1.2181879e+02  -4.8173701e+01  -4.8065192e+01
   1.2316185e+02  -4.8265469e+01  -4.8158309e+01
   1.2451971e+02  -4.8352681e+01  -4.8246065e+01
   1.2589254e+02  -4.8447629e+01  -4.8337885e+01
   1.2728051e+02  -4.8536053e+01  -4.8425353e+01
   1.2868378e+02  -4.8627158e+01  -4.8519773e+01
   1.3010252e+02  -4.8715709e+01  -4.8609615e+01
   1.3153691e+02  -4.8808530e+01  -4.8700184e+01
   1.3298710e+02  -4.8899834e+01  -4.8790860e+01
   1.3445329e+02  -4.8990416e+01  -4.8883493e+01
   1.3593564e+02  -4.9078257e+01  -4.8974155e+01
   1.3743433e+02  -4.9169729e+01  -4.9064020e+01
   1.3894955e+02  -4.9262524e+01  -4.9155838e+01
   1.4048147e+02  -4.9351191e+01  -4.9246594e+01
   1.4203028e+02  -4.9442594e+01  -4.9341405e+01
   1.4359617e+02  -4.9536725e+01  -4.9427993e+01
   1.4517932e+02  -4.9623801e+01  -4.9522089e+01
   1.4677993e+02  -4.9718461e+01  -4.9609639e+01
   1.4839818e+02  -4.9809822e+01  -4.9700994e+01
   1.5003427e+02  -4.9901048e+01  -4.9793820e+01
   1.5168840e+02  -4.9991812e+01  -4.9882963e+01
   1.5336077e+02  -5.0083529e+01  -4.9975087e+01
   1.5505158e+02  -5.0173341e+01  -5.0073867e+01
   1.5676103e+02  -5.0269112e+01  -5.0159549e+01
   1.5848932e+02  -5.0358771e+01  -5.0253054e+01
   1.6023667e+02  -5.0448733e+01  -5.0347336e+01
   1.6200328e+02  -5.0540447e+01  -5.0439644e+01
   1.6378937e+02  -5.0633350e+01  -5.0528678e+01
   1.6559515e+02  -5.0727926e+01  -5.0619450e+01
   1.6742084e+02  -5.0816113e+01  -5.0715784e+01
   1.6926666e+02  -5.0910688e+01  -5.0804902e+01
   1.7113283e+02  -5.1003157e+01  -5.0895736e+01
   1.7301957e+02  -5.1094122e+01  -5.0988321e+01
   1.7492712e+02  -5.1188020e+01  -5.1080726e+01
   1.7685569e+02  -5.1277344e+01  -5.1176637e+01
   1.7880553e+02  -5.1371182e+01  -5.1264386e+01
   1.8077687e+02  -5.1462772e+01  -5.1358407e+01
   1.8276994e+02  -5.1554772e+01  -5.1451383e+01
   1.8478498e+02  -5.1647090e+01  -5.1543324e+01
   1.8682224e+02  -5.1740594e+01  -5.1635511e+01
   1.8888196e+02  -5.1830708e+01  -5.1728202e+01
   1.9096439e+02  -5.1925130e+01  -5.1820119e+01
   1.9306977e+02  -5.2017854e+01  -5.1913515e+01
   1.9519837e+02  -5.2108714e+01  -5.2005432e+01
   1.9735044e+02  -5.2205231e+01  -5.2098522e+01
   1.9952623e+02  -5.2296020e+01  -5.2190950e+01
   2.0172601e+02  -5.2388950e+01  -5.2282964e+01
   2.0395005e+02  -5.2480459e+01  -5.2376335e+01
   2.0619860e+02  -5.2573175e+01  -5.2468344e+01
   2.0847195e+02  -5.2662906e+01  -5.2560672e+01
   2.1077035e+02  -5.2758342e+01  -5.2654642e+01
   2.1309410e+02  -5.2848477e+01  -5.2746844e+01
   2.1544347e+02  -5.2943068e+01  -5.2838661e+01
   2.1781874e+02  -5.3036508e+01  -5.2932465e+01
   2.2022019e+02  -5.3129293e+01  -5.3025105e+01
   2.2264813e+02  -5.3220986e+01  -5.3117637e+01
   2.2510283e+02  -5.3313998e+01  -5.3209483e+01
   2.2758459e+02  -5.3403695e+01  -5.3303014e+01
   2.3009372e+02  -5.3499360e+01  -5.3394738e+01
   2.3263051e+02  -5.3593328e+01  -5.3488851e+01
   2.3519526e+02  -5.3683225e+01  -5.3579667e+01
   2.3778830e+02  -5.3773857e+01  -5.3672032e+01
   2.4040992e+02  -5.3866358e+01  -5.3766275e+01
   2.4306044e+02  -5.3965881e+01  -5.3858748e+01
   2.4574019e+02  -5.4050990e+01  -5.3949286e+01
   2.4844948e+02  -5.4150763e+01  -5.4046383e+01
   2.5118864e+02  -5.4242783e+01  -5.4138202e+01
   2.5395800e+02  -5.4329586e+01  -5.4229052e+01
   2.5675790e+02  -5.4427835e+01  -5.4324245e+01
   2.5958866e+02  -5.4514371e+01  -5.4414298e+01
   2.6245063e+02  -5.4605531e+01  -5.4507245e+01
   2.6534415e+02  -5.4706568e+01  -5.4601061e+01
   2.6826958e+02  -5.4792851e+01  -5.4692829e+01
   2.7122726e+02  -5.4888107e+01  -5.4786427e+01
   2.7421754e+02  -5.4979979e+01  -5.4878171e+01
   2.7724080e+02  -5.5070113e+01  -5.4970322e+01
   2.8029739e+02  -5.5167093e+01  -5.5063790e+01
   2.8338767e+02  -5.5256677e+01  -5.5155454e+01
   2.8651203e+02  -5.5350561e+01  -5.5248367e+01
   2.8967083e+02  -5.5441323e+01  -5.5340697e+01
   2.9286446e+02  -5.5534733e+01  -5.5432381e+01
   2.9609329e+02  -5.5625936e+01  -5.5524250e+01
   2.9935773e+02  -5.5719565e+01  -5.5618654e+01
   3.0265816e+02  -5.5811978e+01  -5.5711127e+01
   3.0599497e+02  -5.5905127e+01  -5.5804532e+01
   3.0936857e+02  -5.5996282e+01  -5.5893872e+01
   3.1277937e+02  -5.6088937e+01  -5.5987993e+01
   3.1622777e+02  -5.6181351e+01  -5.6081875e+01
   3.1971418e+02  -5.6273697e+01  -5.6174234e+01
   3.2323904e+02  -5.6364256e+01  -5.6262685e+01
   3.2680276e+02  -5.6457992e+01  -5.6358373e+01
   3.3040577e+02  -5.6548447e+01  -5.6449671e+01
   3.3404850e+02  -5.6641546e+01  -5.6543012e+01
   3.3773139e+02  -5.6734470e+01  -5.6634025e+01
   3.4145489e+02  -5.6823342e+01  -5.6727831e+01
   3.4521944e+02  -5.6922075e+01  -5.6818289e+01
   3.4902549e+02  -5.7013003e+01  -5.6911975e+01
   3.5287350e+02  -5.7104410e+01  -5.7000425e+01
   3.5676394e+02  -5.7193385e+01  -5.7095024e+01
   3.6069727e+02  -5.7289997e+01  -5.7185317e+01
   3.6467397e+02  -5.7377598e+01  -5.7279414e+01
   3.6869451e+02  -5.7471001e+01  -5.7369483e+01
   3.7275937e+02  -5.7565055e+01  -5.7462834e+01
   3.7686905e+02  -5.7653610e+01  -5.7553905e+01
   3.8102404e+02  -5.7745890e+01  -5.7648913e+01
   3.8522484e+02  -5.7836211e+01  -5.7739650e+01
   3.8947195e+02  -5.7929642e+01  -5.7831495e+01
   3.9376589e+02  -5.8020634e+01  -5.7923071e+01
   3.9810717e+02  -5.8111735e+01  -5.8015366e+01
   4.0249631e+02  -5.8205872e+01  -5.8107393e+01
   4.0693384e+02  -5.8297890e+01  -5.8199633e+01
   4.1142030e+02  -5.8387080e+01  -5.8288881e+01
   4.1595622e+02  -5.8481264e+01  -5.8379636e+01
   4.2054214e+02  -5.8567666e+01  -5.8473559e+01
   4.2517863e+02  -5.8662758e+01  -5.8563669e+01
   4.2986623e+02  -5.8756056e+01  -5.8655920e+01
   4.3460552e+02  -5.8842881e+01  -5.8749307e+01
   4.3939706e+02  -5.8931329e+01  -5.8840138e+01
   4.4424142e+02  -5.9031947e+01  -5.8928216e+01
   4.4913919e+02  -5.9112087e+01  -5.9021688e+01
   4.5409096e+02  -5.9210502e+01  -5.9111382e+01
   4.5909732e+02  -5.9294166e+01  -5.9206783e+01
   4.6415888e+02  -5.9390099e+01  -5.9296690e+01
   4.6927625e+02  -5.9485749e+01  -5.9384544e+01
   4.7445003e+02  -5.9576433e+01  -5.9474440e+01
   4.7968085e+02  -5.9663940e+01  -5.9570965e+01
   4.8496934e+02  -5.9754951e+01  -5.9660501e+01
   4.9031614e+02  -5.9846613e+01  -5.9750576e+01
   4.9572189e+02  -5.9938195e+01  -5.9839104e+01
   5.0118723e+02  -6.0025278e+01  -5.9930811e+01
   5.0671283e+02  -6.0116758e+01  -6.0022994e+01
   5.1229936e+02  -6.0206838e+01  -6.0113596e+01
   5.1794747e+02  -6.0300448e+01  -6.0203959e+01
   5.2365785e+02  -6.0388817e+01  -6.0293055e+01
   5.2943119e+02  -6.0482083e+01  -6.0385020e+01
   5.3526818e+02  -6.0564083e+01  -6.0474459e+01
   5.4116953e+02  -6.0653475e+01  -6.0561163e+01
   5.4713593e+02  -6.0758639e+01  -6.0658216e+01
   5.5316812e+02  -6.0847272e+01  -6.0745793e+01
   5.5926681e+02  -6.0926465e+01  -6.0840591e+01
   5.6543274e+02  -6.1026257e+01  -6.0929524e+01
   5.7166665e+02  -6.1107939e+01  -6.1014983e+01
   5.7796929e+02  -6.1199621e+01  -6.1110972e+01
   5.8434141e+02  -6.1289315e+01  -6.1195978e+01
   5.9078379e+02  -6.1381090e+01  -6.1286587e+01
   5.9729720e+02  -6.1466465e+01  -6.1372218e+01
   6.0388241e+02  -6.1557431e+01  -6.1466368e+01
   6.1054023e+02  -6.1644930e+01  -6.1552240e+01
   6.1727145e+02  -6.1739527e+01  -6.1640929e+01
   6.2407688e+02  -6.1822837e+01  -6.1732241e+01
   6.3095734e+02  -6.1912162e+01  -6.1821461e+01
   6.3791366e+02  -6.1990788e+01  -6.1916577e+01
   6.4494668e+02  -6.2084996e+01  -6.2002384e+01
   6.5205723e+02  -6.2170328e+01  -6.2095050e+01
   6.5924618e+02  -6.2274660e+01  -6.2170305e+01
   6.6651438e+02  -6.2348493e+01  -6.2266813e+01
   6.7386272e+02  -6.2445851e+01  -6.2353682e+01
   6.8129207e+02  -6.2536682e+01  -6.2441487e+01
   6.8880333e+02  -6.2620933e+01  -6.2530855e+01
   6.9639740e+02  -6.2707457e+01  -6.2617356e+01
   7.0407520e+02  -6.2799497e+01  -6.2704295e+01
   7.1183765e+02  -6.2884218e+01  -6.2792313e+01
   7.1968567e+02  -6.2972711e+01  -6.2883069e+01
   7.2762022e+02  -6.3047269e+01  -6.2971578e+01
   7.3564225e+02  -6.3163884e+01  -6.3056252e+01
   7.4375273e+02  -6.3249802e+01  -6.3140509e+01
   7.5195262e+02  -6.3341719e+01  -6.3229239e+01
   7.6024291e+02  -6.3389221e+01  -6.3323117e+01
   7.6862461e+02  -6.3510312e+01  -6.3405120e+01
   7.7709871e+02  -6.3588684e+01  -6.3489987e+01
   7.8566625e+02  -6.3666980e+01  -6.3578731e+01
   7.9432823e+02  -6.3750789e+01  -6.3663348e+01
   8.0308572e+02  -6.3836888e+01  -6.3749599e+01
   8.1193976e+02  -6.3919069e+01  -6.3836099e+01
   8.2089142e+02  -6.4012804e+01  -6.3923402e+01
   8.2994176e+02  -6.4098447e+01  -6.4012465e+01
   8.3909189e+02  -6.4191509e+01  -6.4089541e+01
   8.4834290e+02  -6.4247441e+01  -6.4186849e+01
   8.5769590e+02  -6.4351590e+01  -6.4257139e+01
   8.6715202e+02  -6.4449825e+01  -6.4347190e+01
   8.7671239e+02  -6.4529713e+01  -6.4434989e+01
   8.8637816e+02  -6.4604633e+01  -6.4519149e+01
   8.9615050e+02  -6.4693264e+01  -6.4606730e+01
   9.0603058e+02  -6.4772195e+01  -6.4688620e+01
   9.1601959e+02  -6.4857527e+01  -6.4770825e+01
   9.2611873e+02  -6.4941622e+01  -6.4852403e+01
   9.3632921e+02  -6.5027080e+01  -6.4936865e+01
   9.4665226e+02  -6.5095037e+01  -6.5042219e+01
   9.5708912e+02  -6.5186431e+01  -6.5107069e+01
   9.6764105e+02  -6.5272368e+01  -6.5181566e+01
   9.7830932e+02  -6.5354057e+01  -6.5265592e+01
   9.8909520e+02  -6.5432161e+01  -6.5357958e+01
   1.0000000e+03  -6.5523091e+01  -6.5437776e+01
   1.0110250e+03  -6.5598501e+01  -6.5514687e+01
   1.0221716e+03  -6.5685083e+01  -6.5603705e+01
   1.0334411e+03  -6.5762689e+01  -6.5689800e+01
   1.0448348e+03  -6.5828250e+01  -6.5774945e+01
   1.0563541e+03  -6.5913988e+01  -6.5852785e+01
   1.0680004e+03  -6.5998708e+01  -6.5923108e+01
   1.0797752e+03  -6.6083563e+01  -6.6002023e+01
   1.0916797e+03  -6.6158855e+01  -6.6084849e+01
   1.1037155e+03  -6.6235955e+01  -6.6166559e+01
   1.1158840e+03  -6.6324807e+01  -6.6247643e+01
   1.1281866e+03  -6.6396645e+01  -6.6328292e+01
   1.1406249e+03  -6.6467929e+01  -6.6391427e+01
   1.1532003e+03  -6.6566293e+01  -6.6472787e+01
   1.1659144e+03  -6.6651110e+01  -6.6556343e+01
   1.1787686e+03  -6.6720729e+01  -6.6635332e+01
   1.1917646e+03  -6.6792547e+01  -6.6718416e+01
   1.2049038e+03  -6.6873239e+01  -6.6792124e+01
   1.2181879e+03  -6.6941096e+01  -6.6870061e+01
   1.2316185e+03  -6.7008781e+01  -6.6939050e+01
   1.2451971e+03  -6.7091132e+01  -6.7011489e+01
   1.2589254e+03  -6.7175310e+01  -6.7105968e+01
   1.2728051e+03  -6.7241889e+01  -6.7171507e+01
   1.2868378e+03  -6.7324921e+01  -6.7249477e+01
   1.3010252e+03  -6.7391549e+01  -6.7319473e+01
   1.3153691e+03  -6.7462166e+01  -6.7392950e+01
   1.3298710e+03  -6.7539665e+01  -6.7472632e+01
   1.3445329e+03  -6.7601462e+01  -6.7549655e+01
   1.3593564e+03  -6.7664155e+01  -6.7595162e+01
   1.3743433e+03  -6.7757630e+01  -6.7694203e+01
   1.3894955e+03  -6.7823346e+01  -6.7758700e+01
   1.4048147e+03  -6.7894217e+01  -6.7830266e+01
   1.4203028e+03  -6.7967041e+01  -6.7896046e+01
   1.4359617e+03  -6.8025251e+01  -6.7966656e+01
   1.4517932e+03  -6.8124470e+01  -6.8035662e+01
   1.4677993e+03  -6.8185106e+01  -6.8101228e+01
   1.4839818e+03  -6.8238398e+01  -6.8171568e+01
   1.5003427e+03  -6.8304040e+01  -6.8241217e+01
   1.5168840e+03  -6.8369835e+01  -6.8307160e+01
   1.5336077e+03  -6.8442574e+01  -6.8385003e+01
   1.5505158e+03  -6.8497640e+01  -6.8409660e+01
   1.5676103e+03  -6.8568098e+01  -6.8484561e+01
   1.5848932e+03  -6.8619029e+01  -6.8565667e+01
   1.6023667e+03  -6.8685839e+01  -6.8630954e+01
   1.6200328e+03  -6.8752127e+01  -6.8698313e+01
   1.6378937e+03  -6.8806187e+01  -6.8761581e+01
   1.6559515e+03  -6.8867436e+01  -6.8830154e+01
   1.6742084e+03  -6.8929626e+01  -6.8873516e+01
   1.6926666e+03  -6.8989440e+01  -6.8940139e+01
   1.7113283e+03  -6.9041974e+01  -6.8988090e+01
   1.7301957e+03  -6.9095893e+01  -6.9055555e+01
   1.7492712e+03  -6.9133158e+01  -6.9115460e+01
   1.7685569e+03  -6.9201441e+01  -6.9169890e+01
   1.7880553e+03  -6.9259704e+01  -6.9214184e+01
   1.8077687e+03  -6.9314831e+01  -6.9263076e+01
   1.8276994e+03  -6.9360521e+01  -6.9315357e+01
   1.8478498e+03  -6.9400144e+01  -6.9361684e+01
   1.8682224e+03  -6.9453668e+01  -6.9402127e+01
   1.8888196e+03  -6.9507915e+01  -6.9464182e+01
   1.9096439e+03  -6.9550142e+01  -6.9513943e+01
   1.9306977e+03  -6.9600853e+01  -6.9565478e+01
   1.9519837e+03  -6.9634415e+01  -6.9602955e+01
   1.9735044e+03  -6.9689372e+01  -6.9642846e+01
   1.9952623e+03  -6.9719199e+01  -6.9687042e+01
   2.0172601e+03  -6.9766987e+01  -6.9726317e+01
   2.0395005e+03  -6.9805737e+01  -6.9793427e+01
   2.0619860e+03  -6.9832077e+01  -6.9826530e+01
   2.0847195e+03  -6.9868504e+01  -6.9828399e+01
   2.1077035e+03  -6.9899514e+01  -6.9865357e+01
   2.1309410e+03  -6.9937279e+01  -6.9900484e+01
   2.1544347e+03  -6.9954275e+01  -6.9935392e+01
   2.1781874e+03  -6.9987506e+01  -6.9952984e+01
   2.2022019e+03  -7.0006686e+01  -6.9987822e+01
   2.2264813e+03  -7.0033065e+01  -7.0016711e+01
   2.2510283e+03  -7.0048814e+01  -7.0041328e+01
   2.2758459e+03  -7.0076077e+01  -7.0053092e+01
   2.3009372e+03  -7.0086419e+01  -7.0066173e+01
   2.3263051e+03  -7.0094180e+01  -7.0100926e+01
   2.3519526e+03  -7.0123192e+01  -7.0095641e+01
   2.3778830e+03  -7.0127570e+01  -7.0118044e+01
   2.4040992e+03  -7.0138373e+01  -7.0127190e+01
   2.4306044e+03  -7.0156299e+01  -7.0116783e+01
   2.4574019e+03  -7.0155944e+01  -7.0141957e+01
   2.4844948e+03  -7.0152419e+01  -7.0142879e+01
   2.5118864e+03  -7.0154806e+01  -7.0149760e+01
   2.5395800e+03  -7.0150293e+01  -7.0148881e+01
   2.5675790e+03  -7.0152291e+01  -7.0142399e+01
   2.5958866e+03  -7.0144215e+01  -7.0137941e+01
   2.6245063e+03  -7.0139001e+01  -7.0126731e+01
   2.6534415e+03  -7.0136403e+01  -7.0110256e+01
   2.6826958e+03  -7.0123595e+01  -7.0110568e+01
   2.7122726e+03  -7.0110903e+01  -7.0103268e+01
   2.7421754e+03  -7.0120268e+01  -7.0108963e+01
   2.7724080e+03  -7.0101204e+01  -7.0090580e+01
   2.8029739e+03  -7.0085657e+01  -7.0071752e+01
   2.8338767e+03  -7.0074167e+01  -7.0057176e+01
   2.8651203e+03  -7.0063485e+01  -7.0051631e+01
   2.8967083e+03  -7.0067402e+01  -7.0048104e+01
   2.9286446e+03  -7.0063014e+01  -7.0047404e+01
   2.9609329e+03  -7.0080763e+01  -7.0040230e+01
   2.9935773e+03  -7.0088684e+01  -7.0048754e+01
   3.0265816e+03  -7.0090814e+01  -7.0049906e+01
   3.0599497e+03  -7.0122775e+01  -7.0058394e+01
   3.0936857e+03  -7.0147927e+01  -7.0113876e+01
   3.1277937e+03  -7.0217046e+01  -7.0142317e+01
   3.1622777e+03  -7.0277046e+01  -7.0207598e+01
   3.1971418e+03  -7.0358025e+01  -7.0274503e+01
   3.2323904e+03  -7.0462026e+01  -7.0371515e+01
   3.2680276e+03  -7.0589309e+01  -7.0497878e+01
   3.3040577e+03  -7.0768141e+01  -7.0638488e+01
   3.3404850e+03  -7.0935328e+01  -7.0786751e+01
   3.3773139e+03  -7.1143657e+01  -7.0982346e+01
   3.4145489e+03  -7.1337717e+01  -7.1201611e+01
   3.4521944e+03  -7.1595940e+01  -7.1439126e+01
   3.4902549e+03  -7.1872450e+01  -7.1693067e+01
   3.5287350e+03  -7.2164381e+01  -7.2000222e+01
   3.5676394e+03  -7.2506720e+01  -7.2318910e+01
   3.6069727e+03  -7.2837097e+01  -7.2637623e+01
   3.6467397e+03  -7.3199507e+01  -7.3005456e+01
   3.6869451e+03  -7.3577631e+01  -7.3364303e+01
   3.7275937e+03  -7.3926783e+01  -7.3754819e+01
   3.7686905e+03  -7.4360226e+01  -7.4129388e+01
   3.8102404e+03  -7.4745451e+01  -7.4547611e+01
   3.8522484e+03  -7.5140114e+01  -7.4928127e+01
   3.8947195e+03  -7.5517933e+01  -7.5341998e+01
   3.9376589e+03  -7.5890007e+01  -7.5760523e+01
   3.9810717e+03  -7.6300529e+01  -7.6147003e+01
   4.0249631e+03  -7.6667530e+01  -7.6532892e+01
   4.0693384e+03  -7.7029624e+01  -7.6902757e+01
   4.1142030e+03  -7.7354761e+01  -7.7272380e+01
   4.1595622e+03  -7.7675425e+01  -7.7620417e+01
   4.2054214e+03  -7.8006976e+01  -7.7941125e+01
   4.2517863e+03  -7.8305682e+01  -7.8247987e+01
   4.2986623e+03  -7.8580657e+01  -7.8554549e+01
   4.3460552e+03  -7.8835730e+01  -7.8809821e+01
   4.3939706e+03  -7.9063665e+01  -7.9048035e+01
   4.4424142e+03  -7.9286511e+01  -7.9315780e+01
   4.4913919e+03  -7.9486384e+01  -7.9474667e+01
   4.5409096e+03  -7.9634880e+01  -7.9704579e+01
   4.5909732e+03  -7.9784502e+01  -7.9862159e+01
   4.6415888e+03  -7.9938925e+01  -8.0008763e+01
   4.6927625e+03  -8.0048248e+01  -8.0120443e+01
   4.7445003e+03  -8.0136573e+01  -8.0251433e+01
   4.7968085e+03  -8.0238955e+01  -8.0319883e+01
   4.8496934e+03  -8.0348427e+01  -8.0421572e+01
   4.9031614e+03  -8.0376143e+01  -8.0525983e+01
   4.9572189e+03  -8.0427902e+01  -8.0560489e+01
   5.0118723e+03  -8.0485649e+01  -8.0613311e+01
   5.0671283e+03  -8.0547957e+01  -8.0634689e+01
   5.1229936e+03  -8.0533492e+01  -8.0660591e+01
   5.1794747e+03  -8.0585360e+01  -8.0695267e+01
   5.2365785e+03  -8.0570984e+01  -8.0724305e+01
   5.2943119e+03  -8.0617191e+01  -8.0725755e+01
   5.3526818e+03  -8.0584161e+01  -8.0706632e+01
   5.4116953e+03  -8.0595321e+01  -8.0715619e+01
   5.4713593e+03  -8.0586459e+01  -8.0696843e+01
   5.5316812e+03  -8.0564367e+01  -8.0694661e+01
   5.5926681e+03  -8.0544797e+01  -8.0683402e+01
   5.6543274e+03  -8.0548887e+01  -8.0668218e+01
   5.7166665e+03  -8.0504998e+01  -8.0614789e+01
   5.7796929e+03  -8.0455187e+01  -8.0581304e+01
   5.8434141e+03  -8.0443340e+01  -8.0582492e+01
   5.9078379e+03  -8.0401394e+01  -8.0524571e+01
   5.9729720e+03  -8.0370104e+01  -8.0491807e+01
   6.0388241e+03  -8.0334986e+01  -8.0479973e+01
   6.1054023e+03  -8.0281432e+01  -8.0466606e+01
   6.1727145e+03  -8.0248453e+01  -8.0397065e+01
   6.2407688e+03  -8.0211457e+01  -8.0357877e+01
   6.3095734e+03  -8.0165355e+01  -8.0318130e+01
   6.3791366e+03  -8.0137433e+01  -8.0284608e+01
   6.4494668e+03  -8.0087779e+01  -8.0238154e+01
   6.5205723e+03  -8.0022464e+01  -8.0221837e+01
   6.5924618e+03  -7.9973187e+01  -8.0140640e+01
   6.6651438e+03  -7.9916043e+01  -8.0126654e+01
   6.7386272e+03  -7.9874363e+01  -8.0068768e+01
   6.8129207e+03  -7.9825672e+01  -8.0005617e+01
   6.8880333e+03  -7.9768527e+01  -7.9975012e+01
   6.9639740e+03  -7.9709842e+01  -7.9913356e+01
   7.0407520e+03  -7.9662369e+01  -7.9860094e+01
   7.1183765e+03  -7.9640131e+01  -7.9817307e+01
   7.1968567e+03  -7.9568256e+01  -7.9744700e+01
   7.2762022e+03  -7.9501286e+01  -7.9686205e+01
   7.3564225e+03  -7.9456321e+01  -7.9628276e+01
   7.4375273e+03  -7.9387495e+01  -7.9561014e+01
   7.5195262e+03  -7.9318786e+01  -7.9502707e+01
   7.6024291e+03  -7.9247433e+01  -7.9419901e+01
   7.6862461e+03  -7.9222658e+01  -7.9389562e+01
   7.7709871e+03  -7.9103606e+01  -7.9291254e+01
   7.8566625e+03  -7.9059212e+01  -7.9220001e+01
   7.9432823e+03  -7.8990124e+01  -7.9181912e+01
   8.0308572e+03  -7.8925814e+01  -7.9117712e+01
   8.1193976e+03  -7.8857192e+01  -7.9045445e+01
   8.2089142e+03  -7.8791454e+01  -7.8958990e+01
   8.2994176e+03  -7.8721968e+01  -7.8897445e+01
   8.3909189e+03  -7.8643066e+01  -7.8835778e+01
   8.4834290e+03  -7.8537759e+01  -7.8761981e+01
   8.5769590e+03  -7.8478443e+01  -7.8690417e+01
   8.6715202e+03  -7.8404603e+01  -7.8618366e+01
   8.7671239e+03  -7.8316427e+01  -7.8528683e+01
   8.8637816e+03  -7.8263065e+01  -7.8420501e+01
   8.9615050e+03  -7.8160995e+01  -7.8376769e+01
   9.0603058e+03  -7.8044596e+01  -7.8295914e+01
   9.1601959e+03  -7.7975209e+01  -7.8203835e+01
   9.2611873e+03  -7.7897922e+01  -7.8124074e+01
   9.3632921e+03  -7.7799316e+01  -7.8004945e+01
   9.4665226e+03  -7.7726473e+01  -7.7928066e+01
   9.5708912e+03  -7.7614513e+01  -7.7843081e+01
   9.6764105e+03  -7.7526260e+01  -7.7762131e+01
   9.7830932e+03  -7.7413968e+01  -7.7645410e+01
   9.8909520e+03  -7.7307918e+01  -7.7552878e+01
   1.0000000e+04  -7.7221664e+01  -7.7441355e+01
   1.0110250e+04  -7.7107462e+01  -7.7363351e+01
   1.0221716e+04  -7.7005689e+01  -7.7233221e+01
   1.0334411e+04  -7.6914492e+01  -7.7139055e+01
   1.0448348e+04  -7.6804682e+01  -7.7027634e+01
   1.0563541e+04  -7.6683161e+01  -7.6934415e+01
   1.0680004e+04  -7.6580292e+01  -7.6811193e+01
   1.0797752e+04  -7.6462513e+01  -7.6694075e+01
   1.0916797e+04  -7.6341486e+01  -7.6556120e+01
   1.1037155e+04  -7.6209521e+01  -7.6441575e+01
   1.1158840e+04  -7.6103249e+01  -7.6336115e+01
   1.1281866e+04  -7.5962488e+01  -7.6212978e+01
   1.1406249e+04  -7.5837570e+01  -7.6074598e+01
   1.1532003e+04  -7.5705915e+01  -7.5948534e+01
   1.1659144e+04  -7.5572792e+01  -7.5830294e+01
   1.1787686e+04  -7.5441165e+01  -7.5691347e+01
   1.1917646e+04  -7.5288694e+01  -7.5549959e+01
   1.2049038e+04  -7.5156562e+01  -7.5407852e+01
   1.2181879e+04  -7.5020207e+01  -7.5278614e+01
   1.2316185e+04  -7.4877785e+01  -7.5126538e+01
   1.2451971e+04  -7.4718627e+01  -7.4982709e+01
   1.2589254e+04  -7.4578999e+01  -7.4831425e+01
   1.2728051e+04  -7.4399537e+01  -7.4659136e+01
   1.2868378e+04  -7.4244118e+01  -7.4505434e+01
   1.3010252e+04  -7.4072671e+01  -7.4329930e+01
   1.3153691e+04  -7.3909192e+01  -7.4157153e+01
   1.3298710e+04  -7.3732809e+01  -7.3993821e+01
   1.3445329e+04  -7.3569026e+01  -7.3823235e+01
   1.3593564e+04  -7.3373851e+01  -7.3644736e+01
   1.3743433e+04  -7.3208417e+01  -7.3454892e+01
   1.3894955e+04  -7.3012775e+01  -7.3280289e+01
   1.4048147e+04  -7.2814954e+01  -7.3078168e+01
   1.4203028e+04  -7.2614750e+01  -7.2881710e+01
   1.4359617e+04  -7.2416427e+01  -7.2699723e+01
   1.4517932e+04  -7.2220754e+01  -7.2490819e+01
   1.4677993e+04  -7.2002233e+01  -7.2271330e+01
   1.4839818e+04  -7.1788912e+01  -7.2056617e+01
   1.5003427e+04  -7.1550471e+01  -7.1837127e+01
   1.5168840e+04  -7.1340108e+01  -7.1606365e+01
   1.5336077e+04  -7.1103164e+01  -7.1376193e+01
   1.5505158e+04  -7.0877721e+01  -7.1145090e+01
   1.5676103e+04  -7.0626774e+01  -7.0899553e+01
   1.5848932e+04  -7.0387412e+01  -7.0648076e+01
   1.6023667e+04  -7.0121810e+01  -7.0387752e+01
   1.6200328e+04  -6.9873507e+01  -7.0122348e+01
   1.6378937e+04  -6.9589381e+01  -6.9844600e+01
   1.6559515e+04  -6.9318621e+01  -6.9590395e+01
   1.6742084e+04  -6.9050485e+01  -6.9306244e+01
   1.6926666e+04  -6.8756659e+01  -6.9010571e+01
   1.7113283e+04  -6.8461224e+01  -6.8724552e+01
   1.7301957e+04  -6.8178412e+01  -6.8422204e+01
   1.7492712e+04  -6.7869761e+01  -6.8118059e+01
   1.7685569e+04  -6.7575843e+01  -6.7815351e+01
   1.7880553e+04  -6.7264815e+01  -6.7503940e+01
   1.8077687e+04  -6.6954101e+01  -6.7186022e+01
   1.8276994e+04  -6.6637564e+01  -6.6859870e+01
   1.8478498e+04  -6.6316598e+01  -6.6547553e+01
   1.8682224e+04  -6.6001882e+01  -6.6218555e+01
   1.8888196e+04  -6.5687490e+01  -6.5911827e+01
   1.9096439e+04  -6.5376874e+01  -6.5596131e+01
   1.9306977e+04  -6.5082402e+01  -6.5293756e+01
   1.9519837e+04  -6.4780735e+01  -6.5003826e+01
   1.9735044e+04  -6.4500868e+01  -6.4720536e+01
   1.9952623e+04  -6.4247889e+01  -6.4466393e+01
   2.0172601e+04  -6.3994315e+01  -6.4224657e+01
   2.0395005e+04  -6.3782877e+01  -6.4020452e+01
   2.0619860e+04  -6.3599456e+01  -6.3852364e+01
   2.0847195e+04  -6.3451726e+01  -6.3710606e+01
   2.1077035e+04  -6.3336939e+01  -6.3612976e+01
   2.1309410e+04  -6.3258397e+01  -6.3547445e+01
   2.1544347e+04  -6.3228421e+01  -6.3532146e+01
   2.1781874e+04  -6.3230314e+01  -6.3562655e+01
   2.2022019e+04  -6.3271877e+01  -6.3632280e+01
   2.2264813e+04  -6.3360419e+01  -6.3730211e+01
   2.2510283e+04  -6.3476219e+01  -6.3879141e+01
   2.2758459e+04  -6.3622480e+01  -6.4043643e+01
   2.3009372e+04  -6.3802621e+01  -6.4239910e+01
   2.3263051e+04  -6.4002051e+01  -6.4451407e+01
   2.3519526e+04  -6.4214042e+01  -6.4691655e+01
   2.3778830e+04  -6.4442157e+01  -6.4926349e+01
   2.4040992e+04  -6.4683986e+01  -6.5180160e+01
   2.4306044e+04  -6.4926884e+01  -6.5440636e+01
   2.4574019e+04  -6.5179821e+01  -6.5707168e+01
   2.4844948e+04  -6.5438228e+01  -6.5972383e+01
   2.5118864e+04  -6.5697881e+01  -6.6225485e+01
   2.5395800e+04  -6.5936628e+01  -6.6482707e+01
   2.5675790e+04  -6.6191169e+01  -6.6747402e+01
   2.5958866e+04  -6.6431265e+01  -6.6983224e+01
   2.6245063e+04  -6.6672470e+01  -6.7235276e+01
   2.6534415e+04  -6.6905806e+01  -6.7473360e+01
   2.6826958e+04  -6.7124919e+01  -6.7698137e+01
   2.7122726e+04  -6.7346061e+01  -6.7929755e+01
   2.7421754e+04  -6.7564658e+01  -6.8135554e+01
   2.7724080e+04  -6.7775027e+01  -6.8368675e+01
   2.8029739e+04  -6.7976259e+01  -6.8545018e+01
   2.8338767e+04  -6.8156914e+01  -6.8746952e+01
   2.8651203e+04  -6.8350419e+01  -6.8934531e+01
   2.8967083e+04  -6.8524055e+01  -6.9097474e+01
   2.9286446e+04  -6.8691916e+01  -6.9278272e+01
   2.9609329e+04  -6.8848528e+01  -6.9441659e+01
   2.9935773e+04  -6.9021587e+01  -6.9590117e+01
   3.0265816e+04  -6.9138282e+01  -6.9745274e+01
   3.0599497e+04  -6.9277041e+01  -6.9873704e+01
   3.0936857e+04  -6.9424416e+01  -7.0000365e+01
   3.1277937e+04  -6.9520256e+01  -7.0113953e+01
   3.1622777e+04  -6.9629735e+01  -7.0235304e+01
   3.1971418e+04  -6.9751546e+01  -7.0349773e+01
   3.2323904e+04  -6.9837989e+01  -7.0426894e+01
   3.2680276e+04  -6.9934223e+01  -7.0531067e+01
   3.3040577e+04  -7.0012244e+01  -7.0628761e+01
   3.3404850e+04  -7.0070456e+01  -7.0697996e+01
   3.3773139e+04  -7.0138730e+01  -7.0765998e+01
   3.4145489e+04  -7.0193352e+01  -7.0801414e+01
   3.4521944e+04  -7.0270998e+01  -7.0852669e+01
   3.4902549e+04  -7.0298071e+01  -7.0895290e+01
   3.5287350e+04  -7.0332129e+01  -7.0938822e+01
   3.5676394e+04  -7.0335188e+01  -7.0974298e+01
   3.6069727e+04  -7.0373720e+01  -7.1002797e+01
   3.6467397e+04  -7.0375448e+01  -7.1008113e+01
   3.6869451e+04  -7.0373959e+01  -7.0970588e+01
   3.7275937e+04  -7.0356077e+01  -7.0961648e+01
   3.7686905e+04  -7.0333648e+01  -7.0970424e+01
   3.8102404e+04  -7.0307084e+01  -7.0930029e+01
   3.8522484e+04  -7.0279057e+01  -7.0882509e+01
   3.8947195e+04  -7.0248874e+01  -7.0826515e+01
   3.9376589e+04  -7.0168023e+01  -7.0786685e+01
   3.9810717e+04  -7.0101457e+01  -7.0700302e+01
   4.0249631e+04  -7.0019995e+01  -7.0635241e+01
   4.0693384e+04  -6.9928611e+01  -7.0523669e+01
   4.1142030e+04  -6.9839884e+01  -7.0438995e+01
   4.1595622e+04  -6.9735110e+01  -7.0301903e+01
   4.2054214e+04  -6.9595628e+01  -7.0204592e+01
   4.2517863e+04  -6.9451037e+01  -7.0058794e+01
   4.2986623e+04  -6.9325161e+01  -6.9896301e+01
   4.3460552e+04  -6.9163226e+01  -6.9742391e+01
   4.3939706e+04  -6.8982171e+01  -6.9562983e+01
   4.4424142e+04  -6.8803890e+01  -6.9348081e+01
   4.4913919e+04  -6.8595457e+01  -6.9161197e+01
   4.5409096e+04  -6.8355672e+01  -6.8916891e+01
   4.5909732e+04  -6.8141706e+01  -6.8678849e+01
   4.6415888e+04  -6.7906724e+01  -6.8434397e+01
   4.6927625e+04  -6.7660381e+01  -6.8162341e+01
   4.7445003e+04  -6.7382800e+01  -6.7850364e+01
   4.7968085e+04  -6.7077224e+01  -6.7586731e+01
   4.8496934e+04  -6.6777384e+01  -6.7261700e+01
   4.9031614e+04  -6.6458190e+01  -6.6939915e+01
   4.9572189e+04  -6.6126303e+01  -6.6591754e+01
   5.0118723e+04  -6.5761626e+01  -6.6219263e+01
   5.0671283e+04  -6.5417122e+01  -6.5868674e+01
   5.1229936e+04  -6.5066091e+01  -6.5522201e+01
   5.1794747e+04  -6.4688863e+01  -6.5151851e+01
   5.2365785e+04  -6.4316727e+01  -6.4802058e+01
   5.2943119e+04  -6.3972358e+01  -6.4451135e+01
   5.3526818e+04  -6.3658919e+01  -6.4147564e+01
   5.4116953e+04  -6.3347393e+01  -6.3869423e+01
   5.4713593e+04  -6.3083386e+01  -6.3655743e+01
   5.5316812e+04  -6.2890530e+01  -6.3478091e+01
   5.5926681e+04  -6.2747166e+01  -6.3384308e+01
   5.6543274e+04  -6.2671949e+01  -6.3353953e+01
   5.7166665e+04  -6.2662521e+01  -6.3402820e+01
   5.7796929e+04  -6.2721615e+01  -6.3505644e+01
   5.8434141e+04  -6.2833707e+01  -6.3672253e+01
   5.9078379e+04  -6.3048810e+01  -6.3923026e+01
   5.9729720e+04  -6.3292810e+01  -6.4174448e+01
   6.0388241e+04  -6.3556771e+01  -6.4503500e+01
   6.1054023e+04  -6.3885140e+01  -6.4810860e+01
   6.1727145e+04  -6.4206537e+01  -6.5156916e+01
   6.2407688e+04  -6.4542144e+01  -6.5493719e+01
   6.3095734e+04  -6.4873967e+01  -6.5837642e+01
   6.3791366e+04  -6.5199036e+01  -6.6156328e+01
   6.4494668e+04  -6.5546300e+01  -6.6476619e+01
   6.5205723e+04  -6.5825648e+01  -6.6768957e+01
   6.5924618e+04  -6.6134777e+01  -6.7058596e+01
   6.6651438e+04  -6.6409543e+01  -6.7318387e+01
   6.7386272e+04  -6.6647048e+01  -6.7567983e+01
   6.8129207e+04  -6.6892544e+01  -6.7756667e+01
   6.8880333e+04  -6.7089484e+01  -6.7940743e+01
   6.9639740e+04  -6.7303676e+01  -6.8084757e+01
   7.0407520e+04  -6.7435919e+01  -6.8234882e+01
   7.1183765e+04  -6.7589029e+01  -6.8352148e+01
   7.1968567e+04  -6.7690492e+01  -6.8433817e+01
   7.2762022e+04  -6.7744709e+01  -6.8496287e+01
   7.3564225e+04  -6.7841443e+01  -6.8531574e+01
   7.4375273e+04  -6.7866465e+01  -6.8533705e+01
   7.5195262e+04  -6.7853452e+01  -6.8507909e+01
   7.6024291e+04  -6.7855943e+01  -6.8454606e+01
   7.6862461e+04  -6.7818803e+01  -6.8391915e+01
   7.7709871e+04  -6.7764572e+01  -6.8283616e+01
   7.8566625e+04  -6.7692200e+01  -6.8161638e+01
   7.9432823e+04  -6.7564496e+01  -6.8004658e+01
   8.0308572e+04  -6.7413630e+01  -6.7837481e+01
   8.1193976e+04  -6.7256805e+01  -6.7646551e+01
   8.2089142e+04  -6.7063986e+01  -6.7423209e+01
   8.2994176e+04  -6.6861386e+01  -6.7187114e+01
   8.3909189e+04  -6.6644016e+01  -6.6924290e+01
   8.4834290e+04  -6.6409859e+01  -6.6646902e+01
   8.5769590e+04  -6.6153256e+01  -6.6349581e+01
   8.6715202e+04  -6.5877828e+01  -6.6056343e+01
   8.7671239e+04  -6.5620566e+01  -6.5757037e+01
   8.8637816e+04  -6.5385320e+01  -6.5444557e+01
   8.9615050e+04  -6.5115699e+01  -6.5175547e+01
   9.0603058e+04  -6.4891139e+01  -6.4916353e+01
   9.1601959e+04  -6.4680772e+01  -6.4678600e+01
   9.2611873e+04  -6.4528854e+01  -6.4513293e+01
   9.3632921e+04  -6.4421082e+01  -6.4375597e+01
   9.4665226e+04  -6.4388902e+01  -6.4318672e+01
   9.5708912e+04  -6.4400500e+01  -6.4318889e+01
   9.6764105e+04  -6.4489845e+01  -6.4405854e+01
   9.7830932e+04  -6.4628395e+01  -6.4527865e+01
   9.8909520e+04  -6.4815919e+01  -6.4725114e+01
   1.0000000e+05  -6.5063394e+01  -6.4929106e+01
   1.0110250e+05  -6.5335042e+01  -6.5215819e+01
   1.0221716e+05  -6.5651650e+01  -6.5498071e+01
   1.0334411e+05  -6.5976154e+01  -6.5795053e+01
   1.0448348e+05  -6.6259125e+01  -6.6094355e+01
   1.0563541e+05  -6.6603986e+01  -6.6394437e+01
   1.0680004e+05  -6.6898595e+01  -6.6652558e+01
   1.0797752e+05  -6.7187497e+01  -6.6949575e+01
   1.0916797e+05  -6.7484196e+01  -6.7191322e+01
   1.1037155e+05  -6.7732979e+01  -6.7416527e+01
   1.1158840e+05  -6.7936242e+01  -6.7643963e+01
   1.1281866e+05  -6.8191130e+01  -6.7825811e+01
   1.1406249e+05  -6.8400809e+01  -6.7998432e+01
   1.1532003e+05  -6.8543162e+01  -6.8126987e+01
   1.1659144e+05  -6.8691379e+01  -6.8244864e+01
   1.1787686e+05  -6.8794917e+01  -6.8316762e+01
   1.1917646e+05  -6.8873640e+01  -6.8373666e+01
   1.2049038e+05  -6.8934516e+01  -6.8403165e+01
   1.2181879e+05  -6.8962818e+01  -6.8385162e+01
   1.2316185e+05  -6.8951398e+01  -6.8347187e+01
   1.2451971e+05  -6.8880127e+01  -6.8266816e+01
   1.2589254e+05  -6.8825534e+01  -6.8155984e+01
   1.2728051e+05  -6.8700188e+01  -6.8025799e+01
   1.2868378e+05  -6.8548673e+01  -6.7862431e+01
   1.3010252e+05  -6.8367902e+01  -6.7631389e+01
   1.3153691e+05  -6.8129717e+01  -6.7411927e+01
   1.3298710e+05  -6.7868298e+01  -6.7137306e+01
   1.3445329e+05  -6.7569233e+01  -6.6844870e+01
   1.3593564e+05  -6.7270606e+01  -6.6557056e+01
   1.3743433e+05  -6.6949908e+01  -6.6290327e+01
   1.3894955e+05  -6.6693758e+01  -6.6025750e+01
   1.4048147e+05  -6.6475090e+01  -6.5883309e+01
   1.4203028e+05  -6.6306378e+01  -6.5795325e+01
   1.4359617e+05  -6.6253431e+01  -6.5795444e+01
   1.4517932e+05  -6.6314908e+01  -6.5903273e+01
   1.4677993e+05  -6.6445769e+01  -6.6102626e+01
   1.4839818e+05  -6.6665216e+01  -6.6394223e+01
   1.5003427e+05  -6.6958401e+01  -6.6717076e+01
   1.5168840e+05  -6.7264125e+01  -6.7074107e+01
   1.5336077e+05  -6.7623539e+01  -6.7445799e+01
   1.5505158e+05  -6.7932052e+01  -6.7799988e+01
   1.5676103e+05  -6.8244921e+01  -6.8129157e+01
   1.5848932e+05  -6.8487191e+01  -6.8414875e+01
   1.6023667e+05  -6.8680094e+01  -6.8636478e+01
   1.6200328e+05  -6.8783518e+01  -6.8786745e+01
   1.6378937e+05  -6.8844866e+01  -6.8881821e+01
   1.6559515e+05  -6.8859032e+01  -6.8907006e+01
   1.6742084e+05  -6.8782390e+01  -6.8877889e+01
   1.6926666e+05  -6.8686930e+01  -6.8811857e+01
   1.7113283e+05  -6.8561299e+01  -6.8725627e+01
   1.7301957e+05  -6.8447347e+01  -6.8640278e+01
   1.7492712e+05  -6.8353883e+01  -6.8601304e+01
   1.7685569e+05  -6.8332569e+01  -6.8599785e+01
   1.7880553e+05  -6.8385176e+01  -6.8708576e+01
   1.8077687e+05  -6.8504636e+01  -6.8877109e+01
   1.8276994e+05  -6.8698271e+01  -6.9102173e+01
   1.8478498e+05  -6.8984448e+01  -6.9399681e+01
   1.8682224e+05  -6.9268933e+01  -6.9725615e+01
   1.8888196e+05  -6.9603943e+01  -7.0072959e+01
   1.9096439e+05  -6.9931592e+01  -7.0417838e+01
   1.9306977e+05  -7.0231630e+01  -7.0770849e+01
   1.9519837e+05  -7.0549231e+01  -7.1075088e+01
   1.9735044e+05  -7.0820064e+01  -7.1337059e+01
   1.9952623e+05  -7.1056752e+01  -7.1598045e+01
   2.0172601e+05  -7.1237652e+01  -7.1806009e+01
   2.0395005e+05  -7.1386073e+01  -7.1933876e+01
   2.0619860e+05  -7.1474088e+01  -7.2022780e+01
   2.0847195e+05  -7.1506315e+01  -7.2067322e+01
   2.1077035e+05  -7.1456516e+01  -7.2024946e+01
   2.1309410e+05  -7.1345758e+01  -7.1936605e+01
   2.1544347e+05  -7.1128343e+01  -7.1716234e+01
   2.1781874e+05  -7.0800204e+01  -7.1394635e+01
   2.2022019e+05  -7.0340805e+01  -7.0933436e+01
   2.2264813e+05  -6.9807737e+01  -7.0383297e+01
   2.2510283e+05  -6.9181184e+01  -6.9793079e+01
   2.2758459e+05  -6.8584189e+01  -6.9228551e+01
   2.3009372e+05  -6.8118940e+01  -6.8809825e+01
   2.3263051e+05  -6.7821478e+01  -6.8609223e+01
   2.3519526e+05  -6.7817389e+01  -6.8662156e+01
   2.3778830e+05  -6.8076960e+01  -6.8998827e+01
   2.4040992e+05  -6.8555432e+01  -6.9613438e+01
   2.4306044e+05  -6.9195965e+01  -7.0301863e+01
   2.4574019e+05  -6.9940015e+01  -7.1060536e+01
   2.4844948e+05  -7.0642740e+01  -7.1732355e+01
   2.5118864e+05  -7.1257199e+01  -7.2204991e+01
   2.5395800e+05  -7.1657678e+01  -7.2406744e+01
   2.5675790e+05  -7.1835158e+01  -7.2315034e+01
   2.5958866e+05  -7.1830271e+01  -7.2051548e+01
   2.6245063e+05  -7.1749769e+01  -7.1705711e+01
   2.6534415e+05  -7.1673674e+01  -7.1428995e+01
   2.6826958e+05  -7.1666683e+01  -7.1265420e+01
   2.7122726e+05  -7.1772717e+01  -7.1287857e+01
   2.7421754e+05  -7.1961200e+01  -7.1391618e+01
   2.7724080e+05  -7.2213245e+01  -7.1566625e+01
   2.8029739e+05  -7.2470185e+01  -7.1747075e+01
   2.8338767e+05  -7.2712224e+01  -7.1953975e+01
   2.8651203e+05  -7.2921242e+01  -7.2110044e+01
   2.8967083e+05  -7.3087473e+01  -7.2242189e+01
   2.9286446e+05  -7.3215893e+01  -7.2307351e+01
   2.9609329e+05  -7.3252657e+01  -7.2335864e+01
   2.9935773e+05  -7.3235564e+01  -7.2234870e+01
   3.0265816e+05  -7.3109034e+01  -7.2061788e+01
   3.0599497e+05  -7.2806379e+01  -7.1757600e+01
   3.0936857e+05  -7.2374873e+01  -7.1271421e+01
   3.1277937e+05  -7.1708910e+01  -7.0625559e+01
   3.1622777e+05  -7.0871057e+01  -6.9802806e+01
   3.1971418e+05  -6.9963813e+01  -6.8966560e+01
   3.2323904e+05  -6.9265075e+01  -6.8348644e+01
   3.2680276e+05  -6.8935996e+01  -6.8087736e+01
   3.3040577e+05  -6.9146643e+01  -6.8388470e+01
   3.3404850e+05  -6.9834532e+01  -6.9138106e+01
   3.3773139e+05  -7.0871653e+01  -7.0182616e+01
   3.4145489e+05  -7.1914648e+01  -7.1279707e+01
   3.4521944e+05  -7.2635434e+01  -7.2084835e+01
   3.4902549e+05  -7.2759001e+01  -7.2302971e+01
   3.5287350e+05  -7.2367468e+01  -7.2097903e+01
   3.5676394e+05  -7.1869301e+01  -7.1727759e+01
   3.6069727e+05  -7.1566453e+01  -7.1520504e+01
   3.6467397e+05  -7.1473986e+01  -7.1441241e+01
   3.6869451e+05  -7.1478561e+01  -7.1487924e+01
   3.7275937e+05  -7.1541714e+01  -7.1602917e+01
   3.7686905e+05  -7.1632651e+01  -7.1663545e+01
   3.8102404e+05  -7.1626542e+01  -7.1672492e+01
   3.8522484e+05  -7.1538057e+01  -7.1612328e+01
   3.8947195e+05  -7.1364107e+01  -7.1380938e+01
   3.9376589e+05  -7.0996015e+01  -7.0983456e+01
   3.9810717e+05  -7.0441066e+01  -7.0441433e+01
   4.0249631e+05  -6.9766397e+01  -6.9876786e+01
   4.0693384e+05  -6.9291530e+01  -6.9687551e+01
   4.1142030e+05  -6.9380024e+01  -7.0103443e+01
   4.1595622e+05  -7.0262080e+01  -7.1375922e+01
   4.2054214e+05  -7.1925043e+01  -7.3391290e+01
   4.2517863e+05  -7.4072273e+01  -7.5254582e+01
   4.2986623e+05  -7.5630219e+01  -7.5638613e+01
   4.3460552e+05  -7.5517350e+01  -7.4448938e+01
   4.3939706e+05  -7.4463763e+01  -7.3101648e+01
   4.4424142e+05  -7.3578792e+01  -7.2287932e+01
   4.4913919e+05  -7.3180865e+01  -7.1896228e+01
   4.5409096e+05  -7.2991075e+01  -7.1733833e+01
   4.5909732e+05  -7.2869365e+01  -7.1664379e+01
   4.6415888e+05  -7.2799873e+01  -7.1509384e+01
   4.6927625e+05  -7.2634314e+01  -7.1309281e+01
   4.7445003e+05  -7.2331453e+01  -7.0969845e+01
   4.7968085e+05  -7.1833313e+01  -7.0557989e+01
   4.8496934e+05  -7.1369593e+01  -7.0196773e+01
   4.9031614e+05  -7.1393678e+01  -7.0414091e+01
   4.9572189e+05  -7.2683888e+01  -7.1926781e+01
   5.0118723e+05  -7.6204510e+01  -7.5521802e+01
   5.0671283e+05  -8.3623119e+01  -8.2188332e+01
   5.1229936e+05  -8.3696892e+01  -8.2835207e+01
   5.1794747e+05  -7.8114835e+01  -7.7959933e+01
   5.2365785e+05  -7.5834639e+01  -7.5845213e+01
   5.2943119e+05  -7.4954951e+01  -7.4947129e+01
   5.3526818e+05  -7.4610466e+01  -7.4651781e+01
   5.4116953e+05  -7.4470647e+01  -7.4545681e+01
   5.4713593e+05  -7.4427831e+01  -7.4518982e+01
   5.5316812e+05  -7.4361536e+01  -7.4429381e+01
   5.5926681e+05  -7.4190468e+01  -7.4377696e+01
   5.6543274e+05  -7.4002779e+01  -7.4277102e+01
   5.7166665e+05  -7.3691896e+01  -7.4072532e+01
   5.7796929e+05  -7.3175111e+01  -7.3573493e+01
   5.8434141e+05  -7.2671922e+01  -7.3134435e+01
   5.9078379e+05  -7.3032223e+01  -7.3960095e+01
   5.9729720e+05  -7.6074211e+01  -7.8255955e+01
   6.0388241e+05  -8.6458080e+01  -9.8050137e+01
   6.1054023e+05  -8.2784085e+01  -7.8853775e+01
   6.1727145e+05  -7.6789160e+01  -7.4628705e+01
   6.2407688e+05  -7.4950902e+01  -7.3316122e+01
   6.3095734e+05  -7.4385643e+01  -7.2881829e+01
   6.3791366e+05  -7.4217673e+01  -7.2774461e+01
   6.4494668e+05  -7.4033317e+01  -7.2661535e+01
   6.5205723e+05  -7.3936046e+01  -7.2509623e+01
   6.5924618e+05  -7.3801334e+01  -7.2305368e+01
   6.6651438e+05  -7.3546027e+01  -7.2066584e+01
   6.7386272e+05  -7.3204349e+01  -7.1870234e+01
   6.8129207e+05  -7.2833664e+01  -7.2043749e+01
   6.8880333e+05  -7.3261384e+01  -7.3457175e+01
   6.9639740e+05  -7.7592054e+01  -7.8817337e+01
   7.0407520e+05  -8.4530448e+01  -7.9162356e+01
   7.1183765e+05  -7.3349583e+01  -7.1919928e+01
   7.1968567e+05  -7.0478122e+01  -6.9686347e+01
   7.2762022e+05  -6.9759501e+01  -6.9134693e+01
   7.3564225e+05  -6.9613172e+01  -6.9126115e+01
   7.4375273e+05  -6.9546265e+01  -6.9395021e+01
   7.5195262e+05  -6.9588449e+01  -7.0452703e+01
   7.6024291e+05  -7.0223734e+01  -7.3322597e+01
   7.6862461e+05  -7.2964104e+01  -8.0577664e+01
   7.7709871e+05  -8.2573197e+01  -8.6359418e+01
   7.8566625e+05  -7.9903983e+01  -7.5311427e+01
   7.9432823e+05  -7.4209936e+01  -7.2402486e+01
   8.0308572e+05  -7.2693365e+01  -7.1549061e+01
   8.1193976e+05  -7.2226146e+01  -7.1260834e+01
   8.2089142e+05  -7.2035449e+01  -7.1053809e+01
   8.2994176e+05  -7.1854217e+01  -7.0989231e+01
   8.3909189e+05  -7.2101060e+01  -7.1997291e+01
   8.4834290e+05  -7.5710266e+01  -7.7369108e+01
   8.5769590e+05  -8.3030395e+01  -8.0982881e+01
   8.6715202e+05  -7.3761808e+01  -7.3391651e+01
   8.7671239e+05  -7.2165910e+01  -7.2200066e+01
   8.8637816e+05  -7.2074453e+01  -7.2203286e+01
   8.9615050e+05  -7.2196996e+01  -7.2362719e+01
   9.0603058e+05  -7.2265916e+01  -7.2438419e+01
   9.1601959e+05  -7.2209351e+01  -7.2419362e+01
   9.2611873e+05  -7.2064951e+01  -7.2373417e+01
   9.3632921e+05  -7.1945217e+01  -7.2668260e+01
   9.4665226e+05  -7.2733785e+01  -7.4883998e+01
   9.5708912e+05  -7.8557248e+01  -8.2411969e+01
   9.6764105e+05  -7.7994212e+01  -7.5931467e+01
   9.7830932e+05  -7.4852573e+01  -7.3588746e+01
   9.8909520e+05  -7.4018542e+01  -7.3064981e+01
   1.0000000e+06  -7.3476597e+01  -7.2596248e+01
   1.0063794e+06  -7.3179622e+01  -7.2261838e+01
   1.0127995e+06  -7.2861011e+01  -7.1898776e+01
   1.0192606e+06  -7.2531313e+01  -7.1511393e+01
   1.0257629e+06  -7.2250457e+01  -7.1184568e+01
   1.0323066e+06  -7.2032867e+01  -7.0991440e+01
   1.0388921e+06  -7.2015691e+01  -7.1108236e+01
   1.0455197e+06  -7.2372667e+01  -7.1795188e+01
   1.0521895e+06  -7.3409722e+01  -7.3447733e+01
   1.0589018e+06  -7.5779640e+01  -7.5972025e+01
   1.0656570e+06  -7.8408463e+01  -7.5720820e+01
   1.0724552e+06  -7.3967474e+01  -7.1439529e+01
   1.0792969e+06  -7.0178742e+01  -6.8764243e+01
   1.0861821e+06  -6.9587468e+01  -6.8788692e+01
   1.0931113e+06  -7.1517514e+01  -7.1326365e+01
   1.1000848e+06  -7.5875685e+01  -7.6300578e+01
   1.1071026e+06  -8.0583201e+01  -7.4603453e+01
   1.1141653e+06  -7.5070427e+01  -6.9660866e+01
   1.1212730e+06  -7.0541759e+01  -6.7038930e+01
   1.1284261e+06  -6.8084736e+01  -6.5718821e+01
   1.1356248e+06  -6.6870327e+01  -6.5120021e+01
   1.1428694e+06  -6.6356568e+01  -6.4922980e+01
   1.1501602e+06  -6.6253215e+01  -6.4937105e+01
   1.1574976e+06  -6.6336451e+01  -6.4996889e+01
   1.1648817e+06  -6.6406067e+01  -6.5003225e+01
   1.1723130e+06  -6.6397213e+01  -6.4986997e+01
   1.1797917e+06  -6.6376153e+01  -6.5051853e+01
   1.1873180e+06  -6.6485429e+01  -6.5382055e+01
   1.1948924e+06  -6.6871351e+01  -6.5876917e+01
   1.2025151e+06  -6.7403104e+01  -6.6161113e+01
   1.2101865e+06  -6.7635654e+01  -6.6196042e+01
   1.2179067e+06  -6.7662911e+01  -6.6308003e+01
   1.2256763e+06  -6.7704608e+01  -6.6432356e+01
   1.2334954e+06  -6.7684850e+01  -6.6406447e+01
   1.2413643e+06  -6.7620567e+01  -6.6302737e+01
   1.2492835e+06  -6.7531959e+01  -6.6189013e+01
   1.2572532e+06  -6.7440557e+01  -6.6083797e+01
   1.2652737e+06  -6.7354837e+01  -6.6016341e+01
   1.2733454e+06  -6.7331489e+01  -6.6007781e+01
   1.2814686e+06  -6.7353907e+01  -6.6079432e+01
   1.2896436e+06  -6.7486654e+01  -6.6224320e+01
   1.2978708e+06  -6.7602398e+01  -6.6243648e+01
   1.3061505e+06  -6.7214211e+01  -6.5737953e+01
   1.3144829e+06  -6.6312270e+01  -6.4720948e+01
   1.3228686e+06  -6.5719843e+01  -6.4064831e+01
   1.3313077e+06  -6.5524094e+01  -6.3877472e+01
   1.3398006e+06  -6.5459681e+01  -6.3826323e+01
   1.3483478e+06  -6.5407372e+01  -6.3768501e+01
   1.3569494e+06  -6.5323573e+01  -6.3695817e+01
   1.3656060e+06  -6.5213471e+01  -6.3607515e+01
   1.3743177e+06  -6.5135446e+01  -6.3610428e+01
   1.3830851e+06  -6.5215793e+01  -6.3959874e+01
   1.3919083e+06  -6.5709666e+01  -6.4789058e+01
   1.4007879e+06  -6.6513304e+01  -6.5560975e+01
   1.4097241e+06  -6.6629930e+01  -6.5599244e+01
   1.4187173e+06  -6.6135669e+01  -6.5204749e+01
   1.4277679e+06  -6.5811904e+01  -6.4972827e+01
   1.4368762e+06  -6.5679132e+01  -6.5013849e+01
   1.4460426e+06  -6.5721156e+01  -6.5488614e+01
   1.4552675e+06  -6.6165591e+01  -6.6484358e+01
   1.4645513e+06  -6.7172476e+01  -6.6905591e+01
   1.4738943e+06  -6.7568089e+01  -6.6200745e+01
   1.4832968e+06  -6.6696232e+01  -6.5343165e+01
   1.4927594e+06  -6.5921263e+01  -6.4811115e+01
   1.5022823e+06  -6.5514273e+01  -6.4514833e+01
   1.5118660e+06  -6.5294737e+01  -6.4349637e+01
   1.5215108e+06  -6.5270937e+01  -6.4403741e+01
   1.5312172e+06  -6.5751746e+01  -6.4985346e+01
   1.5409854e+06  -6.6910045e+01  -6.5898253e+01
   1.5508160e+06  -6.7496841e+01  -6.6330544e+01
   1.5607093e+06  -6.7161308e+01  -6.6217983e+01
   1.5706657e+06  -6.6857886e+01  -6.6021155e+01
   1.5806856e+06  -6.6676372e+01  -6.5843960e+01
   1.5907695e+06  -6.6532504e+01  -6.5680488e+01
   1.6009176e+06  -6.6413321e+01  -6.5545261e+01
   1.6111305e+06  -6.6313366e+01  -6.5439678e+01
   1.6214086e+06  -6.6267017e+01  -6.5402373e+01
   1.6317522e+06  -6.6381532e+01  -6.5515031e+01
   1.6421619e+06  -6.6572433e+01  -6.5635227e+01
   1.6526379e+06  -6.6225855e+01  -6.5094968e+01
   1.6631807e+06  -6.5496907e+01  -6.4161727e+01
   1.6737909e+06  -6.5112719e+01  -6.3674688e+01
   1.6844686e+06  -6.4958023e+01  -6.3493694e+01
   1.6952146e+06  -6.4826714e+01  -6.3363966e+01
   1.7060290e+06  -6.4701794e+01  -6.3241268e+01
   1.7169125e+06  -6.4604379e+01  -6.3217025e+01
   1.7278654e+06  -6.4710542e+01  -6.3543703e+01
   1.7388882e+06  -6.5235604e+01  -6.4331895e+01
   1.7499812e+06  -6.5805620e+01  -6.4838956e+01
   1.7611451e+06  -6.5518791e+01  -6.4468813e+01
   1.7723801e+06  -6.4784970e+01  -6.3786906e+01
   1.7836869e+06  -6.4528208e+01  -6.3914039e+01
   1.7950658e+06  -6.4874517e+01  -6.5010057e+01
   1.8065172e+06  -6.5793853e+01  -6.5891754e+01
   1.8180417e+06  -6.6189497e+01  -6.5447980e+01
   1.8296398e+06  -6.5521556e+01  -6.4500359e+01
   1.8413118e+06  -6.4860593e+01  -6.3811235e+01
   1.8530583e+06  -6.4503516e+01  -6.3423800e+01
   1.8648797e+06  -6.4392433e+01  -6.3351313e+01
   1.8767765e+06  -6.4750800e+01  -6.3844831e+01
   1.8887493e+06  -6.5482903e+01  -6.4577267e+01
   1.9007984e+06  -6.5718916e+01  -6.4821943e+01
   1.9129243e+06  -6.5464531e+01  -6.4724085e+01
   1.9251277e+06  -6.5220820e+01  -6.4557830e+01
   1.9374089e+06  -6.5084087e+01  -6.4374931e+01
   1.9497684e+06  -6.4940717e+01  -6.4187737e+01
   1.9622068e+06  -6.4830608e+01  -6.4047268e+01
   1.9747245e+06  -6.4786892e+01  -6.4069560e+01
   1.9873221e+06  -6.4839196e+01  -6.4265506e+01
   2.0000000e+06  -6.4771358e+01  -6.4102829e+01
