   1.4517932e+03  -1.7010855e+01  -1.6879899e+01
   1.4677993e+03  -1.6969212e+01  -1.6845196e+01
   1.4839818e+03  -1.6927110e+01  -1.6810111e+01
   1.5003427e+03  -1.6884544e+01  -1.6774639e+01
   1.5168840e+03  -1.6841508e+01  -1.6738776e+01
   1.5336077e+03  -1.6797998e+01  -1.6702518e+01
   1.5505158e+03  -1.6754009e+01  -1.6665860e+01
   1.5676103e+03  -1.6709534e+01  -1.6628798e+01
   1.5848932e+03  -1.6664569e+01  -1.6591327e+01
   1.6023667e+03  -1.6619108e+01  -1.6553443e+01
   1.6200328e+03  -1.6573146e+01  -1.6515142e+01
   1.6378937e+03  -1.7467684e+01  -1.7413395e+01
   1.6559515e+03  -1.7420703e+01  -1.7366414e+01
   1.6742084e+03  -1.7373204e+01  -1.7318915e+01
   1.6926666e+03  -1.7325181e+01  -1.7270893e+01
   1.7113283e+03  -1.7276629e+01  -1.7222341e+01
   1.7301957e+03  -1.7227542e+01  -1.7173253e+01
   1.7492712e+03  -1.7177913e+01  -1.7123625e+01
   1.7685569e+03  -1.7127738e+01  -1.7073449e+01
   1.7880553e+03  -1.7077009e+01  -1.7022720e+01
   1.8077687e+03  -1.7025721e+01  -1.6971432e+01
   1.8276994e+03  -1.7918815e+01  -1.7876854e+01
   1.8478498e+03  -1.7850763e+01  -1.7822413e+01
   1.8682224e+03  -1.7781961e+01  -1.7767371e+01
   1.8888196e+03  -1.7712400e+01  -1.7711722e+01
   1.9096439e+03  -1.7642072e+01  -1.7655460e+01
   1.9306977e+03  -1.7570969e+01  -1.7598577e+01
   1.9519837e+03  -1.7499082e+01  -1.7541068e+01
   1.9735044e+03  -1.8400535e+01  -1.7482924e+01
   1.9952623e+03  -1.8343927e+01  -1.8380506e+01
   2.0172601e+03  -1.8286696e+01  -1.8308967e+01
   2.0395005e+03  -1.8228833e+01  -1.8236638e+01
   2.0619860e+03  -1.8170332e+01  -1.8163513e+01
   2.0847195e+03  -1.8111187e+01  -1.8089581e+01
   2.1077035e+03  -1.8051389e+01  -1.8014834e+01
   2.1309410e+03  -1.7990932e+01  -1.7939263e+01
   2.1544347e+03  -1.8886963e+01  -1.8832675e+01
   2.1781874e+03  -1.8822789e+01  -1.8768501e+01
   2.2022019e+03  -1.8757908e+01  -1.8703619e+01
   2.2264813e+03  -1.8692311e+01  -1.8638022e+01
   2.2510283e+03  -1.8625991e+01  -1.8571702e+01
   2.2758459e+03  -1.8558939e+01  -1.8504650e+01
   2.3009372e+03  -1.8491149e+01  -1.8436860e+01
   2.3263051e+03  -1.9382763e+01  -1.9328474e+01
   2.3519526e+03  -1.9316036e+01  -1.9261747e+01
   2.3778830e+03  -1.9248573e+01  -1.9194284e+01
   2.4040992e+03  -1.9180366e+01  -1.9126078e+01
   2.4306044e+03  -1.9111408e+01  -1.9057119e+01
   2.4574019e+03  -1.9041689e+01  -1.8987400e+01
   2.4844948e+03  -1.8971201e+01  -1.8916913e+01
   2.5118864e+03  -1.9857515e+01  -1.9792940e+01
   2.5395800e+03  -1.9782694e+01  -1.9699413e+01
   2.5675790e+03  -1.9707047e+01  -1.9604855e+01
   2.5958866e+03  -1.9630567e+01  -1.9509254e+01
   2.6245063e+03  -1.9553243e+01  -1.9412600e+01
   2.6534415e+03  -1.9475067e+01  -2.0283372e+01
   2.6826958e+03  -2.0355651e+01  -2.0207262e+01
   2.7122726e+03  -2.0278701e+01  -2.0130312e+01
   2.7421754e+03  -2.0200903e+01  -2.0052514e+01
   2.7724080e+03  -2.0122247e+01  -1.9973858e+01
   2.8029739e+03  -2.0042724e+01  -1.9894335e+01
   2.8338767e+03  -1.9962324e+01  -2.0771867e+01
   2.8651203e+03  -2.0839463e+01  -2.0687454e+01
   2.8967083e+03  -2.0754119e+01  -2.0602111e+01
   2.9286446e+03  -2.0667835e+01  -2.0515826e+01
   2.9609329e+03  -2.0580600e+01  -2.0428591e+01
   2.9935773e+03  -2.0492402e+01  -2.0340394e+01
   3.0265816e+03  -2.0403233e+01  -2.1212684e+01
   3.0599497e+03  -2.1274260e+01  -2.1125870e+01
   3.0936857e+03  -2.1186489e+01  -2.1038099e+01
   3.1277937e+03  -2.1097750e+01  -2.0949361e+01
   3.1622777e+03  -2.1008033e+01  -2.0859644e+01
   3.1971418e+03  -2.0917327e+01  -2.1726712e+01
   3.2323904e+03  -2.1775143e+01  -2.1631479e+01
   3.2680276e+03  -2.1654789e+01  -2.1535196e+01
   3.3040577e+03  -2.1533108e+01  -2.1437851e+01
   3.3404850e+03  -2.1410086e+01  -2.1339433e+01
   3.3773139e+03  -2.2246386e+01  -2.2200293e+01
   3.4145489e+03  -2.2125293e+01  -2.2103419e+01
   3.4521944e+03  -2.2002865e+01  -2.2005477e+01
   3.4902549e+03  -2.1879088e+01  -2.1906455e+01
   3.5287350e+03  -2.2723696e+01  -2.1806342e+01
   3.5676394e+03  -2.2618586e+01  -2.2662017e+01
   3.6069727e+03  -2.2512317e+01  -2.2555748e+01
   3.6467397e+03  -2.2404876e+01  -2.2448307e+01
   3.6869451e+03  -2.2296250e+01  -2.2339682e+01
   3.7275937e+03  -2.3163626e+01  -2.3189080e+01
   3.7686905e+03  -2.3052592e+01  -2.3082159e+01
   3.8102404e+03  -2.2940334e+01  -2.2974059e+01
   3.8522484e+03  -2.2826839e+01  -2.2864767e+01
   3.8947195e+03  -2.3689291e+01  -2.2754270e+01
   3.9376589e+03  -2.3573279e+01  -2.3578071e+01
   3.9810717e+03  -2.3455988e+01  -2.3431458e+01
   4.0249631e+03  -2.3337404e+01  -2.3283228e+01
   4.0693384e+03  -2.4178357e+01  -2.4105972e+01
   4.1142030e+03  -2.4061633e+01  -2.3989248e+01
   4.1595622e+03  -2.3943623e+01  -2.3871237e+01
   4.2054214e+03  -2.3824311e+01  -2.3751926e+01
   4.2517863e+03  -2.4644690e+01  -2.4588497e+01
   4.2986623e+03  -2.4522732e+01  -2.4461850e+01
   4.3460552e+03  -2.4399430e+01  -2.4333805e+01
   4.3939706e+03  -2.4274769e+01  -2.4204350e+01
   4.4424142e+03  -2.5085499e+01  -2.5050665e+01
   4.4913919e+03  -2.4920092e+01  -2.4918339e+01
   4.5409096e+03  -2.4752860e+01  -2.4784554e+01
   4.5909732e+03  -2.5568236e+01  -2.4649294e+01
   4.6415888e+03  -2.5436550e+01  -2.5445705e+01
   4.6927625e+03  -2.5303411e+01  -2.5279282e+01
   4.7445003e+03  -2.6127371e+01  -2.6073082e+01
   4.7968085e+03  -2.5986046e+01  -2.5931757e+01
   4.8496934e+03  -2.5843164e+01  -2.5788875e+01
   4.9031614e+03  -2.5698706e+01  -2.5644417e+01
   4.9572189e+03  -2.6515485e+01  -2.6461196e+01
   5.0118723e+03  -2.6373293e+01  -2.6319004e+01
   5.0671283e+03  -2.6229534e+01  -2.6175245e+01
   5.1229936e+03  -2.7026097e+01  -2.6986784e+01
   5.1794747e+03  -2.6835349e+01  -2.6834186e+01
   5.2365785e+03  -2.6642498e+01  -2.6679905e+01
   5.2943119e+03  -2.7444479e+01  -2.7484291e+01
   5.3526818e+03  -2.7292618e+01  -2.7332430e+01
   5.4116953e+03  -2.7139083e+01  -2.7178895e+01
   5.4713593e+03  -2.7938453e+01  -2.7975907e+01
   5.5316812e+03  -2.7775478e+01  -2.7772188e+01
   5.5926681e+03  -2.7610706e+01  -2.7566223e+01
   5.6543274e+03  -2.8407936e+01  -2.8322986e+01
   5.7166665e+03  -2.8245749e+01  -2.8120252e+01
   5.7796929e+03  -2.8081774e+01  -2.8870904e+01
   5.8434141e+03  -2.8869551e+01  -2.8655704e+01
   5.9078379e+03  -2.8695493e+01  -2.9410897e+01
   5.9729720e+03  -2.9479029e+01  -2.9269682e+01
   6.0388241e+03  -2.9307701e+01  -2.9126909e+01
   6.1054023e+03  -2.9134485e+01  -2.8982562e+01
   6.1727145e+03  -2.9916161e+01  -2.9764152e+01
   6.2407688e+03  -2.9732294e+01  -2.9580285e+01
   6.3095734e+03  -2.9546400e+01  -3.0355013e+01
   6.3791366e+03  -3.0290828e+01  -3.0174031e+01
   6.4494668e+03  -3.0062106e+01  -2.9991053e+01
   6.5205723e+03  -3.0814913e+01  -3.0760624e+01
   6.5924618e+03  -3.0620685e+01  -3.0566396e+01
   6.6651438e+03  -3.1378433e+01  -3.1330035e+01
   6.7386272e+03  -3.1139456e+01  -3.1138854e+01
   6.8129207e+03  -3.1863639e+01  -3.0945565e+01
   6.8880333e+03  -3.1660702e+01  -3.1669617e+01
   6.9639740e+03  -3.1455529e+01  -3.1413149e+01
   7.0407520e+03  -3.2225291e+01  -3.2158825e+01
   7.1183765e+03  -3.2015569e+01  -3.1956870e+01
   7.1968567e+03  -3.2766079e+01  -3.2693694e+01
   7.2762022e+03  -3.2559646e+01  -3.2487261e+01
   7.3564225e+03  -3.3308726e+01  -3.3236341e+01
   7.4375273e+03  -3.3089600e+01  -3.3017215e+01
   7.5195262e+03  -3.2868059e+01  -3.2795674e+01
   7.6024291e+03  -3.3611011e+01  -3.3487705e+01
   7.6862461e+03  -3.3392945e+01  -3.4183818e+01
   7.7709871e+03  -3.4080392e+01  -3.3954867e+01
   7.8566625e+03  -3.4755581e+01  -3.4683196e+01
   7.9432823e+03  -3.4530223e+01  -3.4457838e+01
   8.0308572e+03  -3.5261447e+01  -3.5189062e+01
   8.1193976e+03  -3.5022232e+01  -3.4949847e+01
   8.2089142e+03  -3.4780379e+01  -3.4707994e+01
   8.2994176e+03  -3.5503775e+01  -3.5431390e+01
   8.3909189e+03  -3.5265717e+01  -3.5193332e+01
   8.4834290e+03  -3.5975007e+01  -3.5902622e+01
   8.5769590e+03  -3.6683505e+01  -3.6606871e+01
   8.6715202e+03  -3.6478489e+01  -3.6299347e+01
   8.7671239e+03  -3.6271212e+01  -3.6941355e+01
   8.8637816e+03  -3.6848609e+01  -3.7575102e+01
   8.9615050e+03  -3.7514635e+01  -3.7320856e+01
   9.0603058e+03  -3.7300427e+01  -3.8021200e+01
   9.1601959e+03  -3.8005515e+01  -3.7751321e+01
   9.2611873e+03  -3.7742766e+01  -3.8441282e+01
   9.3632921e+03  -3.8429531e+01  -3.8175636e+01
   9.4665226e+03  -3.8150627e+01  -3.8860001e+01
   9.5708912e+03  -3.8776221e+01  -3.8578021e+01
   9.6764105e+03  -3.9422141e+01  -3.9261106e+01
   9.7830932e+03  -3.9133910e+01  -3.9941003e+01
   9.8909520e+03  -3.9810426e+01  -3.9649595e+01
   1.0000000e+04  -4.0473123e+01  -4.0332172e+01
   1.0110250e+04  -4.0100785e+01  -4.0034302e+01
   1.0221716e+04  -4.0755886e+01  -4.0640841e+01
   1.0334411e+04  -4.1419264e+01  -4.1267255e+01
   1.0448348e+04  -4.1111433e+01  -4.0959424e+01
   1.0563541e+04  -4.1718833e+01  -4.1546919e+01
   1.0680004e+04  -4.2344547e+01  -4.2208825e+01
   1.0797752e+04  -4.2079443e+01  -4.1943721e+01
   1.0916797e+04  -4.2888679e+01  -4.2840596e+01
   1.1037155e+04  -4.2845666e+01  -4.2823391e+01
   1.1158840e+04  -4.3314312e+01  -4.3236285e+01
   1.1281866e+04  -4.3057840e+01  -4.2940829e+01
   1.1406249e+04  -4.3622986e+01  -4.4193965e+01
   1.1532003e+04  -4.4107598e+01  -4.3921320e+01
   1.1659144e+04  -4.3348382e+01  -4.3290332e+01
   1.1787686e+04  -4.2064637e+01  -4.2046541e+01
   1.1917646e+04  -4.1336000e+01  -4.1309367e+01
   1.2049038e+04  -3.8715550e+01  -3.8983723e+01
   1.2181879e+04  -3.7782241e+01  -3.9098725e+01
   1.2316185e+04  -3.7318542e+01  -3.7693442e+01
   1.2451971e+04  -3.5284167e+01  -3.6073192e+01
   1.2589254e+04  -3.5009869e+01  -3.4961339e+01
   1.2728051e+04  -3.3230223e+01  -3.3051955e+01
   1.2868378e+04  -3.2679898e+01  -3.1444646e+01
   1.3010252e+04  -3.1481492e+01  -3.2732487e+01
   1.3153691e+04  -3.0962231e+01  -3.1671360e+01
   1.3298710e+04  -3.1119921e+01  -3.2578804e+01
   1.3445329e+04  -3.2186077e+01  -3.2018146e+01
   1.3593564e+04  -3.2846552e+01  -3.1451306e+01
   1.3743433e+04  -3.2521623e+01  -3.3318299e+01
   1.3894955e+04  -3.3010986e+01  -3.3124562e+01
   1.4048147e+04  -3.3456616e+01  -3.3805492e+01
   1.4203028e+04  -3.3909203e+01  -3.4095633e+01
   1.4359617e+04  -3.4341020e+01  -3.4499363e+01
   1.4517932e+04  -3.5730015e+01  -3.4939024e+01
   1.4677993e+04  -3.6047153e+01  -3.5360445e+01
   1.4839818e+04  -3.7237990e+01  -3.6750229e+01
   1.5003427e+04  -3.7582086e+01  -3.7174886e+01
   1.5168840e+04  -3.7379782e+01  -3.7635537e+01
   1.5336077e+04  -3.7785872e+01  -3.7336705e+01
   1.5505158e+04  -3.7770206e+01  -3.8900439e+01
   1.5676103e+04  -3.7754368e+01  -3.8451416e+01
   1.5848932e+04  -3.7738355e+01  -3.8257584e+01
   1.6023667e+04  -3.7722165e+01  -3.8338498e+01
   1.6200328e+04  -3.7705797e+01  -3.8603663e+01
   1.6378937e+04  -3.7588548e+01  -3.7957056e+01
   1.6559515e+04  -3.7980056e+01  -3.6968740e+01
   1.6742084e+04  -3.6856720e+01  -3.6566439e+01
   1.6926666e+04  -3.6560599e+01  -3.6101899e+01
   1.7113283e+04  -3.5367095e+01  -3.4887544e+01
   1.7301957e+04  -3.5036683e+01  -3.4647777e+01
   1.7492712e+04  -3.3769490e+01  -3.3382673e+01
   1.7685569e+04  -3.3660716e+01  -3.3056793e+01
   1.7880553e+04  -3.2385217e+01  -3.2738094e+01
   1.8077687e+04  -3.2188461e+01  -3.1534316e+01
   1.8276994e+04  -3.0932726e+01  -3.0532006e+01
   1.8478498e+04  -3.0528790e+01  -3.0821857e+01
   1.8682224e+04  -2.9872276e+01  -3.0183653e+01
   1.8888196e+04  -2.9313366e+01  -2.9486559e+01
   1.9096439e+04  -2.9944740e+01  -3.0069207e+01
   1.9306977e+04  -2.9628726e+01  -3.0247213e+01
   1.9519837e+04  -3.0490773e+01  -3.0336318e+01
   1.9735044e+04  -3.0215607e+01  -3.0948265e+01
   1.9952623e+04  -3.0570631e+01  -3.1455547e+01
   2.0172601e+04  -3.1949784e+01  -3.1929561e+01
   2.0395005e+04  -3.2410213e+01  -3.2428509e+01
   2.0619860e+04  -3.2824980e+01  -3.2951654e+01
   2.0847195e+04  -3.3343518e+01  -3.3446919e+01
   2.1077035e+04  -3.3865388e+01  -3.3837372e+01
   2.1309410e+04  -3.4304731e+01  -3.4309696e+01
   2.1544347e+04  -3.4736376e+01  -3.4794793e+01
   2.1781874e+04  -3.5173871e+01  -3.5237208e+01
   2.2022019e+04  -3.5600852e+01  -3.5667205e+01
   2.2264813e+04  -3.6055237e+01  -3.6086187e+01
   2.2510283e+04  -3.6510718e+01  -3.6510718e+01
   2.2758459e+04  -3.6923723e+01  -3.6999197e+01
   2.3009372e+04  -3.7320730e+01  -3.8363872e+01
   2.3263051e+04  -3.8670843e+01  -3.8768173e+01
   2.3519526e+04  -3.9055789e+01  -3.9232556e+01
   2.3778830e+04  -3.9445432e+01  -3.9675889e+01
   2.4040992e+04  -3.9825319e+01  -4.0058585e+01
   2.4306044e+04  -4.0247531e+01  -4.0432953e+01
   2.4574019e+04  -4.0690545e+01  -4.0792969e+01
   2.4844948e+04  -4.1924719e+01  -4.1224015e+01
   2.5118864e+04  -4.2271853e+01  -4.2609650e+01
   2.5395800e+04  -4.2551083e+01  -4.2927485e+01
   2.5675790e+04  -4.2962904e+01  -4.3278296e+01
   2.5958866e+04  -4.4327234e+01  -4.3629573e+01
   2.6245063e+04  -4.4649804e+01  -4.4927069e+01
   2.6534415e+04  -4.5014964e+01  -4.5330356e+01
   2.6826958e+04  -4.6229323e+01  -4.5628645e+01
   2.7122726e+04  -4.6561145e+01  -4.6876537e+01
   2.7421754e+04  -4.6900186e+01  -4.7237983e+01
   2.7724080e+04  -4.8132205e+01  -4.7454980e+01
   2.8029739e+04  -4.8464125e+01  -4.8706941e+01
   2.8338767e+04  -4.9572776e+01  -4.9071608e+01
   2.8651203e+04  -4.9181976e+01  -4.8976457e+01
   2.8967083e+04  -4.9606119e+01  -4.8880257e+01
   2.9286446e+04  -4.8844437e+01  -4.8692785e+01
   2.9609329e+04  -4.8565044e+01  -4.7778328e+01
   2.9935773e+04  -4.7617388e+01  -4.6855630e+01
   3.0265816e+04  -4.5996138e+01  -4.6000662e+01
   3.0599497e+04  -4.5186746e+01  -4.5069120e+01
   3.0936857e+04  -4.3534730e+01  -4.3172804e+01
   3.1277937e+04  -4.2750323e+01  -4.2370301e+01
   3.1622777e+04  -4.1978616e+01  -4.1580498e+01
   3.1971418e+04  -4.0220099e+01  -4.0603740e+01
   3.2323904e+04  -3.9587060e+01  -3.8869337e+01
   3.2680276e+04  -3.7901989e+01  -3.8128192e+01
   3.3040577e+04  -3.7171265e+01  -3.7200352e+01
   3.3404850e+04  -3.5480975e+01  -3.6286941e+01
   3.3773139e+04  -3.3916359e+01  -3.4613305e+01
   3.4145489e+04  -3.3489464e+01  -3.4293743e+01
   3.4521944e+04  -3.3144191e+01  -3.4413602e+01
   3.4902549e+04  -3.4679277e+01  -3.4323616e+01
   3.5287350e+04  -3.5428355e+01  -3.6060678e+01
   3.5676394e+04  -3.7179836e+01  -3.6813195e+01
   3.6069727e+04  -3.7962511e+01  -3.7651255e+01
   3.6467397e+04  -3.9704820e+01  -3.9377320e+01
   3.6869451e+04  -4.0405454e+01  -4.0129647e+01
   3.7275937e+04  -4.2066446e+01  -4.0984289e+01
   3.7686905e+04  -4.2803240e+01  -4.2770881e+01
   3.8102404e+04  -4.4480777e+01  -4.3525270e+01
   3.8522484e+04  -4.5316910e+01  -4.5163333e+01
   3.8947195e+04  -4.6364487e+01  -4.5439325e+01
   3.9376589e+04  -4.5608994e+01  -4.5532106e+01
   3.9810717e+04  -4.5290452e+01  -4.4956296e+01
   4.0249631e+04  -4.4995198e+01  -4.4801173e+01
   4.0693384e+04  -4.4032055e+01  -4.3813320e+01
   4.1142030e+04  -4.2917518e+01  -4.2686791e+01
   4.1595622e+04  -4.1814150e+01  -4.1687326e+01
   4.2054214e+04  -4.0929268e+01  -4.0623189e+01
   4.2517863e+04  -4.0790012e+01  -4.0482376e+01
   4.2986623e+04  -3.9913552e+01  -3.9538701e+01
   4.3460552e+04  -3.8863149e+01  -3.8440199e+01
   4.3939706e+04  -3.7992768e+01  -3.7448790e+01
   4.4424142e+04  -3.6921640e+01  -3.6529828e+01
   4.4913919e+04  -3.6027248e+01  -3.5466264e+01
   4.5409096e+04  -3.4971954e+01  -3.4609916e+01
   4.5909732e+04  -3.3958449e+01  -3.4428828e+01
   4.6415888e+04  -3.3151925e+01  -3.2684531e+01
   4.6927625e+04  -3.2237737e+01  -3.1735923e+01
   4.7445003e+04  -3.1306236e+01  -3.1643298e+01
   4.7968085e+04  -3.0415845e+01  -2.9903371e+01
   4.8496934e+04  -2.9585958e+01  -2.8986178e+01
   4.9031614e+04  -2.8648452e+01  -2.8108926e+01
   4.9572189e+04  -2.6875054e+01  -2.7112501e+01
   5.0118723e+04  -2.6533771e+01  -2.6776516e+01
   5.0671283e+04  -2.6331965e+01  -2.6482853e+01
   5.1229936e+04  -2.6404880e+01  -2.6544986e+01
   5.1794747e+04  -2.6404696e+01  -2.6458981e+01
   5.2365785e+04  -2.6761074e+01  -2.6707761e+01
   5.2943119e+04  -2.6472219e+01  -2.7143462e+01
   5.3526818e+04  -2.7584229e+01  -2.7594438e+01
   5.4116953e+04  -2.7957146e+01  -2.8008574e+01
   5.4713593e+04  -2.8320739e+01  -2.8359517e+01
   5.5316812e+04  -2.8062048e+01  -2.8100826e+01
   5.5926681e+04  -2.8392989e+01  -2.8429991e+01
   5.6543274e+04  -2.8413267e+01  -2.8404616e+01
   5.7166665e+04  -2.8137713e+01  -2.8491947e+01
   5.7796929e+04  -2.8314302e+01  -2.8285771e+01
   5.8434141e+04  -2.7996594e+01  -2.8047501e+01
   5.9078379e+04  -2.7881891e+01  -2.8147719e+01
   5.9729720e+04  -2.7896704e+01  -2.8010505e+01
   6.0388241e+04  -2.8411721e+01  -2.8765645e+01
   6.1054023e+04  -2.9230532e+01  -2.8946960e+01
   6.1727145e+04  -3.0218218e+01  -2.9903579e+01
   6.2407688e+04  -3.1277028e+01  -3.0836869e+01
   6.3095734e+04  -3.1399460e+01  -3.1703213e+01
   6.3791366e+04  -3.2256514e+01  -3.2661028e+01
   6.4494668e+04  -3.3222341e+01  -3.3695057e+01
   6.5205723e+04  -3.4303973e+01  -3.3876874e+01
   6.5924618e+04  -3.6150525e+01  -3.6403872e+01
   6.6651438e+04  -4.1366856e+01  -4.1620203e+01
   6.7386272e+04  -4.8078680e+01  -4.8332028e+01
   6.8129207e+04  -5.3128078e+01  -5.3381426e+01
   6.8880333e+04  -5.5839784e+01  -5.5208161e+01
   6.9639740e+04  -5.4176297e+01  -5.4298954e+01
   7.0407520e+04  -5.2980293e+01  -5.3132818e+01
   7.1183765e+04  -5.1602371e+01  -5.0794131e+01
   7.1968567e+04  -4.9563088e+01  -4.9513969e+01
   7.2762022e+04  -4.8349020e+01  -4.8242327e+01
   7.3564225e+04  -4.6124891e+01  -4.6936996e+01
   7.4375273e+04  -4.4992634e+01  -4.4827182e+01
   7.5195262e+04  -4.2819655e+01  -4.3415668e+01
   7.6024291e+04  -4.1738911e+01  -4.2178392e+01
   7.6862461e+04  -3.9701299e+01  -4.0070944e+01
   7.7709871e+04  -3.8490144e+01  -3.8866779e+01
   7.8566625e+04  -3.6430377e+01  -3.6797444e+01
   7.9432823e+04  -3.4449609e+01  -3.5674641e+01
   8.0308572e+04  -3.2376027e+01  -3.3672497e+01
   8.1193976e+04  -3.1280010e+01  -3.1553867e+01
   8.2089142e+04  -3.0989515e+01  -3.0006346e+01
   8.2994176e+04  -3.3049511e+01  -2.9974069e+01
   8.3909189e+04  -3.5908007e+01  -3.1714462e+01
   8.4834290e+04  -3.9606316e+01  -3.4142954e+01
   8.5769590e+04  -4.2353235e+01  -3.6450811e+01
   8.6715202e+04  -4.5937420e+01  -3.8880466e+01
   8.7671239e+04  -4.7066389e+01  -4.1268046e+01
   8.8637816e+04  -4.6881702e+01  -4.3575480e+01
   8.9615050e+04  -4.5523572e+01  -4.6642676e+01
   9.0603058e+04  -4.4081725e+01  -4.6520976e+01
   9.1601959e+04  -4.2700430e+01  -4.5242784e+01
   9.2611873e+04  -4.1275786e+01  -4.3845456e+01
   9.3632921e+04  -3.9973667e+01  -4.2499796e+01
   9.4665226e+04  -3.8632281e+01  -4.1220048e+01
   9.5708912e+04  -3.6445440e+01  -3.9051303e+01
   9.6764105e+04  -3.5197501e+01  -3.7824093e+01
   9.7830932e+04  -3.3965731e+01  -3.6467038e+01
   9.8909520e+04  -3.2750307e+01  -3.5245453e+01
   1.0000000e+05  -3.0646596e+01  -3.3983900e+01
   1.0110250e+05  -2.9464407e+01  -3.1817641e+01
   1.0221716e+05  -2.8228889e+01  -3.0595328e+01
   1.0334411e+05  -2.6043471e+01  -2.9382769e+01
   1.0448348e+05  -2.4833102e+01  -2.7254968e+01
   1.0563541e+05  -2.4128114e+01  -2.6807439e+01
   1.0680004e+05  -2.4018958e+01  -2.8194998e+01
   1.0797752e+05  -2.4205277e+01  -2.9803107e+01
   1.0916797e+05  -2.7019409e+01  -3.2325061e+01
   1.1037155e+05  -2.9973071e+01  -3.4765350e+01
   1.1158840e+05  -3.2860240e+01  -3.6460734e+01
   1.1281866e+05  -3.4895731e+01  -3.8859193e+01
   1.1406249e+05  -3.6773559e+01  -3.9682274e+01
   1.1532003e+05  -3.6301143e+01  -3.7241601e+01
   1.1659144e+05  -3.4916638e+01  -3.3026808e+01
   1.1787686e+05  -3.4305631e+01  -3.1154294e+01
   1.1917646e+05  -3.3547698e+01  -3.0579757e+01
   1.2049038e+05  -3.4604782e+01  -3.0587542e+01
   1.2181879e+05  -3.5824079e+01  -3.1104298e+01
   1.2316185e+05  -3.7060480e+01  -3.3120047e+01
   1.2451971e+05  -3.7857905e+01  -3.5501914e+01
   1.2589254e+05  -3.7518147e+01  -3.7337937e+01
   1.2728051e+05  -3.6116697e+01  -3.8402620e+01
   1.2868378e+05  -3.5458289e+01  -3.9700626e+01
   1.3010252e+05  -3.4764280e+01  -4.0124394e+01
   1.3153691e+05  -3.4141524e+01  -3.7552397e+01
   1.3298710e+05  -3.3671276e+01  -3.6400070e+01
   1.3445329e+05  -3.3675003e+01  -3.5805353e+01
   1.3593564e+05  -3.4085218e+01  -3.5732467e+01
   1.3743433e+05  -3.4357053e+01  -3.6302595e+01
   1.3894955e+05  -3.4307647e+01  -3.6327120e+01
   1.4048147e+05  -3.3157417e+01  -3.6164748e+01
   1.4203028e+05  -3.1959319e+01  -3.5546498e+01
   1.4359617e+05  -3.0728328e+01  -3.4364484e+01
   1.4517932e+05  -2.8901992e+01  -3.1719790e+01
   1.4677993e+05  -2.6121389e+01  -3.0748835e+01
   1.4839818e+05  -2.5125546e+01  -2.8182756e+01
   1.5003427e+05  -2.3851612e+01  -2.6488499e+01
   1.5168840e+05  -2.2621510e+01  -2.4737763e+01
   1.5336077e+05  -2.2080051e+01  -2.3578140e+01
   1.5505158e+05  -2.1864488e+01  -2.3096715e+01
   1.5676103e+05  -2.2078742e+01  -2.2744730e+01
   1.5848932e+05  -2.2586189e+01  -2.2595005e+01
   1.6023667e+05  -2.3089897e+01  -2.3037811e+01
   1.6200328e+05  -2.3621220e+01  -2.3605136e+01
   1.6378937e+05  -2.4792186e+01  -2.4113593e+01
   1.6559515e+05  -2.5964689e+01  -2.5269335e+01
   1.6742084e+05  -2.7115457e+01  -2.5780555e+01
   1.6926666e+05  -2.8257900e+01  -2.6949054e+01
   1.7113283e+05  -2.9345768e+01  -2.8122723e+01
   1.7301957e+05  -3.0473719e+01  -2.8501225e+01
   1.7492712e+05  -3.1579097e+01  -2.9605697e+01
   1.7685569e+05  -3.2711472e+01  -3.0769121e+01
   1.7880553e+05  -3.3838645e+01  -3.1881112e+01
   1.8077687e+05  -3.4218658e+01  -3.2972239e+01
   1.8276994e+05  -3.5874757e+01  -3.3974967e+01
   1.8478498e+05  -3.6823867e+01  -3.4337175e+01
   1.8682224e+05  -3.7210683e+01  -3.5394013e+01
   1.8888196e+05  -3.7564022e+01  -3.6471962e+01
   1.9096439e+05  -3.7815892e+01  -3.6885637e+01
   1.9306977e+05  -3.7512825e+01  -3.7711222e+01
   1.9519837e+05  -3.5999076e+01  -3.8676704e+01
   1.9735044e+05  -3.2563987e+01  -3.8817996e+01
   1.9952623e+05  -3.1698866e+01  -3.6696942e+01
   2.0172601e+05  -3.1050204e+01  -3.4096950e+01
   2.0395005e+05  -3.0831982e+01  -3.2463531e+01
   2.0619860e+05  -3.0702107e+01  -3.0857063e+01
   2.0847195e+05  -3.0714708e+01  -3.0543101e+01
   2.1077035e+05  -3.1639570e+01  -3.0317359e+01
   2.1309410e+05  -3.3623046e+01  -3.0487896e+01
   2.1544347e+05  -3.6400313e+01  -3.1323864e+01
   2.1781874e+05  -3.8348503e+01  -3.2774852e+01
   2.2022019e+05  -4.1129438e+01  -3.6079423e+01
   2.2264813e+05  -4.3879356e+01  -3.9139324e+01
   2.2510283e+05  -4.5716061e+01  -4.2792848e+01
   2.2758459e+05  -4.4428104e+01  -4.6075372e+01
   2.3009372e+05  -4.2407872e+01  -4.7357636e+01
   2.3263051e+05  -4.0364406e+01  -4.4929175e+01
   2.3519526e+05  -3.8420354e+01  -4.0159915e+01
   2.3778830e+05  -3.6381812e+01  -3.7531606e+01
   2.4040992e+05  -3.5803768e+01  -3.6753822e+01
   2.4306044e+05  -3.5090559e+01  -3.6285994e+01
   2.4574019e+05  -3.4367121e+01  -3.5924268e+01
   2.4844948e+05  -3.3716075e+01  -3.4702684e+01
   2.5118864e+05  -3.3062086e+01  -3.4056870e+01
   2.5395800e+05  -3.1776334e+01  -3.3348986e+01
   2.5675790e+05  -3.1119339e+01  -3.1441163e+01
   2.5958866e+05  -3.0583420e+01  -2.9337274e+01
   2.6245063e+05  -3.0353232e+01  -2.8249834e+01
   2.6534415e+05  -3.0383198e+01  -2.8227617e+01
   2.6826958e+05  -3.2797788e+01  -2.8851827e+01
   2.7122726e+05  -3.5918528e+01  -3.0099264e+01
   2.7421754e+05  -3.8995631e+01  -3.2648038e+01
   2.7724080e+05  -4.2116046e+01  -3.5151775e+01
   2.8029739e+05  -4.4131847e+01  -3.7481565e+01
   2.8338767e+05  -4.4325672e+01  -3.9955806e+01
   2.8651203e+05  -4.4094141e+01  -4.1821963e+01
   2.8967083e+05  -4.2919415e+01  -4.2786827e+01
   2.9286446e+05  -4.1819378e+01  -4.2588469e+01
   2.9609329e+05  -4.0989284e+01  -4.1596311e+01
   2.9935773e+05  -4.1710811e+01  -4.0628743e+01
   3.0265816e+05  -4.2844391e+01  -4.0932583e+01
   3.0599497e+05  -4.3944048e+01  -4.2108888e+01
   3.0936857e+05  -4.3950687e+01  -4.4552104e+01
   3.1277937e+05  -4.2299536e+01  -4.5402903e+01
   3.1622777e+05  -3.9300536e+01  -4.4742686e+01
   3.1971418e+05  -3.6424867e+01  -4.1762960e+01
   3.2323904e+05  -3.3506310e+01  -3.8959003e+01
   3.2680276e+05  -3.1152919e+01  -3.5275973e+01
   3.3040577e+05  -3.0361625e+01  -3.3179232e+01
   3.3404850e+05  -2.9826750e+01  -3.1609384e+01
   3.3773139e+05  -2.9352218e+01  -3.0044481e+01
   3.4145489e+05  -2.8703134e+01  -2.9361143e+01
   3.4521944e+05  -2.7965600e+01  -2.8804025e+01
   3.4902549e+05  -2.6654673e+01  -2.8272448e+01
   3.5287350e+05  -2.5782019e+01  -2.7043520e+01
   3.5676394e+05  -2.4933027e+01  -2.6282429e+01
   3.6069727e+05  -2.4994999e+01  -2.5049364e+01
   3.6467397e+05  -2.5474126e+01  -2.4742149e+01
   3.6869451e+05  -2.6247246e+01  -2.4542465e+01
   3.7275937e+05  -2.8307448e+01  -2.5372478e+01
   3.7686905e+05  -3.0910059e+01  -2.6794591e+01
   3.8102404e+05  -3.3664483e+01  -2.9479496e+01
   3.8522484e+05  -3.6058632e+01  -3.2799706e+01
   3.8947195e+05  -3.5426201e+01  -3.4151033e+01
   3.9376589e+05  -3.3812943e+01  -3.3824391e+01
   3.9810717e+05  -3.3897680e+01  -3.3150876e+01
   4.0249631e+05  -3.7637973e+01  -3.3469650e+01
   4.0693384e+05  -4.0633782e+01  -3.5101616e+01
   4.1142030e+05  -4.1134377e+01  -3.7794283e+01
   4.1595622e+05  -3.4858502e+01  -3.8749794e+01
   4.2054214e+05  -3.1246666e+01  -3.3889751e+01
   4.2517863e+05  -3.0213952e+01  -3.0451952e+01
   4.2986623e+05  -2.9467433e+01  -2.9951128e+01
   4.3460552e+05  -2.8876338e+01  -2.9340082e+01
   4.3939706e+05  -2.7674939e+01  -2.8741804e+01
   4.4424142e+05  -2.6778131e+01  -2.8163838e+01
   4.4913919e+05  -2.5158735e+01  -2.7550796e+01
   4.5409096e+05  -2.3692237e+01  -2.6303949e+01
   4.5909732e+05  -2.3517915e+01  -2.4815509e+01
   4.6415888e+05  -2.4726229e+01  -2.3680882e+01
   4.6927625e+05  -2.6798890e+01  -2.3685738e+01
   4.7445003e+05  -2.8263071e+01  -2.4961931e+01
   4.7968085e+05  -3.1130871e+01  -2.7163804e+01
   4.8496934e+05  -3.4699961e+01  -3.0679363e+01
   4.9031614e+05  -3.9848871e+01  -3.4754833e+01
   4.9572189e+05  -4.7980306e+01  -3.9907687e+01
   5.0118723e+05  -4.3708691e+01  -4.4962486e+01
   5.0671283e+05  -3.6604517e+01  -4.5031149e+01
   5.1229936e+05  -3.3259775e+01  -3.7913842e+01
   5.1794747e+05  -3.1733904e+01  -3.5219458e+01
   5.2365785e+05  -3.1480275e+01  -3.3674782e+01
   5.2943119e+05  -3.1703731e+01  -3.3518402e+01
   5.3526818e+05  -3.1046015e+01  -3.2955862e+01
   5.4116953e+05  -2.8543643e+01  -3.0550175e+01
   5.4713593e+05  -2.6098467e+01  -2.8034966e+01
   5.5316812e+05  -2.5092221e+01  -2.5590094e+01
   5.5926681e+05  -2.5674572e+01  -2.4332248e+01
   5.6543274e+05  -2.8042494e+01  -2.4540245e+01
   5.7166665e+05  -3.1816364e+01  -2.5854065e+01
   5.7796929e+05  -3.4856978e+01  -2.8818044e+01
   5.8434141e+05  -3.8645194e+01  -3.1839944e+01
   5.9078379e+05  -4.0886484e+01  -3.4935076e+01
   5.9729720e+05  -4.1345973e+01  -3.8470686e+01
   6.0388241e+05  -3.7351899e+01  -5.3233770e+01
   6.1054023e+05  -3.3243253e+01  -4.1820344e+01
   6.1727145e+05  -3.0440142e+01  -3.3140065e+01
   6.2407688e+05  -2.8407482e+01  -3.0393991e+01
   6.3095734e+05  -2.6748319e+01  -2.8370689e+01
   6.3791366e+05  -2.5150692e+01  -2.6842014e+01
   6.4494668e+05  -2.4460613e+01  -2.5199591e+01
   6.5205723e+05  -2.6577806e+01  -2.4495114e+01
   6.5924618e+05  -2.8888154e+01  -2.5092429e+01
   6.6651438e+05  -3.0041581e+01  -2.6454403e+01
   6.7386272e+05  -3.0411423e+01  -2.7477189e+01
   6.8129207e+05  -3.2527829e+01  -2.9539089e+01
   6.8880333e+05  -4.4955952e+01  -3.3385729e+01
   6.9639740e+05  -4.0084464e+01  -3.7847832e+01
   7.0407520e+05  -3.4246755e+01  -3.4012662e+01
   7.1183765e+05  -3.2789495e+01  -3.1918701e+01
   7.1968567e+05  -3.1038825e+01  -3.0840760e+01
   7.2762022e+05  -2.9316797e+01  -2.9615299e+01
   7.3564225e+05  -2.7417931e+01  -2.8140599e+01
   7.4375273e+05  -2.6212308e+01  -2.6637405e+01
   7.5195262e+05  -2.7164134e+01  -2.5820861e+01
   7.6024291e+05  -3.1787936e+01  -2.7288650e+01
   7.6862461e+05  -4.0575719e+01  -3.3269184e+01
   7.7709871e+05  -4.1233479e+01  -4.0544525e+01
   7.8566625e+05  -3.4204575e+01  -3.6198205e+01
   7.9432823e+05  -3.0299009e+01  -3.1669922e+01
   8.0308572e+05  -2.7728679e+01  -2.8691499e+01
   8.1193976e+05  -2.6849740e+01  -2.7479320e+01
   8.2089142e+05  -2.6797361e+01  -2.7131139e+01
   8.2994176e+05  -2.6145830e+01  -2.5799913e+01
   8.3909189e+05  -2.6181205e+01  -2.3926647e+01
   8.4834290e+05  -2.8585229e+01  -2.4376510e+01
   8.5769590e+05  -3.1819962e+01  -2.7948290e+01
   8.6715202e+05  -3.2475570e+01  -3.2152689e+01
   8.7671239e+05  -3.1514928e+01  -3.4946260e+01
   8.8637816e+05  -2.9585417e+01  -3.4276844e+01
   8.9615050e+05  -2.7053621e+01  -2.9340830e+01
   9.0603058e+05  -2.5470728e+01  -2.5613494e+01
   9.1601959e+05  -2.4743342e+01  -2.3949019e+01
   9.2611873e+05  -2.4042707e+01  -2.3367774e+01
   9.3632921e+05  -2.4366334e+01  -2.2872903e+01
   9.4665226e+05  -2.6688139e+01  -2.3938054e+01
   9.5708912e+05  -2.8366781e+01  -2.6700634e+01
   9.6764105e+05  -2.8732982e+01  -2.9951734e+01
   9.7830932e+05  -3.0547262e+01  -3.3374116e+01
   9.8909520e+05  -3.0779674e+01  -3.2582553e+01
