10.06318156	-33.87096774
10.15028794	-34.02031063
10.24154269	-34.13978495
10.33361786	-34.1995221
10.42652081	-34.25925926
10.520259	-34.34886499
10.61483992	-34.37873357
10.71027116	-34.40860215
10.80656037	-34.49820789
10.90010139	-34.6176822
10.99809723	-34.67741935
11.0969741	-34.70728793
11.1967399	-34.73715651
11.29740263	-34.79689367
11.39519236	-34.94623656
11.49382855	-35.09557945
11.59716221	-35.21505376
11.70142489	-35.33452808
11.80271181	-35.42413381
11.90882245	-35.54360812
12.01190459	-35.69295102
12.11989595	-35.75268817
12.22885819	-35.75268817
12.33880004	-35.75268817
12.44973031	-35.78255675
12.55749452	-35.87216249
12.67039093	-35.93189964
12.78430232	-35.9916368
12.89923781	-36.02150538
13.01520661	-36.11111111
13.12786556	-36.23058542
13.24588981	-36.29032258
13.36497514	-36.32019116
13.48513109	-36.40979689
13.60636729	-36.55913978
13.72869344	-36.70848268
13.85211935	-36.79808841
13.9766549	-36.85782557
14.10231007	-36.9474313
14.22437893	-37.03703704
14.35226123	-37.06690562
14.48129324	-37.09677419
14.61148529	-37.18637993
14.73796155	-37.30585424
14.87046114	-37.3655914
15.00415195	-37.42532855
15.13904469	-37.54480287
15.27515017	-37.6344086
15.41247928	-37.72401434
15.5458889	-37.81362007
15.68565205	-37.87335723
15.82667172	-37.90322581
15.96895921	-37.90322581
16.11252592	-37.93309438
16.25738334	-38.02270012
16.40354309	-38.11230585
16.55101686	-38.20191159
16.69981648	-38.3213859
16.84436922	-38.41099164
16.99580617	-38.50059737
17.14292098	-38.62007168
17.29704203	-38.739546
17.45254868	-38.79928315
17.60945339	-38.88888889
17.76776873	-38.97849462
17.92750739	-39.09796894
18.08868215	-39.18757467
18.25130593	-39.21744325
18.41539176	-39.27718041
18.58095278	-39.36678614
18.74178853	-39.45639188
18.91028398	-39.51612903
19.08029426	-39.54599761
19.25183299	-39.60573477
19.42491391	-39.66547192
19.5995509	-39.78494624
19.76920359	-39.93428913
19.94693587	-40.08363202
20.12626602	-40.20310633
20.30720841	-40.26284349
20.48977755	-40.32258065
20.67398804	-40.35244922
20.85985466	-40.32258065
21.04739228	-40.35244922
21.23661593	-40.44205496
21.42754077	-40.47192354
21.6201821	-40.47192354
21.81455534	-40.50179211
22.01067607	-40.56152927
22.20855999	-40.65113501
22.40079612	-40.77060932
22.60218736	-40.86021505
22.80538919	-40.97968937
23.00279144	-41.0692951
23.20959484	-41.12903226
23.41825748	-41.18876941
23.62879606	-41.27837515
23.84122747	-41.39784946
24.05556871	-41.51732378
24.27183695	-41.60692951
24.49004953	-41.63679809
24.71022391	-41.66666667
24.93237774	-41.7562724
25.1481911	-41.87574671
25.37428242	-41.99522103
25.59392088	-42.14456392
25.82401946	-42.32377539
26.04755083	-42.47311828
26.28172771	-42.53285544
26.51800993	-42.56272401
26.75641641	-42.56272401
26.99696625	-42.62246117
27.23065058	-42.74193548
27.47546395	-42.89127838
27.72247829	-42.98088411
27.97171338	-43.01075269
28.22318918	-43.07048984
28.47692583	-43.16009558
28.73294367	-43.21983274
28.99126321	-43.27956989
29.25190513	-43.39904421
29.51489031	-43.51851852
29.78023983	-43.57825568
30.04797494	-43.63799283
30.31811708	-43.72759857
30.59068789	-43.78733572
30.86570922	-43.84707288
31.14320308	-43.96654719
31.42319172	-44.05615293
31.70569755	-44.14575866
31.99074322	-44.2353644
32.27835155	-44.32497013
32.56854558	-44.44444444
32.8504572	-44.5041816
33.14579467	-44.53405018
33.43270294	-44.62365591
33.733275	-44.77299881
34.03654932	-44.86260454
34.34255018	-44.89247312
34.6513021	-44.98207885
34.95124196	-45.10155317
35.26546624	-45.16129032
35.58251551	-45.16129032
35.90241517	-45.1911589
36.2131846	-45.28076464
36.5387542	-45.34050179
36.86725079	-45.40023895
37.19870068	-45.43010753
37.53313042	-45.45997611
37.87056681	-45.51971326
38.19837246	-45.63918757
38.54178961	-45.78853047
38.87540533	-45.93787336
39.22490925	-46.08721625
39.56443802	-46.20669056
39.9201366	-46.23655914
40.27903303	-46.23655914
40.64115608	-46.23655914
41.00653474	-46.23655914
41.37519829	-46.23655914
41.74717625	-46.2962963
42.12249844	-46.41577061
42.48710858	-46.62485066
42.84067123	-46.86379928
43.22582432	-47.01314217
43.61444009	-47.07287933
44.00654964	-47.07287933
44.40218441	-47.07287933
44.80137607	-47.10274791
45.20415661	-47.13261649
45.6105583	-47.19235364
46.00536091	-47.28195938
46.4189657	-47.37156511
46.82076584	-47.520908
47.24170143	-47.64038232
47.66642137	-47.72998805
48.09495971	-47.78972521
48.52735075	-47.81959379
48.96362915	-47.84946237
49.40382985	-47.9390681
49.83146682	-48.05854241
50.27946969	-48.11827957
50.73150027	-48.11827957
51.18759477	-48.14814815
51.63067191	-48.26762246
52.09485029	-48.38709677
52.56320179	-48.50657109
53.01818612	-48.59617682
53.49483875	-48.6260454
53.97577666	-48.68578256
54.46103837	-48.77538829
54.93245027	-48.83512545
55.42631283	-48.8948626
55.92461538	-49.01433692
56.40869593	-49.16367981
56.91583047	-49.3130227
57.40849092	-49.46236559
57.92461397	-49.5818399
58.44537716	-49.67144564
58.97082219	-49.7311828
59.50099117	-49.70131422
60.01602864	-49.67144564
60.53552424	-49.70131422
61.07976046	-49.7311828
61.62888955	-49.82078853
62.16234599	-49.94026284
62.72120792	-50.02986858
63.28509422	-50.11947431
63.85405005	-50.20908005
64.42812101	-50.29868578
64.98580746	-50.44802867
65.57005332	-50.56750299
66.15955177	-50.6869773
66.75435002	-50.74671446
67.35449572	-50.77658303
67.96003694	-50.80645161
68.57102221	-50.77658303
69.18750044	-50.80645161
69.80952105	-50.89605735
70.41378861	-51.04540024
71.04683398	-51.19474313
71.66181166	-51.34408602
72.30607721	-51.49342891
72.95613495	-51.58303465
73.61203693	-51.6427718
74.27383571	-51.67264038
74.9415843	-51.73237754
75.61533619	-51.82198327
76.29514536	-51.94145759
76.98106625	-52.00119474
77.67315382	-52.0609319
78.37146351	-52.12066906
79.07605125	-52.18040621
79.76052942	-52.29988053
80.47760537	-52.41935484
81.17421531	-52.56869773
81.9040008	-52.65830346
82.64034733	-52.71804062
83.38331388	-52.80764636
84.10507549	-52.92712067
84.86121047	-53.07646356
85.59576467	-53.19593787
86.36530149	-53.31541219
87.11287502	-53.4348865
87.89605121	-53.49462366
88.68626844	-53.49462366
89.48359	-53.52449223
90.25815527	-53.58422939
91.06960867	-53.64396655
91.88835732	-53.7037037
92.71446682	-53.79330944
93.54800334	-53.88291517
94.38903365	-53.97252091
95.23762513	-54.06212664
96.09384576	-54.15173238
96.95776411	-54.24133811
97.82944941	-54.27120669
98.70897147	-54.30107527
99.59640075	-54.390681
100.458502	-54.48028674
101.3616602	-54.56989247
102.2729381	-54.65949821
103.1240172	-54.8088411
104.0166533	-54.98805257
104.9518006	-55.10752688
105.8953551	-55.22700119
106.8119798	-55.31660693
107.772258	-55.40621266
108.7411695	-55.52568698
109.7187919	-55.58542413
110.7052034	-55.61529271
111.7004832	-55.64516129
112.7047108	-55.67502987
113.7179669	-55.73476703
114.7023036	-55.82437276
115.7335187	-55.91397849
116.7740048	-55.97371565
117.8238453	-56.06332139
118.8831242	-56.15292712
119.9519264	-56.24253286
120.990224	-56.36200717
122.0779698	-56.4516129
123.1754948	-56.51135006
124.2828869	-56.57108722
125.4002349	-56.66069295
126.5276283	-56.75029869
127.6651574	-56.83990442
128.7702203	-56.92951016
129.927911	-56.98924731
131.0960099	-57.04898447
132.2307701	-57.1385902
133.4195724	-57.25806452
134.6190625	-57.37753883
135.7843181	-57.52688172
136.9596601	-57.67622461
138.1909768	-57.76583035
139.4333636	-57.8255675
140.6869199	-57.88530466
141.951746	-57.91517324
143.2279435	-57.94504182
144.5156144	-58.00477897
145.8148619	-58.09438471
147.1257902	-58.21385902
148.4485041	-58.39307049
149.7334666	-58.54241338
151.0796245	-58.66188769
152.4378849	-58.78136201
153.8083565	-58.84109916
155.1911491	-58.9307049
156.5344756	-59.08004779
157.941777	-59.1995221
159.3617306	-59.31899642
160.7944501	-59.40860215
162.2400502	-59.52807646
163.6443916	-59.67741935
165.1156137	-59.73715651
166.6000627	-59.70728793
168.0978574	-59.67741935
169.6091178	-59.73715651
171.133965	-59.85663082
172.6725211	-59.94623656
174.2249094	-60.06571087
175.7329911	-60.21505376
177.3128941	-60.36439665
178.907001	-60.48387097
180.5154395	-60.60334528
182.0779717	-60.72281959
183.7149184	-60.84229391
185.3051452	-60.96176822
186.9711053	-61.08124253
188.652043	-61.17084827
190.348093	-61.260454
191.9957361	-61.37992832
193.6576412	-61.46953405
195.3986933	-61.55913978
197.155398	-61.6786141
198.8619648	-61.82795699
200.6498057	-61.9474313
202.3866199	-62.06690562
204.2061487	-62.21624851
205.9737464	-62.30585424
207.8255247	-62.3655914
209.6939512	-62.42532855
211.5090511	-62.54480287
213.4105938	-62.66427718
215.2578647	-62.81362007
217.1931106	-62.93309438
219.0731228	-63.0525687
221.0426693	-63.23178017
222.9560031	-63.41099164
224.8858986	-63.59020311
226.907704	-63.76941458
228.8718052	-63.97849462
230.8529076	-64.15770609
232.9283585	-64.30704898
234.9445742	-64.45639188
237.0568107	-64.54599761
239.188037	-64.63560335
241.2584362	-64.72520908
243.4274366	-64.81481481
245.6159371	-64.93428913
247.824113	-65.05376344
250.0521413	-65.17323775
252.2165795	-65.29271207
254.4840976	-65.41218638
256.6868986	-65.53166069
258.9946065	-65.68100358
261.2364503	-65.86021505
263.4976993	-66.03942652
265.8666387	-66.21863799
268.1679665	-66.39784946
270.4892144	-66.54719235
272.92101	-66.63679809
275.3746684	-66.72640382
277.7582971	-66.87574671
280.2554445	-67.05495818
282.681321	-67.23416965
285.1281957	-67.38351254
287.6916011	-67.53285544
290.1818445	-67.74193548
292.6936434	-67.95101553
295.2271843	-68.10035842
297.7826553	-68.27956989
300.260697	-68.5483871
302.75936	-68.8172043
305.278816	-69.08602151
307.8192381	-69.35483871
310.3808006	-69.62365591
313.0674406	-69.9223417
315.6726768	-70.16129032
318.4051229	-70.34050179
321.2676999	-70.48984468
324.0485763	-70.63918757
326.96189	-70.78853047
329.792055	-70.99761051
332.5364675	-71.23655914
335.4148858	-71.44563919
338.4303867	-71.62485066
341.3598224	-71.89366786
344.0864182	-72.22222222
346.9497833	-72.520908
349.9529625	-72.78972521
352.982137	-72.96893668
356.1555739	-73.17801673
359.1193742	-73.44683393
361.8678487	-73.80525687
364.7582514	-74.13381123
367.7936402	-74.46236559
370.7313749	-74.85065711
373.5687203	-75.23894863
376.5525832	-75.56750299
379.4344806	-75.92592593
382.3384341	-76.31421744
385.2646127	-76.73237754
388.0845196	-77.21027479
390.7955009	-77.71804062
393.3949923	-78.25567503
396.1430701	-78.79330944
398.9103447	-79.33094385
401.6969502	-79.86857826
404.2349344	-80.43608124
406.9238222	-81.00358423
409.6305958	-81.57108722
412.2187061	-82.1385902
414.5482413	-82.76583035
416.8909413	-83.42293907
419.1079278	-84.05017921
421.197059	-84.73715651
423.1563093	-85.42413381
425.1246732	-86.11111111
426.8191281	-86.82795699
428.8045301	-87.51493429
430.9419961	-88.17204301
432.6596376	-88.85902031
433.3773406	-89.60573477
433.8085337	-90.41218638
434.6722074	-91.18876941
436.1154865	-91.87574671
437.9989159	-92.56272401
439.8904793	-93.24970131
441.497412	-93.96654719
443.4040841	-94.68339307
445.7620651	-95.31063321
446.6495372	-96.02747909
447.2421667	-96.77419355
447.6871548	-95.96774194
449.9187451	-95.54958184
452.0115978	-94.89247312
453.8132182	-94.17562724
455.773078	-93.48864994
457.7414017	-92.80167264
459.8706425	-92.11469534
461.8566621	-91.36798088
463.6975229	-90.65113501
465.7000695	-89.96415771
467.5562492	-89.24731183
469.1087159	-88.50059737
470.6663373	-87.75388292
472.2291307	-87.00716846
474.2685223	-86.32019116
476.474641	-85.63321386
478.5323675	-84.91636798
480.5989806	-84.22939068
483.1547605	-83.57228196
486.0462625	-82.94504182
489.1171788	-82.31780167
492.2074977	-81.72043011
495.4815609	-81.1827957
498.9427688	-80.67502987
502.2616336	-80.13739546
505.6025749	-79.56989247
509.3032838	-79.09199522
513.2011717	-78.73357228
517.1288917	-78.37514934
520.9139663	-77.92712067
524.5528335	-77.44922342
528.3922469	-76.97132616
532.2597626	-76.52329749
536.1555862	-76.07526882
540.0799249	-75.59737157
544.213358	-75.14934289
548.560237	-74.76105137
552.9418365	-74.37275986
557.1737066	-73.98446834
561.8103085	-73.65591398
566.4854947	-73.41696535
571.3889635	-73.17801673
576.1438598	-72.90919952
580.7457822	-72.58064516
585.5785426	-72.28195938
590.2558241	-71.9832736
594.9704652	-71.65471924
600.1204985	-71.35603345
605.1144884	-71.05734767
609.9478124	-70.78853047
615.2274887	-70.57945042
620.5528657	-70.43010753
625.9243389	-70.22102748
631.3423072	-69.95221027
637.0183024	-69.71326165
642.3193428	-69.47431302
647.6644965	-69.29510155
653.2706466	-69.20549582
658.9253231	-69.11589008
664.6289463	-68.90681004
670.1597526	-68.60812425
675.7365844	-68.30943847
681.5857249	-68.10035842
687.7134266	-67.95101553
693.666238	-67.80167264
699.9025479	-67.68219833
705.9608677	-67.47311828
711.8356237	-67.20430108
717.9972356	-66.99522103
724.4522899	-66.84587814
730.7231111	-66.7562724
737.2925756	-66.63679809
743.6745416	-66.45758662
750.3604441	-66.27837515
756.8555249	-66.12903226
763.4068267	-65.97968937
770.2701296	-65.83034648
776.9375476	-65.62126643
783.6626784	-65.41218638
790.7080887	-65.23297491
797.5524165	-65.08363202
804.7227006	-64.99402628
811.9574482	-64.90442055
818.9857094	-64.75507766
825.801018	-64.51612903
832.6730411	-64.27718041
839.8806154	-64.09796894
847.4314453	-63.94862605
854.7667676	-63.76941458
862.165584	-63.62007168
869.6284442	-63.47072879
877.4467178	-63.35125448
885.3352805	-63.26164875
893.2947642	-63.11230585
901.027077	-62.96296296
909.1276356	-62.87335723
917.3010212	-62.78375149
925.5478885	-62.6344086
933.5593826	-62.48506571
941.6402238	-62.30585424
949.7910123	-62.15651135
958.3299763	-62.00716846
966.6252305	-61.82795699
974.6691428	-61.55913978
983.4317702	-61.55913978
992.2731768	-61.55913978
1001.194071	-61.55913978
1010.195167	-61.55913978
1019.277186	-61.46953405
1028.099996	-61.32019116
1036.999176	-61.14097969
1046.322173	-60.96176822
1055.379083	-60.75268817
1064.514389	-60.60334528
1074.084757	-60.51373955
1083.741167	-60.48387097
1093.484391	-60.48387097
1103.315211	-60.48387097
1113.234413	-60.45400239
1123.242792	-60.39426523
1132.965523	-60.3046595
1143.151292	-60.21505376
1153.428634	-60.09557945
1163.798374	-60.00597372
1174.261341	-59.94623656
1184.818375	-59.85663082
1195.074101	-59.76702509
1205.818248	-59.67741935
1216.658989	-59.58781362
1227.597193	-59.49820789
1238.633735	-59.43847073
1249.769499	-59.37873357
1260.587438	-59.25925926
1271.920575	-59.16965352
1283.3556	-59.05017921
1294.464259	-58.9307049
1305.669073	-58.78136201
1316.970877	-58.60215054
1328.370508	-58.45280765
1340.313038	-58.33333333
1352.362936	-58.21385902
1364.068919	-58.09438471
1376.332391	-57.97491039
1388.245852	-57.8255675
1400.726683	-57.67622461
1412.8513	-57.58661888
1425.553343	-57.52688172
1438.369582	-57.43727599
1450.820034	-57.31780167
1463.378257	-57.25806452
1476.534555	-57.22819594
1489.809134	-57.16845878
1502.704844	-57.07885305
1516.214703	-57.01911589
1529.84602	-56.95937873
1543.599888	-56.83990442
1557.477408	-56.75029869
1571.479692	-56.72043011
1585.607862	-56.63082437
1599.332801	-56.48148148
1613.71138	-56.33213859
1628.219228	-56.24253286
1642.857506	-56.21266428
1657.627388	-56.09318996
1671.975724	-55.94384707
1687.007389	-55.82437276
1702.174195	-55.7646356
1717.477355	-55.64516129
1732.918096	-55.4958184
1748.497655	-55.40621266
1764.21728	-55.37634409
1780.07823	-55.31660693
1796.081776	-55.25686977
1812.2292	-55.19713262
1828.521794	-55.10752688
1844.960865	-54.98805257
1860.93075	-54.86857826
1877.661189	-54.74910394
1893.914126	-54.62962963
1910.941098	-54.51015532
1927.482104	-54.390681
1944.810864	-54.27120669
1962.295415	-54.18160096
1979.937159	-54.09199522
1997.075392	-53.97252091
2014.361972	-53.82317802
2032.471813	-53.7037037
2050.744468	-53.67383513
2069.181401	-53.61409797
2087.092127	-53.55436081
2105.855839	-53.52449223
2124.788243	-53.52449223
2143.890856	-53.49462366
2163.165209	-53.4348865
2181.889454	-53.31541219
2201.505427	-53.22580645
2221.297756	-53.22580645
2241.268024	-53.22580645
2261.417833	-53.1660693
2281.748795	-53.07646356
2302.26254	-52.95698925
2322.190805	-52.80764636
2343.068138	-52.71804062
2364.133166	-52.68817204
2385.387577	-52.65830346
2406.833072	-52.59856631
2427.666493	-52.479092
2449.492091	-52.38948626
2471.513909	-52.3297491
2493.733711	-52.27001195
2515.31934	-52.15053763
2537.932969	-52.00119474
2560.749902	-51.91158901
2583.771968	-51.82198327
2606.136963	-51.73237754
2629.567075	-51.6427718
2653.207832	-51.55316607
2676.17386	-51.43369176
2700.233629	-51.3739546
2724.509704	-51.3739546
2749.00403	-51.34408602
2773.718568	-51.25448029
2797.727731	-51.13500597
2822.880313	-51.04540024
2847.315017	-50.92592593
2872.913407	-50.80645161
2898.741936	-50.6869773
2923.833294	-50.56750299
2950.119611	-50.44802867
2976.642251	-50.35842294
3003.403339	-50.2688172
3030.405019	-50.14934289
3057.649454	-50.05973716
3085.138826	-49.97013142
3111.843627	-49.85065711
3139.820224	-49.67144564
3166.998344	-49.52210275
3195.470802	-49.40262843
3224.199238	-49.3130227
3253.185952	-49.25328554
3282.433268	-49.19354839
3311.943528	-49.19354839
3341.719096	-49.22341697
3371.762357	-49.16367981
3400.948155	-49.01433692
3431.523907	-48.86499403
3461.226998	-48.71565114
3492.344678	-48.56630824
3523.742117	-48.47670251
3555.421831	-48.38709677
3587.386356	-48.29749104
3619.638254	-48.2078853
3652.180109	-48.14814815
3685.014526	-48.11827957
3718.144137	-48.08841099
3751.571595	-47.99880526
3784.045002	-47.84946237
3818.064932	-47.70011947
3852.390714	-47.58064516
3887.025097	-47.43130227
3921.970856	-47.34169654
3957.230789	-47.2520908
3992.807722	-47.16248507
4028.704505	-47.10274791
4064.924013	-47.07287933
4101.469147	-46.9832736
4136.971249	-46.89366786
4174.164114	-46.80406213
4211.691356	-46.68458781
4248.147536	-46.59498208
4286.339915	-46.53524492
4324.875658	-46.47550777
4363.757852	-46.35603345
4402.98961	-46.20669056
4441.101657	-46.08721625
4481.028764	-45.99761051
4521.31483	-45.90800478
4560.451095	-45.81839904
4601.451196	-45.72879331
4642.819903	-45.63918757
4683.00791	-45.51971326
4725.109841	-45.45997611
4767.590284	-45.43010753
4810.452641	-45.37037037
4852.091668	-45.22102748
4894.09112	-45.07168459
4936.454116	-44.9223417
4980.834621	-44.77299881
5023.948465	-44.65352449
5069.115575	-44.53405018
5112.993574	-44.47431302
5158.961232	-44.5041816
5205.342155	-44.5041816
5252.14006	-44.47431302
5297.60231	-44.41457587
5345.229666	-44.35483871
5393.28521	-44.29510155
5441.772791	-44.17562724
5490.696292	-44.08602151
5540.059634	-44.02628435
5589.86677	-43.90681004
5638.252364	-43.75746714
5687.056782	-43.60812425
5738.185475	-43.5483871
5789.773833	-43.5483871
5841.82599	-43.48864994
5892.39253	-43.33930705
5945.367266	-43.21983274
5998.818263	-43.130227
6050.74372	-43.04062127
6105.14209	-43.01075269
6160.029521	-42.95101553
6215.41041	-42.89127838
6271.289193	-42.80167264
6327.670346	-42.68219833
6384.558386	-42.53285544
6439.82279	-42.38351254
6495.565559	-42.1744325
6551.790835	-41.99522103
6610.693799	-41.90561529
6670.126323	-41.81600956
6727.862587	-41.69653524
6788.3485	-41.57706093
6847.10809	-41.36798088
6906.376299	-41.12903226
6966.157532	-40.94982079
7026.456227	-40.83034648
7089.626604	-40.8004779
7153.364906	-40.74074074
7217.676239	-40.65113501
7282.565753	-40.56152927
7345.603262	-40.41218638
7411.642886	-40.23297491
7475.797679	-39.99402628
7540.507793	-39.81481481
7608.29968	-39.66547192
7674.156724	-39.51612903
7740.583823	-39.33691756
7810.174466	-39.18757467
7880.390753	-39.06810036
7951.23831	-38.94862605
8020.063813	-38.82915173
8092.167082	-38.67980884
8159.507226	-38.44086022
8227.407751	-38.20191159
8301.375116	-38.02270012
8373.231385	-37.81362007
8445.709638	-37.6344086
8521.639616	-37.51493429
8595.402483	-37.33572282
8669.803837	-37.09677419
8744.849206	-36.82795699
8820.544163	-36.55913978
8893.945603	-36.32019116
8970.931131	-36.05137395
9048.583042	-35.84229391
9126.907104	-35.66308244
9208.961293	-35.51373955
9285.595003	-35.3046595
9359.763263	-34.97610514
9434.523939	-34.6176822
9509.881762	-34.22939068
9585.841503	-33.87096774
9665.611476	-33.54241338
9742.8151	-33.21385902
9817.380498	-32.85543608
9892.516571	-32.46714456
9968.22769	-31.98924731
10041.18916	-31.51135006
10107.98109	-30.97371565
10171.8449	-30.37634409
10239.50592	-29.8088411
10311.03443	-29.24133811
10372.74215	-28.64396655
10424.44725	-27.98685783
10472.93786	-27.3297491
10521.65403	-26.6427718
10563.59106	-25.92592593
10609.2115	-25.20908005
10655.02895	-24.52210275
10697.49759	-23.80525687
10740.1355	-23.08841099
10793.67196	-22.40143369
10854.66929	-21.77419355
10937.74412	-22.01314217
11028.76414	-22.31182796
11113.17139	-22.72998805
11190.80293	-23.2078853
11272.71292	-23.65591398
11351.45895	-24.13381123
11423.17924	-24.70131422
11495.35268	-25.2688172
11575.65396	-25.80645161
11660.38084	-26.34408602
11734.05295	-26.91158901
11792.54379	-27.53882915
11847.39827	-28.22580645
11910.40161	-28.88291517
11977.70981	-29.51015532
12041.40614	-30.16726404
12101.42905	-30.85424134
12169.81679	-31.4516129
12242.64863	-31.98924731
12315.91634	-32.58661888
12377.3076	-33.2437276
12434.88218	-33.9307049
12492.72457	-34.6176822
12559.1597	-35.27479092
12625.94812	-35.90203106
12697.30003	-36.49940263
12781.75986	-37.06690562
12866.7815	-37.6344086
12943.78441	-38.26164875
13008.30542	-38.94862605
13068.81516	-39.63560335
13129.60637	-40.32258065
13190.68036	-41.03942652
13252.03844	-41.7562724
13313.68194	-42.41338112
13371.17905	-43.10035842
13420.02435	-43.8172043
13473.51367	-44.53405018
13531.70104	-45.22102748
13594.64542	-45.90800478
13662.41077	-46.59498208
13721.41392	-47.31182796
13776.10451	-48.02867384
13826.42902	-48.74551971
13881.53818	-49.46236559
13936.86698	-50.17921147
13983.14274	-50.89605735
14029.57216	-51.67264038
14076.15574	-52.41935484
14118.21319	-53.1660693
14155.70308	-53.91278375
14193.29251	-54.68936679
14235.69996	-55.46594982
14282.96796	-56.1827957
14330.39291	-56.92951016
14377.97533	-57.67622461
14425.71574	-58.42293907
14473.61467	-59.16965352
14526.4872	-59.8864994
14584.38664	-60.60334528
14632.81241	-61.37992832
14671.66878	-62.12664277
14710.62832	-62.93309438
14764.36668	-63.70967742
14847.80324	-64.24731183
14941.61399	-64.27718041
15021.07208	-63.79928315
15090.94445	-63.11230585
15156.11694	-62.3655914
15226.61749	-61.6786141
15297.44598	-61.02150538
15368.60395	-60.33452808
15450.33273	-59.67741935
15527.34814	-59.02031063
15584.07	-58.30346476
15630.63288	-57.5567503
15687.73203	-56.81003584
15755.48183	-56.09318996
15818.27977	-55.37634409
15881.32801	-54.68936679
15939.34297	-53.97252091
15997.56985	-53.25567503
16050.68794	-52.50896057
16103.9824	-51.76224612
16168.16939	-51.04540024
16243.37763	-50.35842294
16335.1724	-49.7311828
16432.93234	-49.13381123
16531.27735	-48.53643967
16646.7573	-48.02867384
16768.60162	-47.55077658
16891.33777	-47.10274791
17014.97228	-46.65471924
17139.51171	-46.20669056
17270.68679	-45.78853047
17414.40732	-45.45997611
17559.32384	-45.16129032
17699.57813	-44.80286738
17835.0396	-44.41457587
17977.49615	-44.05615293
18121.09057	-43.66786141
18265.83194	-43.30943847
18417.83372	-43.04062127
18577.25752	-42.77180406
18731.85087	-42.50298686
18887.73069	-42.23416965
19044.90769	-41.96535245
19203.39265	-41.66666667
19356.77886	-41.33811231
19517.85911	-41.00955795
19680.27981	-40.71087216
19844.05212	-40.35244922
19995.92605	-39.93428913
20148.96233	-39.60573477
20323.37069	-39.39665472
20506.08513	-39.18757467
20669.87654	-38.85902031
20814.26686	-38.41099164
20952.71909	-37.87335723
21106.08048	-37.39545998
21267.61318	-36.97729988
21416.17902	-36.49940263
21565.78266	-35.9916368
21716.43137	-35.45400239
21868.13245	-34.91636798
22020.89324	-34.37873357
22160.02469	-33.81123059
22292.64421	-33.18399044
22426.05741	-32.5567503
22567.74875	-31.95937873
22687.76191	-31.30227001
22785.74237	-30.58542413
22891.73307	-29.89844683
22937.30845	-29.62962963
23013.46914	-29.24133811
23089.88272	-30.19713262
23204.97907	-30.88410992
23297.4691	-31.60095579
23374.82566	-32.34767025
23421.36283	-33.12425329
23460.21458	-33.9307049
23499.13077	-34.70728793
23545.91543	-35.51373955
23584.97378	-36.29032258
23631.92934	-37.06690562
23678.97838	-37.87335723
23726.1211	-38.64994026
23773.35767	-39.4265233
23812.79331	-40.23297491
23852.29436	-41.00955795
23891.86094	-41.78614098
23931.49316	-42.56272401
23971.19112	-43.33930705
24010.95493	-44.14575866
24090.68054	-44.89247312
24234.85432	-45.48984468
24404.14795	-46.02747909
24582.77174	-46.50537634
24779.12549	-46.8339307
24993.6123	-46.89366786
25201.60028	-46.68458781
25386.06094	-46.26642772
25563.39637	-45.78853047
25733.43884	-45.25089606
25904.61239	-44.68339307
26051.00484	-44.08602151
26180.86153	-43.42891278
26311.36551	-42.77180406
26468.82927	-42.14456392
26662.56529	-41.69653524
26893.35506	-41.42771804
27126.14254	-41.18876941
27360.94501	-40.91995221
27588.63309	-40.59139785
27799.77919	-40.20310633
28012.54126	-39.81481481
28236.29014	-39.51612903
28471.26253	-39.24731183
28717.70829	-39.0083632
28966.28727	-38.79928315
29217.01794	-38.62007168
29469.91892	-38.44086022
29725.009	-38.26164875
29992.24756	-38.08243728
30251.85888	-37.87335723
30513.71739	-37.6344086
30777.84253	-37.45519713
31054.54645	-37.33572282
31323.35298	-37.18637993
31594.48628	-37.00716846
31867.9665	-36.79808841
32133.16042	-36.55913978
32411.30338	-36.37992832
32691.85392	-36.20071685
32974.8329	-36.08124253
33271.28855	-35.93189964
33548.16041	-35.69295102
33827.3363	-35.45400239
34120.14396	-35.3046595
34426.89637	-35.24492234
34736.40659	-35.24492234
35048.69942	-35.18518519
35352.07913	-35.06571087
35669.90708	-34.85663082
35978.66394	-34.64755078
36290.09337	-34.46833931
36616.35441	-34.34886499
36933.30366	-34.1995221
37265.34739	-34.08004779
37587.91428	-33.96057348
37925.8432	-33.81123059
38254.12732	-33.60215054
38585.25304	-33.42293907
38919.24497	-33.2437276
39256.12792	-33.00477897
39595.92691	-32.76583035
39938.66719	-32.58661888
40297.73022	-32.49701314
40660.02136	-32.40740741
41025.56963	-32.31780167
41394.4043	-32.25806452
41766.55494	-32.1385902
42128.08405	-31.98924731
42506.83074	-31.89964158
42888.98249	-31.81003584
43274.56992	-31.66069295
43634.68554	-31.42174432
44012.3851	-31.15292712
44378.64055	-30.88410992
44762.77975	-30.70489845
45165.21329	-30.55555556
45556.16102	-30.34647551
45950.49276	-30.13739546
46348.23783	-29.95818399
46764.92521	-29.8088411
47169.71996	-29.65949821
47578.01859	-29.51015532
47989.85143	-29.30107527
48405.24908	-29.09199522
48824.24238	-28.94265233
49246.86247	-28.76344086
49656.67739	-28.46475508
50036.71846	-28.07646356
50436.38443	-27.71804062
50839.24272	-27.35961768
51245.31882	-27.00119474
51671.76419	-26.6427718
52084.49001	-26.28434886
52500.51247	-25.89605735
52902.31847	-25.47789725
53271.86991	-24.97013142
53608.44992	-24.37275986
53893.53458	-23.71565114
53965.04232	-23.56630824
54126.28181	-22.99880526
54378.05691	-23.95459976
54558.61299	-24.67144564
54667.23427	-25.47789725
54812.39912	-26.25448029
55012.63041	-26.97132616
55250.21063	-27.65830346
55507.21382	-28.34528076
55709.98328	-29.06212664
55857.91708	-29.8088411
56024.8122	-30.55555556
56266.76367	-31.24253286
56509.76005	-31.92951016
56716.19184	-32.64635603
56961.12914	-33.42293907
57226.09088	-34.16965352
57568.5678	-34.67741935
57836.35511	-34.82676225
58086.13	-34.52807646
58240.37348	-34.34886499
58608.34527	-33.78136201
58959.09447	-33.18399044
59272.63336	-32.5567503
59568.09021	-31.89964158
59884.86767	-31.27240143
60263.22964	-30.70489845
60664.08827	-30.16726404
61067.61332	-29.62962963
61534.98654	-29.18160096
62047.05887	-28.91278375
62584.13497	-28.79330944
63146.78893	-28.76344086
63714.50135	-28.7037037
64244.71084	-28.52449223
64779.33253	-28.25567503
65296.75445	-27.92712067
65796.49487	-27.53882915
66300.05998	-27.12066906
66785.33682	-26.6427718
67162.75491	-26.01553166
67542.30587	-25.38829152
68059.23232	-25
68625.59712	-24.70131422
69196.675	-24.40262843
69795.6378	-24.13381123
70399.78519	-23.92473118
71032.70467	-23.83512545
71671.31432	-23.83512545
72315.6653	-23.83512545
72965.80923	-23.86499403
73621.79819	-23.92473118
74283.68473	-24.0442055
74926.68042	-24.13381123
75600.29832	-24.22341697
76279.97229	-24.28315412
76940.24774	-24.19354839
77554.80441	-23.92473118
78148.36025	-23.50657109
78746.45879	-23.02867384
79322.83584	-22.55077658
79876.94896	-22.04301075
80461.60052	-21.5651135
81050.53138	-21.11708483
81616.71339	-20.63918757
82214.09899	-20.22102748
82843.31415	-19.80286738
83477.34492	-19.41457587
84172.01378	-19.08602151
84900.60233	-18.78733572
85578.74196	-18.42891278
86233.70798	-18.04062127
86922.49574	-17.62246117
87558.7165	-17.14456392
88199.59401	-16.69653524
88874.61839	-16.30824373
89525.12752	-15.86021505
90210.29671	-15.3823178
90840.46465	-14.90442055
91475.03466	-14.4265233
92114.03748	-13.94862605
92788.25723	-13.50059737
93529.39914	-13.14217443
94307.71762	-12.84348865
95124.0403	-12.69414576
95979.23975	-12.6344086
96842.12776	-12.60454002
97712.77344	-12.66427718
98558.5701	-12.84348865
99411.68793	-13.02270012
100272.1903	-13.11230585
101173.6735	-13.20191159
102049.4275	-13.38112306
102864.5426	-13.64994026
103720.5448	-13.94862605
104583.6704	-14.24731183
105453.9786	-14.51612903
106296.2874	-14.87455197
107109.8125	-15.29271207
107858.0328	-15.8004779
108575.4823	-16.36798088
109189.0653	-17.02508961
109733.3411	-17.68219833
110390.0544	-18.24970131
111198.0437	-18.72759857
112011.9469	-19.17562724
112831.8075	-19.62365591
113657.6689	-20.04181601
114489.5752	-20.51971326
115289.3471	-20.99761051
116171.6995	-21.38590203
117138.4391	-21.65471924
118113.2237	-21.92353644
119096.12	-22.2520908
120047.3948	-22.64038232
120926.07	-23.11827957
121770.8043	-23.56630824
122702.7617	-23.98446834
123641.8517	-24.40262843
124546.8362	-24.82078853
125500.0396	-25.20908005
126502.4654	-25.53763441
127512.8979	-25.83632019
128531.4013	-26.22461171
129472.1744	-26.67264038
130463.0732	-27.15053763
131417.985	-27.56869773
132467.6801	-27.92712067
133525.7596	-28.28554361
134636.9136	-28.58422939
135712.3197	-28.88291517
136750.9767	-29.21146953
137843.2688	-29.54002389
138990.3516	-29.83870968
140146.98	-30.10752688
141313.2334	-30.37634409
142489.1921	-30.64516129
143674.9366	-30.91397849
144918.5793	-31.15292712
146172.987	-31.33213859
147438.2527	-31.54121864
148665.1815	-31.81003584
149802.9716	-32.16845878
150999.5159	-32.52688172
152155.1715	-32.88530466
153421.3529	-33.18399044
154749.3601	-33.39307049
156088.8625	-33.60215054
157439.9595	-33.87096774
158644.9062	-34.25925926
159806.0922	-34.70728793
160975.7773	-35.15531661
162154.0239	-35.60334528
163395.0491	-35.9916368
164645.5723	-36.37992832
165960.6712	-36.76821983
167230.8301	-37.18637993
168454.8599	-37.66427718
169631.6087	-38.17204301
170873.2108	-38.67980884
172066.853	-39.18757467
173268.8334	-39.66547192
174537.0578	-40.1135006
175756.294	-40.62126643
176984.0472	-41.15890084
178220.377	-41.69653524
179405.8623	-42.23416965
180659.1098	-42.77180406
181860.8171	-43.30943847
183191.9296	-43.75746714
184593.9658	-44.14575866
186006.7322	-44.53405018
187430.3111	-44.95221027
188739.6137	-45.45997611
189932.1001	-46.05734767
191005.4467	-46.68458781
192021.1955	-47.28195938
193042.3461	-47.90919952
194068.927	-48.56630824
195165.6517	-49.19354839
196398.7388	-49.76105137
197770.6907	-50.29868578
199086.2207	-50.83632019
200277.6779	-51.43369176
201276.0039	-52.09080048
202212.2641	-52.83751493
203355.0085	-53.52449223
204775.5537	-53.88291517
206274.3885	-53.76344086
207646.4833	-53.28554361
208750.7277	-52.62843489
209721.7575	-51.94145759
210627.4721	-51.25448029
211607.2318	-50.56750299
212450.6524	-49.88052569
213226.7409	-49.13381123
214005.6643	-48.38709677
214858.6446	-47.70011947
215715.0247	-46.9832736
216646.6221	-46.2962963
217726.5425	-45.609319
218666.8269	-44.89247312
219465.6232	-44.14575866
220194.3335	-43.36917563
220925.4634	-42.62246117
221806.0245	-41.90561529
222985.568	-41.24850657
224245.7067	-40.59139785
225662.5261	-39.99402628
227238.9015	-39.54599761
228978.0456	-39.18757467
230806.9971	-38.85902031
232650.5573	-38.47072879
234353.4204	-38.02270012
235912.2913	-37.45519713
237324.1388	-36.85782557
238665.3078	-36.23058542
240093.6311	-35.63321386
241770.8156	-35.12544803
243459.7161	-34.6176822
244997.9327	-34.05017921
246300.8085	-33.42293907
247692.7066	-32.79569892
249092.4705	-32.16845878
250666.2757	-31.63082437
252501.0032	-31.1827957
254433.4875	-30.7646356
255786.5407	-31.30227001
257061.5623	-31.98924731
258257.3159	-32.67622461
259544.6536	-33.30346476
260751.9577	-33.96057348
261791.2585	-34.70728793
262660.5063	-35.45400239
263532.6402	-36.20071685
264407.67	-36.91756272
265285.6052	-37.66427718
266166.4555	-38.41099164
266696.369	-39.18757467
267493.2179	-39.93428913
268292.4478	-40.68100358
269094.0656	-41.42771804
270077.074	-42.1744325
271153.5428	-42.89127838
272144.0746	-43.60812425
273138.2248	-44.35483871
274226.8947	-45.10155317
275411.1842	-45.84826762
276967.5912	-46.44563919
278902.3603	-46.68458781
281130.08	-46.50537634
283093.9264	-46.02747909
284599.3931	-45.37037037
285639.043	-44.65352449
286397.5366	-43.90681004
287348.4867	-43.16009558
288493.7955	-42.4432497
289931.8533	-41.7562724
291570.3196	-41.12903226
293412.5065	-40.56152927
295266.3326	-39.99402628
297427.5059	-39.51612903
299803.1943	-39.12783751
302197.8584	-38.79928315
304712.6418	-38.47072879
307146.52	-38.0525687
309394.6491	-37.60454002
311659.2331	-37.18637993
314148.5968	-36.85782557
316762.83	-36.55913978
319398.8179	-36.29032258
322056.7416	-36.02150538
324736.7836	-35.75268817
327439.1279	-35.45400239
330163.9602	-35.18518519
333021.8422	-35.00597372
335904.4618	-34.85663082
338812.0333	-34.70728793
341744.7725	-34.55794504
344817.1814	-34.43847073
347917.2123	-34.28912784
350928.7655	-34.13978495
354083.7418	-34.08004779
357267.0824	-34.08004779
360479.0424	-34.05017921
363719.8791	-34.05017921
366989.8521	-34.05017921
370289.2233	-34.05017921
373618.2571	-34.08004779
376977.2201	-34.05017921
380366.3814	-33.99044205
383786.0124	-33.87096774
387108.0441	-33.63201912
390588.2851	-33.36320191
393708.091	-33.00477897
395801.7933	-32.46714456
397116.0076	-31.75029869
398038.5531	-30.97371565
398831.0121	-30.19713262
399492.5996	-29.42054958
400420.6662	-28.64396655
402149.9423	-27.95698925
404690.7886	-27.44922342
408058.4818	-27.18040621
411727.0748	-27.12066906
415428.6498	-27.15053763
419163.5033	-27.15053763
422931.9345	-27.15053763
426734.2452	-27.24014337
430428.0345	-27.35961768
434297.7379	-27.41935484
438202.2313	-27.41935484
442141.8276	-27.41935484
446116.8422	-27.41935484
450127.5936	-27.35961768
454174.4031	-27.27001195
458257.5949	-27.18040621
462377.4961	-27.09080048
466534.4367	-27.00119474
470728.7497	-26.88172043
474803.3531	-26.73237754
479072.0066	-26.58303465
483218.8289	-26.43369176
487563.1405	-26.3739546
491946.5091	-26.3739546
496369.2858	-26.3739546
500665.8324	-26.28434886
504999.5697	-26.16487455
509539.6981	-26.07526882
514120.6439	-25.9557945
518742.774	-25.83632019
523232.9843	-25.71684588
527937.0377	-25.56750299
532330.3425	-25.32855436
536582.3065	-25.02986858
541047.5541	-24.7311828
545549.96	-24.46236559
550089.8332	-24.16367981
554667.4857	-23.86499403
559283.2318	-23.59617682
563937.3885	-23.3572282
568630.2754	-23.11827957
573362.2149	-22.87933094
578325.2082	-22.6702509
583524.5606	-22.520908
588575.5187	-22.34169654
593670.1976	-22.13261649
598610.5104	-21.8339307
603591.9348	-21.53524492
608614.8127	-21.26642772
613882.9507	-21.05734767
619196.6895	-20.84826762
624142.4944	-20.48984468
628710.8447	-20.07168459
633732.6435	-19.74313023
639218.2001	-19.59378734
644965.0024	-19.65352449
650547.7858	-19.86260454
655961.4137	-20.22102748
660105.8806	-20.75866189
662736.9198	-21.47550777
664717.0788	-22.2520908
666482.1865	-23.02867384
668473.5359	-23.77538829
670248.6186	-24.55197133
672028.4149	-25.32855436
674036.3356	-26.1051374
676274.3956	-26.82198327
678744.8456	-27.56869773
681450.1757	-28.31541219
684166.2887	-29.03225806
688032.6573	-29.62962963
693068.6455	-29.92831541
698604.4992	-29.86857826
703951.18	-29.51015532
709103.6822	-29.03225806
714057.1568	-28.55436081
719283.6287	-28.10633214
724788.5745	-27.71804062
730093.5941	-27.27001195
735437.4432	-26.7921147
741066.0202	-26.40382318
747232.9087	-26.19474313
753950.8023	-26.07526882
760729.0921	-26.04540024
767568.3212	-26.13500597
773955.7526	-26.43369176
780137.6883	-26.7921147
786369.002	-27.0609319
793175.771	-27.18040621
800306.7074	-27.15053763
807501.7536	-27.0609319
814491.4465	-26.88172043
821541.6419	-26.61290323
828103.6678	-26.25448029
834164.8921	-25.77658303
839991.9871	-25.29868578
846420.759	-24.85065711
853181.5057	-24.49223417
860281.3796	-24.19354839
867152.8373	-23.83512545
873499.8782	-23.41696535
880185.0985	-22.99880526
886627.5278	-22.55077658
893709.4241	-22.10274791
901146.557	-21.8339307
908344.4234	-21.92353644
914386.5439	-22.34169654
919858.8081	-22.9390681
925363.8217	-23.59617682
929976.4914	-24.25328554
933683.1765	-24.97013142
937093.9483	-25.6869773
940829.002	-26.40382318
945205.3845	-27.09080048
951177.34	-27.62843489
958774.825	-28.0167264
967073.9297	-28.28554361
975444.8711	-28.46475508
984214.4726	-28.4348865
992404.7563	-28.22580645
1000663.197	-27.95698925
	
	
	
	
