   2.0000000e+01  -3.9892933e+01  -4.0167754e+01
   2.9000000e+01  -4.3120532e+01  -4.3395039e+01
   3.8000000e+01  -4.5664325e+01  -4.5592013e+01
   4.7000000e+01  -4.7655286e+01  -4.7589510e+01
   5.6000000e+01  -4.8871517e+01  -4.9140423e+01
   6.5000000e+01  -5.0258453e+01  -5.0564601e+01
   7.4000000e+01  -5.1620090e+01  -5.1655131e+01
   8.3000000e+01  -5.2579793e+01  -5.2764270e+01
   9.2000000e+01  -5.3738388e+01  -5.3781200e+01
   1.0100000e+02  -5.4408182e+01  -5.4516168e+01
   1.1000000e+02  -5.5257832e+01  -5.5606778e+01
   1.1900000e+02  -5.6076766e+01  -5.6232734e+01
   1.2800000e+02  -5.6955188e+01  -5.6902359e+01
   1.3700000e+02  -5.7498717e+01  -5.7762895e+01
   1.4600000e+02  -5.8134274e+01  -5.8196986e+01
   1.5500000e+02  -5.8939530e+01  -5.8853486e+01
   1.6400000e+02  -5.9702171e+01  -5.9722717e+01
   1.7300000e+02  -6.0033477e+01  -6.0040508e+01
   1.8200000e+02  -6.0541678e+01  -6.0609307e+01
   1.9100000e+02  -6.1269440e+01  -6.1332657e+01
   2.0000000e+02  -6.1967037e+01  -6.1871381e+01
   2.0000000e+02  -6.1967037e+01  -6.1871381e+01
   2.0000000e+02  -6.1967037e+01  -6.1871381e+01
   2.0000000e+02  -6.1967037e+01  -6.1871381e+01
   2.0324492e+02  -6.2249301e+01  -6.2145801e+01
   2.0654248e+02  -6.2388147e+01  -6.2347244e+01
   2.0989355e+02  -6.2400673e+01  -6.2531665e+01
   2.1329899e+02  -6.2626445e+01  -6.2551815e+01
   2.1675968e+02  -6.2904638e+01  -6.2840378e+01
   2.2027651e+02  -6.3180910e+01  -6.3122282e+01
   2.2385041e+02  -6.3469383e+01  -6.3507148e+01
   2.2748229e+02  -6.3754930e+01  -6.3917329e+01
   2.3117310e+02  -6.3779903e+01  -6.4284009e+01
   2.3492379e+02  -6.4104215e+01  -6.4308589e+01
   2.3873533e+02  -6.4386280e+01  -6.4565031e+01
   2.4260871e+02  -6.4663119e+01  -6.4759032e+01
   2.4654494e+02  -6.4957449e+01  -6.5003499e+01
   2.5054503e+02  -6.5423578e+01  -6.5265505e+01
   2.5461002e+02  -6.5827530e+01  -6.5524831e+01
   2.5874097e+02  -6.5847918e+01  -6.5548075e+01
   2.6293893e+02  -6.6106597e+01  -6.5904499e+01
   2.6720501e+02  -6.6350996e+01  -6.6293626e+01
   2.7154030e+02  -6.6666610e+01  -6.6598068e+01
   2.7594593e+02  -6.6947986e+01  -6.6839955e+01
   2.8042304e+02  -6.7288597e+01  -6.7221788e+01
   2.8497279e+02  -6.7323324e+01  -6.7243655e+01
   2.8959636e+02  -6.7765951e+01  -6.7582013e+01
   2.9429494e+02  -6.8176809e+01  -6.8005968e+01
   2.9906976e+02  -6.8651892e+01  -6.8408763e+01
   3.0392204e+02  -6.9124411e+01  -6.8961968e+01
   3.0885305e+02  -6.9634384e+01  -6.9515165e+01
   3.1386407e+02  -7.0053376e+01  -7.0088225e+01
   3.1895638e+02  -7.0083560e+01  -7.0461085e+01
   3.2413132e+02  -7.0466280e+01  -7.0784289e+01
   3.2939022e+02  -7.0877715e+01  -7.0818216e+01
   3.3473444e+02  -7.1327227e+01  -7.1285985e+01
   3.4016537e+02  -7.1740313e+01  -7.1734459e+01
   3.4568441e+02  -7.2268679e+01  -7.2354217e+01
   3.5129300e+02  -7.2807573e+01  -7.2889658e+01
   3.5699259e+02  -7.3321911e+01  -7.3370917e+01
   3.6278465e+02  -7.4061558e+01  -7.4029598e+01
   3.6867068e+02  -7.4869712e+01  -7.4734736e+01
   3.7465221e+02  -7.5591923e+01  -7.5448200e+01
   3.8073079e+02  -7.6394269e+01  -7.6140886e+01
   3.8690799e+02  -7.7209894e+01  -7.6931767e+01
   3.9318541e+02  -7.8069192e+01  -7.7761386e+01
   3.9956469e+02  -7.9962916e+01  -7.9742333e+01
   4.0604746e+02  -8.0758024e+01  -8.0621042e+01
   4.1263541e+02  -8.2701621e+01  -8.2653630e+01
   4.1933025e+02  -8.3488275e+01  -8.4664048e+01
   4.2613372e+02  -8.6326781e+01  -8.6401077e+01
   4.3304756e+02  -8.9166396e+01  -8.9202130e+01
   4.4007358e+02  -9.3814408e+01  -9.3884866e+01
   4.4721360e+02  -9.6595833e+01  -9.6063479e+01
   4.5446945e+02  -9.4573467e+01  -9.3718676e+01
   4.6184303e+02  -9.1668707e+01  -9.2109572e+01
   4.6933625e+02  -8.7936110e+01  -8.7862961e+01
   4.7695104e+02  -8.5054685e+01  -8.5082329e+01
   4.8468937e+02  -8.3134179e+01  -8.3277938e+01
   4.9255326e+02  -8.1215685e+01  -8.1239573e+01
   5.0054474e+02  -8.0336196e+01  -8.0396904e+01
   5.0866587e+02  -7.9452566e+01  -7.9487579e+01
   5.1691877e+02  -7.8593325e+01  -7.8714397e+01
   5.2530556e+02  -7.6997060e+01  -7.7065019e+01
   5.3382843e+02  -7.6175414e+01  -7.6255669e+01
   5.4248958e+02  -7.5355522e+01  -7.5410528e+01
   5.5129125e+02  -7.4555271e+01  -7.4614778e+01
   5.6023572e+02  -7.3810991e+01  -7.3872892e+01
   5.6932532e+02  -7.3242941e+01  -7.3316403e+01
   5.7856239e+02  -7.2639786e+01  -7.2753316e+01
   5.8794933e+02  -7.2127224e+01  -7.2134669e+01
   5.9748857e+02  -7.1555798e+01  -7.1502075e+01
   6.0718257e+02  -7.0920496e+01  -7.0903552e+01
   6.1703386e+02  -7.0487704e+01  -7.0480765e+01
   6.2704498e+02  -7.0104726e+01  -7.0007812e+01
   6.3721853e+02  -7.0073398e+01  -6.9483339e+01
   6.4755714e+02  -6.9593593e+01  -6.9470714e+01
   6.5806349e+02  -6.9136743e+01  -6.9191839e+01
   6.6874030e+02  -6.8723699e+01  -6.8830154e+01
   6.7959034e+02  -6.8227054e+01  -6.8238113e+01
   6.9061642e+02  -6.7805800e+01  -6.7874502e+01
   7.0182139e+02  -6.7687176e+01  -6.7539340e+01
   7.1320815e+02  -6.7673642e+01  -6.7041795e+01
   7.2477966e+02  -6.7180710e+01  -6.6760950e+01
   7.3653892e+02  -6.6666667e+01  -6.6742566e+01
   7.4848896e+02  -6.6338056e+01  -6.6407423e+01
   7.6063289e+02  -6.5873419e+01  -6.6065798e+01
   7.7297385e+02  -6.5509542e+01  -6.5706051e+01
   7.8551503e+02  -6.5155511e+01  -6.5280092e+01
   7.9825969e+02  -6.5133035e+01  -6.5002865e+01
   8.1121113e+02  -6.4836957e+01  -6.4984783e+01
   8.2437270e+02  -6.4556763e+01  -6.4705000e+01
   8.3774781e+02  -6.4231268e+01  -6.4224150e+01
   8.5133992e+02  -6.3907998e+01  -6.3864904e+01
   8.6515256e+02  -6.3555840e+01  -6.3530503e+01
   8.7918931e+02  -6.3530433e+01  -6.3281443e+01
   8.9345380e+02  -6.3500597e+01  -6.2966035e+01
   9.0794972e+02  -6.3395195e+01  -6.2949933e+01
   9.2268083e+02  -6.3163685e+01  -6.2731832e+01
   9.3765095e+02  -6.2823405e+01  -6.2396594e+01
   9.5286396e+02  -6.2582358e+01  -6.2060913e+01
   9.6832379e+02  -6.2562199e+01  -6.1615903e+01
   9.8403444e+02  -6.2256221e+01  -6.1559140e+01
   1.0000000e+03  -6.1923915e+01  -6.1559140e+01
   1.0110250e+03  -6.1877650e+01  -6.1477722e+01
   1.0221716e+03  -6.1624212e+01  -6.1369185e+01
   1.0334411e+03  -6.1578179e+01  -6.1248538e+01
   1.0448348e+03  -6.1518248e+01  -6.1112388e+01
   1.0563541e+03  -6.1433469e+01  -6.0619285e+01
   1.0680004e+03  -6.0835359e+01  -6.0546379e+01
   1.0797752e+03  -6.0736811e+01  -6.0501472e+01
   1.0916797e+03  -6.0680769e+01  -6.0483871e+01
   1.1037155e+03  -6.0668529e+01  -6.0455208e+01
   1.1158840e+03  -6.0577497e+01  -6.0410080e+01
   1.1281866e+03  -6.0490389e+01  -6.0350223e+01
   1.1406249e+03  -6.0411840e+01  -6.0282435e+01
   1.1532003e+03  -6.0336842e+01  -6.0212400e+01
   1.1659144e+03  -5.9962168e+01  -5.9958318e+01
   1.1787686e+03  -5.9873350e+01  -5.9894888e+01
   1.1917646e+03  -5.9762029e+01  -5.9827715e+01
   1.2049038e+03  -5.9635186e+01  -5.9759399e+01
   1.2181879e+03  -5.9235772e+01  -5.9510733e+01
   1.2316185e+03  -5.9229391e+01  -5.9460237e+01
   1.2451971e+03  -5.9229391e+01  -5.9413942e+01
   1.2589254e+03  -5.9226081e+01  -5.9360378e+01
   1.2728051e+03  -5.9004620e+01  -5.9059421e+01
   1.2868378e+03  -5.8934508e+01  -5.8968156e+01
   1.3010252e+03  -5.8855919e+01  -5.8868809e+01
   1.3153691e+03  -5.8769039e+01  -5.8755962e+01
   1.3298710e+03  -5.8438530e+01  -5.8348345e+01
   1.3445329e+03  -5.8386332e+01  -5.8255699e+01
   1.3593564e+03  -5.8351621e+01  -5.8165762e+01
   1.3743433e+03  -5.8328489e+01  -5.8075007e+01
   1.3894955e+03  -5.8159787e+01  -5.7691178e+01
   1.4048147e+03  -5.8111568e+01  -5.7616831e+01
   1.4203028e+03  -5.8079825e+01  -5.7561926e+01
   1.4359617e+03  -5.8041027e+01  -5.7510047e+01
   1.4517932e+03  -5.7971654e+01  -5.7262694e+01
   1.4677993e+03  -5.7777073e+01  -5.7238233e+01
   1.4839818e+03  -5.7697591e+01  -5.7201972e+01
   1.5003427e+03  -5.7607539e+01  -5.7152046e+01
   1.5168840e+03  -5.7512062e+01  -5.6962312e+01
   1.5336077e+03  -5.7153729e+01  -5.6872581e+01
   1.5505158e+03  -5.7121395e+01  -5.6794954e+01
   1.5676103e+03  -5.7098251e+01  -5.6742045e+01
   1.5848932e+03  -5.7071390e+01  -5.6715897e+01
   1.6023667e+03  -5.6716088e+01  -5.6363650e+01
   1.6200328e+03  -5.6600764e+01  -5.6281576e+01
   1.6378937e+03  -5.6473803e+01  -5.6232405e+01
   1.6559515e+03  -5.6344413e+01  -5.6199108e+01
   1.6742084e+03  -5.6013586e+01  -5.5842119e+01
   1.6926666e+03  -5.5983756e+01  -5.5786925e+01
   1.7113283e+03  -5.5960607e+01  -5.5716629e+01
   1.7301957e+03  -5.5918345e+01  -5.5618831e+01
   1.7492712e+03  -5.5503451e+01  -5.5377814e+01
   1.7685569e+03  -5.5434042e+01  -5.5332951e+01
   1.7880553e+03  -5.5378465e+01  -5.5286646e+01
   1.8077687e+03  -5.5325049e+01  -5.5240368e+01
   1.8276994e+03  -5.5255679e+01  -5.5192609e+01
   1.8478498e+03  -5.5113832e+01  -5.4890191e+01
   1.8682224e+03  -5.5056974e+01  -5.4801174e+01
   1.8888196e+03  -5.4961747e+01  -5.4711654e+01
   1.9096439e+03  -5.4831452e+01  -5.4620527e+01
   1.9306977e+03  -5.4443576e+01  -5.4293377e+01
   1.9519837e+03  -5.4371020e+01  -5.4218361e+01
   1.9735044e+03  -5.4291811e+01  -5.4148928e+01
   1.9952623e+03  -5.4203442e+01  -5.4079356e+01
   2.0172601e+03  -5.3902774e+01  -5.3722823e+01
   2.0395005e+03  -5.3796544e+01  -5.3685324e+01
   2.0619860e+03  -5.3684558e+01  -5.3650521e+01
   2.0847195e+03  -5.3576127e+01  -5.3606184e+01
   2.1077035e+03  -5.3494624e+01  -5.3524492e+01
   2.1309410e+03  -5.3475480e+01  -5.3504244e+01
   2.1544347e+03  -5.3427488e+01  -5.3467565e+01
   2.1781874e+03  -5.3341023e+01  -5.3411265e+01
   2.2022019e+03  -5.2827932e+01  -5.3225806e+01
   2.2264813e+03  -5.2713633e+01  -5.3225806e+01
   2.2510283e+03  -5.2624123e+01  -5.3195005e+01
   2.2758459e+03  -5.2564462e+01  -5.3140053e+01
   2.3009372e+03  -5.2511454e+01  -5.3068745e+01
   2.3263051e+03  -5.2508961e+01  -5.2735699e+01
   2.3519526e+03  -5.2508961e+01  -5.2700770e+01
   2.3778830e+03  -5.2501739e+01  -5.2677626e+01
   2.4040992e+03  -5.2478140e+01  -5.2650688e+01
   2.4306044e+03  -5.2259545e+01  -5.2401548e+01
   2.4574019e+03  -5.2192671e+01  -5.2351206e+01
   2.4844948e+03  -5.2123249e+01  -5.2304911e+01
   2.5118864e+03  -5.2054472e+01  -5.2251011e+01
   2.5395800e+03  -5.1748769e+01  -5.1918057e+01
   2.5675790e+03  -5.1646258e+01  -5.1848563e+01
   2.5958866e+03  -5.1546676e+01  -5.1780915e+01
   2.6245063e+03  -5.1459536e+01  -5.1713023e+01
   2.6534415e+03  -5.1348787e+01  -5.1434908e+01
   2.6826958e+03  -5.1344086e+01  -5.1390148e+01
   2.7122726e+03  -5.1344086e+01  -5.1373955e+01
   2.7421754e+03  -5.1344086e+01  -5.1365628e+01
   2.7724080e+03  -5.1287817e+01  -5.1339334e+01
   2.8029739e+03  -5.1199927e+01  -5.1064090e+01
   2.8338767e+03  -5.1096833e+01  -5.0979693e+01
   2.8651203e+03  -5.0997568e+01  -5.0889553e+01
   2.8967083e+03  -5.0867161e+01  -5.0797045e+01
   2.9286446e+03  -5.0821799e+01  -5.0469896e+01
   2.9609329e+03  -5.0744533e+01  -5.0394955e+01
   2.9935773e+03  -5.0639365e+01  -5.0325522e+01
   3.0265816e+03  -5.0180266e+01  -5.0251900e+01
   3.0599497e+03  -5.0043066e+01  -4.9977629e+01
   3.0936857e+03  -4.9924308e+01  -4.9888895e+01
   3.1277937e+03  -4.9825430e+01  -4.9773618e+01
   3.1622777e+03  -4.9759385e+01  -4.9645506e+01
   3.1971418e+03  -4.9681535e+01  -4.9318235e+01
   3.2323904e+03  -4.9600805e+01  -4.9270166e+01
   3.2680276e+03  -4.9500554e+01  -4.9223862e+01
   3.3040577e+03  -4.9392519e+01  -4.9193548e+01
   3.3404850e+03  -4.9116789e+01  -4.9194786e+01
   3.3773139e+03  -4.9030128e+01  -4.9042744e+01
   3.4145489e+03  -4.8951320e+01  -4.8931425e+01
   3.4521944e+03  -4.8881565e+01  -4.8819579e+01
   3.4902549e+03  -4.8606736e+01  -4.8705622e+01
   3.5287350e+03  -4.8519188e+01  -4.8401219e+01
   3.5676394e+03  -4.8441257e+01  -4.8331740e+01
   3.6069727e+03  -4.8371859e+01  -4.8262302e+01
   3.6467397e+03  -4.8123246e+01  -4.8197898e+01
   3.6869451e+03  -4.8053749e+01  -4.8090152e+01
   3.7275937e+03  -4.7986039e+01  -4.8024136e+01
   3.7686905e+03  -4.7918202e+01  -4.7928191e+01
   3.8102404e+03  -4.7848624e+01  -4.7815114e+01
   3.8522484e+03  -4.7573562e+01  -4.7699624e+01
   3.8947195e+03  -4.7504100e+01  -4.7361426e+01
   3.9376589e+03  -4.7437118e+01  -4.7291959e+01
   3.9810717e+03  -4.7368632e+01  -4.7222532e+01
   4.0249631e+03  -4.7093375e+01  -4.7156259e+01
   4.0693384e+03  -4.7023909e+01  -4.6994097e+01
   4.1142030e+03  -4.6956834e+01  -4.6925807e+01
   4.1595622e+03  -4.6888431e+01  -4.6858489e+01
   4.2054214e+03  -4.6640324e+01  -4.6784101e+01
   4.2517863e+03  -4.6573587e+01  -4.6540936e+01
   4.2986623e+03  -4.6504157e+01  -4.6494610e+01
   4.3460552e+03  -4.6437810e+01  -4.6421112e+01
   4.3939706e+03  -4.6189432e+01  -4.6321701e+01
   4.4424142e+03  -4.6102679e+01  -4.6000556e+01
   4.4913919e+03  -4.6023962e+01  -4.5931055e+01
   4.5409096e+03  -4.5954569e+01  -4.5863263e+01
   4.5909732e+03  -4.5709248e+01  -4.5795499e+01
   4.6415888e+03  -4.5620040e+01  -4.5726127e+01
   4.6927625e+03  -4.5542402e+01  -4.5473817e+01
   4.7445003e+03  -4.5474370e+01  -4.5443741e+01
   4.7968085e+03  -4.5225941e+01  -4.5411092e+01
   4.8496934e+03  -4.5159573e+01  -4.5361769e+01
   4.9031614e+03  -4.5078844e+01  -4.4954317e+01
   4.9572189e+03  -4.4994171e+01  -4.4842873e+01
   5.0118723e+03  -4.4745670e+01  -4.4739534e+01
   5.0671283e+03  -4.4679385e+01  -4.4648268e+01
   5.1229936e+03  -4.4609930e+01  -4.4497684e+01
   5.1794747e+03  -4.4536125e+01  -4.4504182e+01
   5.2365785e+03  -4.4265393e+01  -4.4494250e+01
   5.2943119e+03  -4.4196669e+01  -4.4469989e+01
   5.3526818e+03  -4.4160331e+01  -4.4304365e+01
   5.4116953e+03  -4.4128624e+01  -4.4220990e+01
   5.4713593e+03  -4.4082313e+01  -4.4140211e+01
   5.5316812e+03  -4.3578118e+01  -4.4075882e+01
   5.5926681e+03  -4.3449275e+01  -4.3766114e+01
   5.6543274e+03  -4.3331749e+01  -4.3657314e+01
   5.7166665e+03  -4.2984554e+01  -4.3582982e+01
   5.7796929e+03  -4.2980884e+01  -4.3548387e+01
   5.8434141e+03  -4.2995498e+01  -4.3343997e+01
   5.9078379e+03  -4.3010753e+01  -4.3254667e+01
   5.9729720e+03  -4.3007334e+01  -4.3176504e+01
   6.0388241e+03  -4.2655817e+01  -4.3109658e+01
   6.1054023e+03  -4.2558592e+01  -4.2951299e+01
   6.1727145e+03  -4.2494337e+01  -4.2904961e+01
   6.2407688e+03  -4.2471211e+01  -4.2842337e+01
   6.3095734e+03  -4.2180013e+01  -4.2763324e+01
   6.3791366e+03  -4.2043996e+01  -4.2667965e+01
   6.4494668e+03  -4.1918272e+01  -4.2210605e+01
   6.5205723e+03  -4.1809511e+01  -4.2074927e+01
   6.5924618e+03  -4.1484308e+01  -4.1967486e+01
   6.6651438e+03  -4.1314790e+01  -4.1898103e+01
   6.7386272e+03  -4.1120507e+01  -4.1598324e+01
   6.8129207e+03  -4.0597788e+01  -4.1455414e+01
   6.8880333e+03  -4.0591398e+01  -4.1294028e+01
   6.9639740e+03  -4.0551654e+01  -4.1122487e+01
   7.0407520e+03  -4.0468117e+01  -4.0807237e+01
   7.1183765e+03  -3.9845372e+01  -4.0767686e+01
   7.1968567e+03  -3.9727733e+01  -4.0711733e+01
   7.2762022e+03  -3.9635619e+01  -4.0642348e+01
   7.3564225e+03  -3.9568669e+01  -4.0262335e+01
   7.4375273e+03  -3.9159420e+01  -4.0090434e+01
   7.5195262e+03  -3.9032021e+01  -3.9935919e+01
   7.6024291e+03  -3.8906401e+01  -3.9801882e+01
   7.6862461e+03  -3.8790941e+01  -3.9369533e+01
   7.7709871e+03  -3.8348067e+01  -3.9252821e+01
   7.8566625e+03  -3.8258873e+01  -3.9147201e+01
   7.9432823e+03  -3.8148512e+01  -3.9054684e+01
   8.0308572e+03  -3.7545326e+01  -3.8702165e+01
   8.1193976e+03  -3.7414613e+01  -3.8537485e+01
   8.2089142e+03  -3.7294688e+01  -3.8375779e+01
   8.2994176e+03  -3.7179001e+01  -3.8197169e+01
   8.3909189e+03  -3.6563056e+01  -3.7678143e+01
   8.4834290e+03  -3.6361048e+01  -3.7574285e+01
   8.5769590e+03  -3.6162171e+01  -3.7470125e+01
   8.6715202e+03  -3.5975010e+01  -3.6834105e+01
   8.7671239e+03  -3.5483440e+01  -3.6638244e+01
   8.8637816e+03  -3.5283465e+01  -3.6460945e+01
   8.9615050e+03  -3.5090108e+01  -3.6287277e+01
   9.0603058e+03  -3.4174174e+01  -3.5689905e+01
   9.1601959e+03  -3.3966033e+01  -3.5574327e+01
   9.2611873e+03  -3.3774514e+01  -3.5447148e+01
   9.3632921e+03  -3.2991325e+01  -3.4634600e+01
   9.4665226e+03  -3.2783401e+01  -3.4394268e+01
   9.5708912e+03  -3.1672233e+01  -3.4158846e+01
   9.6764105e+03  -3.1457643e+01  -3.3259816e+01
   9.7830932e+03  -3.0233136e+01  -3.3049046e+01
   9.8909520e+03  -3.0037828e+01  -3.2847351e+01
   1.0000000e+04  -2.8772897e+01  -3.1719459e+01
   1.0110250e+04  -2.7535696e+01  -3.0397569e+01
   1.0221716e+04  -2.5039430e+01  -3.0227132e+01
   1.0334411e+04  -2.4081889e+01  -2.8870264e+01
   1.0448348e+04  -2.2036793e+01  -2.7653631e+01
   1.0563541e+04  -1.9586319e+01  -2.6641917e+01
   1.0680004e+04  -1.8415761e+01  -2.4226827e+01
   1.0797752e+04  -1.7115563e+01  -2.1816145e+01
   1.0916797e+04  -1.7043677e+01  -2.1834444e+01
   1.1037155e+04  -1.8016487e+01  -2.2688419e+01
   1.1158840e+04  -1.9396378e+01  -2.2926751e+01
   1.1281866e+04  -2.0468009e+01  -2.4078260e+01
   1.1406249e+04  -2.3639125e+01  -2.4267774e+01
   1.1532003e+04  -2.5602759e+01  -2.5561067e+01
   1.1659144e+04  -2.8863171e+01  -2.5814300e+01
   1.1787686e+04  -3.2991383e+01  -2.6963679e+01
   1.1917646e+04  -3.4043775e+01  -2.9442647e+01
   1.2049038e+04  -3.5201280e+01  -3.0766891e+01
   1.2181879e+04  -3.7646238e+01  -3.1900205e+01
   1.2316185e+04  -3.8876217e+01  -3.3240856e+01
   1.2451971e+04  -4.0095565e+01  -3.4414725e+01
   1.2589254e+04  -4.1361950e+01  -3.5619401e+01
   1.2728051e+04  -4.2611711e+01  -3.6860284e+01
   1.2868378e+04  -4.3664328e+01  -3.8248644e+01
   1.3010252e+04  -4.6173284e+01  -3.9613502e+01
   1.3153691e+04  -4.8237729e+01  -4.0756743e+01
   1.3298710e+04  -4.9349781e+01  -4.1915868e+01
   1.3445329e+04  -5.1393769e+01  -4.4194928e+01
   1.3593564e+04  -5.3676837e+01  -4.5232831e+01
   1.3743433e+04  -5.6151991e+01  -4.7740060e+01
   1.3894955e+04  -5.6248556e+01  -5.0005382e+01
   1.4048147e+04  -5.7617109e+01  -5.2121606e+01
   1.4203028e+04  -5.7869911e+01  -5.5287664e+01
   1.4359617e+04  -5.7626018e+01  -5.7217608e+01
   1.4517932e+04  -5.7386842e+01  -5.9285643e+01
   1.4677993e+04  -5.6215571e+01  -6.2802191e+01
   1.4839818e+04  -5.5978370e+01  -6.3761132e+01
   1.5003427e+04  -5.4752623e+01  -6.4171056e+01
   1.5168840e+04  -5.3396209e+01  -6.1802595e+01
   1.5336077e+04  -5.2149098e+01  -6.0707484e+01
   1.5505158e+04  -5.0832376e+01  -5.9488088e+01
   1.5676103e+04  -5.0767809e+01  -5.7404665e+01
   1.5848932e+04  -4.9416973e+01  -5.5023354e+01
   1.6023667e+04  -4.8115387e+01  -5.2875821e+01
   1.6200328e+04  -4.6859034e+01  -5.0652171e+01
   1.6378937e+04  -4.6618162e+01  -4.9401239e+01
   1.6559515e+04  -4.5559663e+01  -4.8152836e+01
   1.6742084e+04  -4.5355721e+01  -4.7924668e+01
   1.6926666e+04  -4.5142971e+01  -4.6782743e+01
   1.7113283e+04  -4.4400960e+01  -4.6560362e+01
   1.7301957e+04  -4.4182113e+01  -4.5531463e+01
   1.7492712e+04  -4.3959565e+01  -4.5322683e+01
   1.7685569e+04  -4.3000377e+01  -4.5125491e+01
   1.7880553e+04  -4.2766877e+01  -4.4170666e+01
   1.8077687e+04  -4.1943368e+01  -4.3938785e+01
   1.8276994e+04  -4.1750759e+01  -4.3060361e+01
   1.8478498e+04  -4.1568775e+01  -4.2874095e+01
   1.8682224e+04  -4.1387023e+01  -4.2685509e+01
   1.8888196e+04  -4.0644438e+01  -4.1966148e+01
   1.9096439e+04  -4.0428695e+01  -4.1763783e+01
   1.9306977e+04  -3.9530750e+01  -4.1559991e+01
   1.9519837e+04  -3.9347113e+01  -4.0714510e+01
   1.9735044e+04  -3.9165171e+01  -4.0472303e+01
   1.9952623e+04  -3.8165571e+01  -4.0233222e+01
   2.0172601e+04  -3.7928058e+01  -3.9424993e+01
   2.0395005e+04  -3.6881844e+01  -3.9269545e+01
   2.0619860e+04  -3.6652321e+01  -3.9087245e+01
   2.0847195e+04  -3.6433390e+01  -3.8001221e+01
   2.1077035e+04  -3.5301556e+01  -3.7782848e+01
   2.1309410e+04  -3.2961839e+01  -3.6633853e+01
   2.1544347e+04  -3.1896775e+01  -3.6426648e+01
   2.1781874e+04  -3.1883679e+01  -3.5148299e+01
   2.2022019e+04  -3.2774785e+01  -3.3815824e+01
   2.2264813e+04  -3.5231448e+01  -3.3679598e+01
   2.2510283e+04  -3.7491596e+01  -3.2314474e+01
   2.2758459e+04  -4.0373873e+01  -3.1102661e+01
   2.3009372e+04  -4.2470081e+01  -2.9608740e+01
   2.3263051e+04  -4.3748717e+01  -3.1150871e+01
   2.3519526e+04  -4.6405228e+01  -3.5162170e+01
   2.3778830e+04  -4.7125739e+01  -4.0121073e+01
   2.4040992e+04  -4.7003604e+01  -4.4611146e+01
   2.4306044e+04  -4.5817723e+01  -4.5801397e+01
   2.4574019e+04  -4.4557448e+01  -4.6050896e+01
   2.4844948e+04  -4.3458833e+01  -4.6875335e+01
   2.5118864e+04  -4.3199415e+01  -4.6810497e+01
   2.5395800e+04  -4.1906915e+01  -4.5814777e+01
   2.5675790e+04  -4.1684915e+01  -4.5606257e+01
   2.5958866e+04  -4.0641630e+01  -4.4307409e+01
   2.6245063e+04  -4.0458338e+01  -4.3095069e+01
   2.6534415e+04  -4.0262880e+01  -4.1848208e+01
   2.6826958e+04  -3.9542318e+01  -4.1619198e+01
   2.7122726e+04  -3.9346504e+01  -4.1424211e+01
   2.7421754e+04  -3.9147839e+01  -4.0679146e+01
   2.7724080e+04  -3.8937315e+01  -4.0452189e+01
   2.8029739e+04  -3.8389957e+01  -3.9539086e+01
   2.8338767e+04  -3.8254072e+01  -3.9364549e+01
   2.8651203e+04  -3.8123681e+01  -3.9182829e+01
   2.8967083e+04  -3.7986718e+01  -3.8620640e+01
   2.9286446e+04  -3.7497517e+01  -3.8490058e+01
   2.9609329e+04  -3.7378905e+01  -3.8359590e+01
   2.9935773e+04  -3.7259624e+01  -3.8223777e+01
   3.0265816e+04  -3.6770806e+01  -3.7647144e+01
   3.0599497e+04  -3.6655912e+01  -3.7513399e+01
   3.0936857e+04  -3.6544291e+01  -3.7404382e+01
   3.1277937e+04  -3.6418085e+01  -3.7310491e+01
   3.1622777e+04  -3.5935755e+01  -3.6819717e+01
   3.1971418e+04  -3.5799253e+01  -3.6652353e+01
   3.2323904e+04  -3.5654794e+01  -3.6502827e+01
   3.2680276e+04  -3.5503188e+01  -3.6372532e+01
   3.3040577e+04  -3.5158649e+01  -3.5965019e+01
   3.3404850e+04  -3.5068300e+01  -3.5808218e+01
   3.3773139e+04  -3.4940430e+01  -3.5646563e+01
   3.4145489e+04  -3.4782001e+01  -3.5249858e+01
   3.4521944e+04  -3.4354669e+01  -3.5244922e+01
   3.4902549e+04  -3.4263264e+01  -3.5216966e+01
   3.5287350e+04  -3.4159926e+01  -3.5159694e+01
   3.5676394e+04  -3.4042693e+01  -3.4651944e+01
   3.6069727e+04  -3.3506649e+01  -3.4520741e+01
   3.6467397e+04  -3.3370164e+01  -3.4413792e+01
   3.6869451e+04  -3.3250358e+01  -3.4318778e+01
   3.7275937e+04  -3.3136669e+01  -3.3964496e+01
   3.7686905e+04  -3.2595791e+01  -3.3854978e+01
   3.8102404e+04  -3.2452077e+01  -3.3714600e+01
   3.8522484e+04  -3.2301643e+01  -3.3568179e+01
   3.8947195e+04  -3.1900189e+01  -3.3024604e+01
   3.9376589e+04  -3.1853669e+01  -3.2850539e+01
   3.9810717e+04  -3.1776914e+01  -3.2698928e+01
   4.0249631e+04  -3.1686679e+01  -3.2574616e+01
   4.0693384e+04  -3.1590786e+01  -3.2325980e+01
   4.1142030e+04  -3.1177405e+01  -3.2276927e+01
   4.1595622e+04  -3.1070219e+01  -3.2203189e+01
   4.2054214e+04  -3.0961556e+01  -3.2108076e+01
   4.2517863e+04  -3.0852488e+01  -3.1812623e+01
   4.2986623e+04  -3.0246160e+01  -3.1698511e+01
   4.3460552e+04  -3.0157000e+01  -3.1545150e+01
   4.3939706e+04  -3.0080948e+01  -3.1370017e+01
   4.4424142e+04  -2.9562427e+01  -3.0726126e+01
   4.4913919e+04  -2.9376065e+01  -3.0611643e+01
   4.5409096e+04  -2.9190522e+01  -3.0476905e+01
   4.5909732e+04  -2.9024520e+01  -3.0324864e+01
   4.6415888e+04  -2.8752969e+01  -2.9833087e+01
   4.6927625e+04  -2.8626391e+01  -2.9719524e+01
   4.7445003e+04  -2.8476516e+01  -2.9610845e+01
   4.7968085e+04  -2.8302783e+01  -2.9499105e+01
   4.8496934e+04  -2.7472568e+01  -2.8975332e+01
   4.9031614e+04  -2.7254415e+01  -2.8851377e+01
   4.9572189e+04  -2.6134288e+01  -2.8701863e+01
   5.0118723e+04  -2.5889870e+01  -2.7791583e+01
   5.0671283e+04  -2.4645336e+01  -2.7568607e+01
   5.1229936e+04  -2.4401685e+01  -2.7346040e+01
   5.1794747e+04  -2.5835880e+01  -2.6391150e+01
   5.2365785e+04  -2.8150962e+01  -2.6158602e+01
   5.2943119e+04  -2.9104164e+01  -2.5026192e+01
   5.3526818e+04  -3.1397921e+01  -2.4825249e+01
   5.4116953e+04  -3.2927061e+01  -2.3533473e+01
   5.4713593e+04  -3.1617557e+01  -2.6006475e+01
   5.5316812e+04  -3.0337264e+01  -2.8167253e+01
   5.5926681e+04  -2.9124605e+01  -3.0247895e+01
   5.6543274e+04  -2.7783929e+01  -3.2529977e+01
   5.7166665e+04  -2.7524659e+01  -3.3590413e+01
   5.7796929e+04  -2.7150538e+01  -3.4699407e+01
   5.8434141e+04  -2.7150538e+01  -3.4080200e+01
   5.9078379e+04  -2.7117580e+01  -3.2795381e+01
   5.9729720e+04  -2.7041380e+01  -3.1592438e+01
   6.0388241e+04  -2.6417752e+01  -3.0334930e+01
   6.1054023e+04  -2.6231759e+01  -3.0149157e+01
   6.1727145e+04  -2.6050062e+01  -2.9013659e+01
   6.2407688e+04  -2.5118346e+01  -2.8873533e+01
   6.3095734e+04  -2.4900011e+01  -2.8790599e+01
   6.3791366e+04  -2.3934210e+01  -2.8550473e+01
   6.4494668e+04  -2.3711041e+01  -2.8381358e+01
   6.5205723e+04  -2.3495037e+01  -2.8197872e+01
   6.5924618e+04  -2.2409099e+01  -2.7227062e+01
   6.6651438e+04  -2.2183654e+01  -2.6988806e+01
   6.7386272e+04  -2.1459909e+01  -2.5757672e+01
   6.8129207e+04  -2.1587315e+01  -2.4738217e+01
   6.8880333e+04  -2.2880539e+01  -2.4535861e+01
   6.9639740e+04  -2.3479232e+01  -2.4332661e+01
   7.0407520e+04  -2.3323364e+01  -2.3836221e+01
   7.1183765e+04  -2.2035685e+01  -2.3835125e+01
   7.1968567e+04  -2.0629216e+01  -2.3835125e+01
   7.2762022e+04  -1.9421016e+01  -2.3844488e+01
   7.3564225e+04  -1.8167161e+01  -2.3870237e+01
   7.4375273e+04  -1.6897102e+01  -2.4121048e+01
   7.5195262e+04  -1.6716480e+01  -2.4187690e+01
   7.6024291e+04  -1.5593031e+01  -2.4245889e+01
   7.6862461e+04  -1.5455482e+01  -2.4272598e+01
   7.7709871e+04  -1.5398892e+01  -2.3615816e+01
   7.8566625e+04  -1.6121082e+01  -2.3362879e+01
   7.9432823e+04  -1.6188769e+01  -2.2143799e+01
   8.0308572e+04  -1.5274580e+01  -2.1917925e+01
   8.1193976e+04  -1.5206000e+01  -2.0760265e+01
   8.2089142e+04  -1.2677979e+01  -2.0551719e+01
   8.2994176e+04  -1.1792908e+01  -1.9506966e+01
   8.3909189e+04  -1.1802433e+01  -1.9290269e+01
   8.4834290e+04  -1.1907298e+01  -1.9058837e+01
   8.5769590e+04  -1.2971607e+01  -1.8153764e+01
   8.6715202e+04  -1.3118471e+01  -1.7914774e+01
   8.7671239e+04  -1.4412053e+01  -1.6775198e+01
   8.8637816e+04  -1.5627264e+01  -1.6560320e+01
   8.9615050e+04  -1.6970985e+01  -1.5445038e+01
   9.0603058e+04  -1.7999953e+01  -1.5202277e+01
   9.1601959e+04  -1.8211155e+01  -1.4043550e+01
   9.2611873e+04  -1.8425289e+01  -1.3831416e+01
   9.3632921e+04  -1.9494942e+01  -1.2883216e+01
   9.4665226e+04  -1.9705492e+01  -1.2759550e+01
   9.5708912e+04  -2.0886831e+01  -1.2675263e+01
   9.6764105e+04  -2.1089389e+01  -1.2631708e+01
   9.7830932e+04  -2.2308076e+01  -1.2818453e+01
   9.8909520e+04  -2.2540149e+01  -1.2948977e+01
   1.0000000e+05  -2.3494852e+01  -1.3051044e+01
   1.0110250e+05  -2.3712823e+01  -1.3119380e+01
   1.0221716e+05  -2.3946173e+01  -1.3594624e+01
   1.0334411e+05  -2.4862088e+01  -1.3781291e+01
   1.0448348e+05  -2.5062289e+01  -1.3983298e+01
   1.0563541e+05  -2.5278585e+01  -1.4797348e+01
   1.0680004e+05  -2.6161271e+01  -1.5033776e+01
   1.0797752e+05  -2.6385307e+01  -1.6273469e+01
   1.0916797e+05  -2.7323544e+01  -1.6390572e+01
   1.1037155e+05  -2.7528641e+01  -1.7698189e+01
   1.1158840e+05  -2.7743049e+01  -1.8960749e+01
   1.1281866e+05  -2.8664289e+01  -1.9182810e+01
   1.1406249e+05  -2.8878496e+01  -2.0287158e+01
   1.1532003e+05  -2.9107014e+01  -2.1372398e+01
   1.1659144e+05  -3.0054588e+01  -2.1538004e+01
   1.1787686e+05  -3.0251717e+01  -2.1719901e+01
   1.1917646e+05  -3.0446954e+01  -2.2607590e+01
   1.2049038e+05  -3.1354531e+01  -2.2877346e+01
   1.2181879e+05  -3.1557169e+01  -2.3962937e+01
   1.2316185e+05  -3.2463019e+01  -2.4198206e+01
   1.2451971e+05  -3.2660101e+01  -2.4415163e+01
   1.2589254e+05  -3.2882439e+01  -2.5408988e+01
   1.2728051e+05  -3.3830711e+01  -2.5606329e+01
   1.2868378e+05  -3.4087880e+01  -2.6600072e+01
   1.3010252e+05  -3.4316686e+01  -2.6846530e+01
   1.3153691e+05  -3.5404483e+01  -2.7886515e+01
   1.3298710e+05  -3.5600256e+01  -2.8109590e+01
   1.3445329e+05  -3.5725171e+01  -2.8334903e+01
   1.3593564e+05  -3.5824163e+01  -2.9140828e+01
   1.3743433e+05  -3.6020077e+01  -2.9334475e+01
   1.3894955e+05  -3.6223488e+01  -2.9550648e+01
   1.4048147e+05  -3.7324793e+01  -3.0299245e+01
   1.4203028e+05  -3.7551828e+01  -3.0481248e+01
   1.4359617e+05  -3.8765279e+01  -3.0663018e+01
   1.4517932e+05  -4.0072843e+01  -3.1294888e+01
   1.4677993e+05  -4.0289582e+01  -3.1440924e+01
   1.4839818e+05  -4.1566990e+01  -3.1599718e+01
   1.5003427e+05  -4.1782442e+01  -3.2457596e+01
   1.5168840e+05  -4.3075161e+01  -3.2671648e+01
   1.5336077e+05  -4.4338552e+01  -3.2899595e+01
   1.5505158e+05  -4.4567264e+01  -3.3554978e+01
   1.5676103e+05  -4.5845332e+01  -3.3737233e+01
   1.5848932e+05  -4.6073618e+01  -3.3921105e+01
   1.6023667e+05  -4.7324655e+01  -3.4990392e+01
   1.6200328e+05  -4.8604245e+01  -3.5212637e+01
   1.6378937e+05  -4.8813217e+01  -3.6257490e+01
   1.6559515e+05  -5.0059809e+01  -3.6487850e+01
   1.6742084e+05  -5.1362548e+01  -3.7590091e+01
   1.6926666e+05  -5.1549000e+01  -3.7821751e+01
   1.7113283e+05  -5.2830433e+01  -3.9077135e+01
   1.7301957e+05  -5.3027000e+01  -3.9286678e+01
   1.7492712e+05  -5.4209815e+01  -4.0458821e+01
   1.7685569e+05  -5.4299020e+01  -4.0677472e+01
   1.7880553e+05  -5.3352175e+01  -4.1968793e+01
   1.8077687e+05  -5.2029594e+01  -4.3256755e+01
   1.8276994e+05  -5.0739131e+01  -4.3451474e+01
   1.8478498e+05  -4.9526770e+01  -4.4481551e+01
   1.8682224e+05  -4.8351569e+01  -4.4712665e+01
   1.8888196e+05  -4.6346469e+01  -4.5986041e+01
   1.9096439e+05  -4.4006136e+01  -4.6081343e+01
   1.9306977e+05  -4.2655797e+01  -4.8548753e+01
   1.9519837e+05  -4.2407263e+01  -4.9745993e+01
   1.9735044e+05  -4.2084827e+01  -4.9925738e+01
   1.9952623e+05  -4.2063405e+01  -5.1213080e+01
   2.0172601e+05  -4.1996137e+01  -5.2478610e+01
   2.0395005e+05  -4.1873324e+01  -5.3732779e+01
   2.0619860e+05  -4.0777765e+01  -5.3876874e+01
   2.0847195e+05  -3.9460138e+01  -5.3119647e+01
   2.1077035e+05  -3.8183266e+01  -5.0667687e+01
   2.1309410e+05  -3.6910987e+01  -4.9752907e+01
   2.1544347e+05  -3.5747345e+01  -4.7472810e+01
   2.1781874e+05  -3.3430757e+01  -4.4962761e+01
   2.2022019e+05  -3.3302610e+01  -4.2648874e+01
   2.2264813e+05  -3.3108401e+01  -4.1717632e+01
   2.2510283e+05  -3.3113198e+01  -4.0355413e+01
   2.2758459e+05  -3.3330454e+01  -3.9258819e+01
   2.3009372e+05  -3.4672331e+01  -3.9059441e+01
   2.3263051e+05  -3.5702452e+01  -3.8854797e+01
   2.3519526e+05  -3.7912753e+01  -3.7761668e+01
   2.3778830e+05  -4.0061957e+01  -3.6447664e+01
   2.4040992e+05  -4.2054212e+01  -3.5221204e+01
   2.4306044e+05  -4.4165065e+01  -3.5005407e+01
   2.4574019e+05  -4.6505699e+01  -3.3780282e+01
   2.4844948e+05  -4.6452921e+01  -3.2507573e+01
   2.5118864e+05  -4.4520658e+01  -3.1310354e+01
   2.5395800e+05  -4.2105356e+01  -3.1079908e+01
   2.5675790e+05  -4.0831109e+01  -3.1465884e+01
   2.5958866e+05  -3.9558885e+01  -3.3936623e+01
   2.6245063e+05  -3.9362207e+01  -3.4887579e+01
   2.6534415e+05  -3.8435396e+01  -3.8361359e+01
   2.6826958e+05  -3.8264929e+01  -3.9955655e+01
   2.7122726e+05  -3.8094611e+01  -4.3554777e+01
   2.7421754e+05  -3.7286661e+01  -4.4361252e+01
   2.7724080e+05  -3.7141760e+01  -4.6650846e+01
   2.8029739e+05  -3.7000242e+01  -4.6617601e+01
   2.8338767e+05  -3.6849783e+01  -4.5498585e+01
   2.8651203e+05  -3.6137210e+01  -4.3249997e+01
   2.8967083e+05  -3.5969902e+01  -4.2318555e+01
   2.9286446e+05  -3.5822082e+01  -4.0960200e+01
   2.9609329e+05  -3.5439284e+01  -3.9698994e+01
   2.9935773e+05  -3.5291354e+01  -3.9443321e+01
   3.0265816e+05  -3.5104243e+01  -3.8530866e+01
   3.0599497e+05  -3.4296011e+01  -3.8272883e+01
   3.0936857e+05  -3.4203819e+01  -3.8047371e+01
   3.1277937e+05  -3.4169654e+01  -3.7005664e+01
   3.1622777e+05  -3.4153893e+01  -3.6796693e+01
   3.1971418e+05  -3.4109785e+01  -3.6053401e+01
   3.2323904e+05  -3.3689616e+01  -3.5871277e+01
   3.2680276e+05  -3.3631137e+01  -3.5682351e+01
   3.3040577e+05  -3.3602151e+01  -3.5021137e+01
   3.3404850e+05  -3.3600246e+01  -3.4909820e+01
   3.3773139e+05  -3.3597342e+01  -3.4801125e+01
   3.4145489e+05  -3.3583799e+01  -3.4692526e+01
   3.4521944e+05  -3.3490981e+01  -3.4308506e+01
   3.4902549e+05  -3.2329673e+01  -3.4194744e+01
   3.5287350e+05  -3.1222576e+01  -3.4116870e+01
   3.5676394e+05  -2.9942042e+01  -3.4080048e+01
   3.6069727e+05  -2.8931482e+01  -3.4050179e+01
   3.6467397e+05  -2.8839349e+01  -3.4050179e+01
   3.6869451e+05  -2.8762143e+01  -3.4050179e+01
   3.7275937e+05  -2.8294010e+01  -3.4057885e+01
   3.7686905e+05  -2.8243747e+01  -3.4079086e+01
   3.8102404e+05  -2.8239987e+01  -3.3893945e+01
   3.8522484e+05  -2.8268842e+01  -3.3735512e+01
   3.8947195e+05  -2.8172087e+01  -3.3545793e+01
   3.9376589e+05  -2.8079423e+01  -3.2481987e+01
   3.9810717e+05  -2.8016704e+01  -3.0264375e+01
   4.0249631e+05  -2.7986858e+01  -2.7518442e+01
   4.0693384e+05  -2.7986858e+01  -2.7359452e+01
   4.1142030e+05  -2.7853226e+01  -2.7175411e+01
   4.1595622e+05  -2.7801672e+01  -2.7150538e+01
   4.2054214e+05  -2.7755382e+01  -2.7150538e+01
   4.2517863e+05  -2.7704658e+01  -2.7187197e+01
   4.2986623e+05  -2.7399601e+01  -2.7258315e+01
   4.3460552e+05  -2.7349905e+01  -2.7419355e+01
   4.3939706e+05  -2.7329749e+01  -2.7419355e+01
   4.4424142e+05  -2.7323412e+01  -2.7419355e+01
   4.4913919e+05  -2.7063367e+01  -2.7404633e+01
   4.5409096e+05  -2.6903517e+01  -2.7357770e+01
   4.5909732e+05  -2.6794389e+01  -2.7109064e+01
   4.6415888e+05  -2.6703961e+01  -2.7039594e+01
   4.6927625e+05  -2.5997053e+01  -2.6959820e+01
   4.7445003e+05  -2.5766684e+01  -2.6868770e+01
   4.7968085e+05  -2.5520117e+01  -2.6455619e+01
   4.8496934e+05  -2.4746268e+01  -2.6398025e+01
   4.9031614e+05  -2.4576677e+01  -2.6373955e+01
   4.9572189e+05  -2.4414463e+01  -2.6373955e+01
   5.0118723e+05  -2.3815691e+01  -2.6179249e+01
   5.0671283e+05  -2.3621147e+01  -2.6109082e+01
   5.1229936e+05  -2.3406096e+01  -2.6027768e+01
   5.1794747e+05  -2.2584181e+01  -2.5935237e+01
   5.2365785e+05  -2.2499881e+01  -2.5580992e+01
   5.2943119e+05  -2.2400852e+01  -2.5409820e+01
   5.3526818e+05  -2.2288324e+01  -2.5236242e+01
   5.4116953e+05  -2.1675004e+01  -2.4469648e+01
   5.4713593e+05  -2.1492929e+01  -2.4268024e+01
   5.5316812e+05  -2.1311086e+01  -2.4065848e+01
   5.5926681e+05  -2.0635974e+01  -2.3864038e+01
   5.6543274e+05  -2.0517198e+01  -2.3194419e+01
   5.7166665e+05  -2.0490854e+01  -2.3032659e+01
   5.7796929e+05  -2.1355304e+01  -2.2864337e+01
   5.8434141e+05  -2.1446001e+01  -2.2370679e+01
   5.9078379e+05  -2.3648025e+01  -2.2223242e+01
   5.9729720e+05  -2.6622044e+01  -2.2053215e+01
   6.0388241e+05  -2.8943091e+01  -2.1281974e+01
   6.1054023e+05  -3.0189590e+01  -2.1133763e+01
   6.1727145e+05  -3.0340989e+01  -2.0981595e+01
   6.2407688e+05  -2.9559990e+01  -2.0843513e+01
   6.3095734e+05  -2.8266385e+01  -1.9890109e+01
   6.3791366e+05  -2.8055345e+01  -1.9707615e+01
   6.4494668e+05  -2.7002263e+01  -1.9593978e+01
   6.5205723e+05  -2.6816610e+01  -2.0121091e+01
   6.5924618e+05  -2.6617291e+01  -2.0332551e+01
   6.6651438e+05  -2.5760627e+01  -2.3763316e+01
   6.7386272e+05  -2.5686977e+01  -2.5395703e+01
   6.8129207e+05  -2.5737685e+01  -2.7612338e+01
   6.8880333e+05  -2.6712780e+01  -2.9882607e+01
   6.9639740e+05  -2.6934981e+01  -2.9904499e+01
   7.0407520e+05  -2.7183650e+01  -2.9043761e+01
   7.1183765e+05  -2.7121045e+01  -2.8818126e+01
   7.1968567e+05  -2.6902541e+01  -2.7746399e+01
   7.2762022e+05  -2.5826646e+01  -2.7509155e+01
   7.3564225e+05  -2.5590491e+01  -2.6417952e+01
   7.4375273e+05  -2.4352240e+01  -2.6285832e+01
   7.5195262e+05  -2.4166428e+01  -2.6159206e+01
   7.6024291e+05  -2.2902174e+01  -2.6073126e+01
   7.6862461e+05  -2.2627618e+01  -2.6384298e+01
   7.7709871e+05  -2.2037044e+01  -2.6609889e+01
   7.8566625e+05  -2.1997956e+01  -2.6822431e+01
   7.9432823e+05  -2.2034014e+01  -2.7155365e+01
   8.0308572e+05  -2.3019341e+01  -2.7095541e+01
   8.1193976e+05  -2.4177172e+01  -2.6995508e+01
   8.2089142e+05  -2.5227359e+01  -2.6856928e+01
   8.2994176e+05  -2.6544252e+01  -2.5921508e+01
   8.3909189e+05  -2.7893573e+01  -2.5702763e+01
   8.4834290e+05  -2.8144209e+01  -2.4594137e+01
   8.5769590e+05  -2.8193183e+01  -2.4383465e+01
   8.6715202e+05  -2.7981706e+01  -2.4193506e+01
   8.7671239e+05  -2.7781729e+01  -2.3199747e+01
   8.8637816e+05  -2.6812255e+01  -2.2981463e+01
   8.9615050e+05  -2.6684586e+01  -2.1922164e+01
   9.0603058e+05  -2.6607691e+01  -2.1862736e+01
   9.1601959e+05  -2.6699462e+01  -2.2760799e+01
   9.2611873e+05  -2.6680866e+01  -2.4145744e+01
   9.3632921e+05  -2.6586544e+01  -2.5130858e+01
   9.4665226e+05  -2.6446921e+01  -2.7498178e+01
   9.5708912e+05  -2.5485286e+01  -2.7714588e+01
   9.6764105e+05  -2.5265087e+01  -2.8452614e+01
   9.7830932e+05  -2.4649710e+01  -2.8444643e+01
   9.8909520e+05  -2.4599314e+01  -2.8350401e+01
