   2.0000000e+01  -4.3087162e+01  -4.4367818e+01
   2.9000000e+01  -4.4907063e+01  -4.7054792e+01
   3.8000000e+01  -4.5658505e+01  -4.7402107e+01
   4.7000000e+01  -4.6137468e+01  -4.8266866e+01
   5.6000000e+01  -4.7073424e+01  -4.8624535e+01
   6.5000000e+01  -4.7566886e+01  -4.9286572e+01
   7.4000000e+01  -4.8182929e+01  -4.9739777e+01
   8.3000000e+01  -4.8868683e+01  -5.0121329e+01
   9.2000000e+01  -4.9120723e+01  -5.0483271e+01
   1.0100000e+02  -4.9565497e+01  -5.0953114e+01
   1.1000000e+02  -4.9943809e+01  -5.0855019e+01
   1.1900000e+02  -5.0111524e+01  -5.1067773e+01
   1.2800000e+02  -5.0554009e+01  -5.1407278e+01
   1.3700000e+02  -5.0737788e+01  -5.2085779e+01
   1.4600000e+02  -5.1203819e+01  -5.2504642e+01
   1.5500000e+02  -5.1692004e+01  -5.2690918e+01
   1.6400000e+02  -5.1946678e+01  -5.2954318e+01
   1.7300000e+02  -5.2186194e+01  -5.3180195e+01
   1.8200000e+02  -5.2404474e+01  -5.3815540e+01
   1.9100000e+02  -5.2685020e+01  -5.3926032e+01
   2.0000000e+02  -5.3125405e+01  -5.4145158e+01
   2.0000000e+02  -5.3125405e+01  -5.4145158e+01
   2.0000000e+02  -5.3125405e+01  -5.4145158e+01
   2.0000000e+02  -5.3125405e+01  -5.4145158e+01
   2.0324492e+02  -5.3003159e+01  -5.4297489e+01
   2.0654248e+02  -5.3253314e+01  -5.4573251e+01
   2.0989355e+02  -5.3594041e+01  -5.4382129e+01
   2.1329899e+02  -5.3867651e+01  -5.4687251e+01
   2.1675968e+02  -5.3714828e+01  -5.4974014e+01
   2.2027651e+02  -5.3933010e+01  -5.5199282e+01
   2.2385041e+02  -5.4057288e+01  -5.5071753e+01
   2.2748229e+02  -5.3995859e+01  -5.5256597e+01
   2.3117310e+02  -5.4099959e+01  -5.5338281e+01
   2.3492379e+02  -5.4181689e+01  -5.5423132e+01
   2.3873533e+02  -5.4266494e+01  -5.5361748e+01
   2.4260871e+02  -5.4205109e+01  -5.5475492e+01
   2.4654494e+02  -5.4318803e+01  -5.5674388e+01
   2.5054503e+02  -5.4495545e+01  -5.5899971e+01
   2.5461002e+02  -5.4734292e+01  -5.5772418e+01
   2.5874097e+02  -5.4574846e+01  -5.5969303e+01
   2.6293893e+02  -5.4823819e+01  -5.6123018e+01
   2.6720501e+02  -5.5009900e+01  -5.6336593e+01
   2.7154030e+02  -5.5198211e+01  -5.6590426e+01
   2.7594593e+02  -5.5075417e+01  -5.6437549e+01
   2.8042304e+02  -5.5296150e+01  -5.6677334e+01
   2.8497279e+02  -5.5552559e+01  -5.6885101e+01
   2.8959636e+02  -5.5840431e+01  -5.6762199e+01
   2.9429494e+02  -5.5656222e+01  -5.6965683e+01
   2.9906976e+02  -5.5961745e+01  -5.7132190e+01
   3.0392204e+02  -5.6225111e+01  -5.7236076e+01
   3.0885305e+02  -5.6368575e+01  -5.7463598e+01
   3.1386407e+02  -5.6513553e+01  -5.7304874e+01
   3.1895638e+02  -5.6421880e+01  -5.7578004e+01
   3.2413132e+02  -5.6577865e+01  -5.7825668e+01
   3.2939022e+02  -5.6797617e+01  -5.7991049e+01
   3.3473444e+02  -5.6644080e+01  -5.7899222e+01
   3.4016537e+02  -5.6898622e+01  -5.8069805e+01
   3.4568441e+02  -5.7135450e+01  -5.8302393e+01
   3.5129300e+02  -5.7311403e+01  -5.8561236e+01
   3.5699259e+02  -5.7219272e+01  -5.8402226e+01
   3.6278465e+02  -5.7375418e+01  -5.8644822e+01
   3.6867068e+02  -5.7553892e+01  -5.8850462e+01
   3.7465221e+02  -5.7825965e+01  -5.8981880e+01
   3.8073079e+02  -5.7634674e+01  -5.8920602e+01
   3.8690799e+02  -5.7935124e+01  -5.9040898e+01
   3.9318541e+02  -5.8148204e+01  -5.9221457e+01
   3.9956469e+02  -5.8301645e+01  -5.9461235e+01
   4.0604746e+02  -5.8209497e+01  -5.9308024e+01
   4.1263541e+02  -5.8388569e+01  -5.9600018e+01
   4.1933025e+02  -5.8648522e+01  -5.9973990e+01
   4.2613372e+02  -5.8875405e+01  -6.0230831e+01
   4.3304756e+02  -5.8752627e+01  -6.0393550e+01
   4.4007358e+02  -5.8973614e+01  -6.0301833e+01
   4.4721360e+02  -5.9230066e+01  -6.0475023e+01
   4.5446945e+02  -5.9420366e+01  -6.0707203e+01
   4.6184303e+02  -5.9328274e+01  -6.0961363e+01
   4.6933625e+02  -5.9497038e+01  -6.0808365e+01
   4.7695104e+02  -5.9724786e+01  -6.1046180e+01
   4.8468937e+02  -5.9978578e+01  -6.1195711e+01
   4.9255326e+02  -5.9819109e+01  -6.1261072e+01
   5.0054474e+02  -6.0079346e+01  -6.1230470e+01
   5.0866587e+02  -6.0335483e+01  -6.1319561e+01
   5.1691877e+02  -6.0591377e+01  -6.1560145e+01
   5.2530556e+02  -6.0809503e+01  -6.1864519e+01
   5.3382843e+02  -6.0682526e+01  -6.1673747e+01
   5.4248958e+02  -6.0909030e+01  -6.1950823e+01
   5.5129125e+02  -6.1106435e+01  -6.2158665e+01
   5.6023572e+02  -6.1219210e+01  -6.2365768e+01
   5.6932532e+02  -6.1158042e+01  -6.2238574e+01
   5.7856239e+02  -6.1301466e+01  -6.2445758e+01
   5.8794933e+02  -6.1507540e+01  -6.2651426e+01
   5.9748857e+02  -6.1631902e+01  -6.2891527e+01
   6.0718257e+02  -6.1570729e+01  -6.2738347e+01
   6.1703386e+02  -6.1694265e+01  -6.2993630e+01
   6.2704498e+02  -6.1908269e+01  -6.3225052e+01
   6.3721853e+02  -6.2162293e+01  -6.3360298e+01
   6.4755714e+02  -6.2009345e+01  -6.3299021e+01
   6.5806349e+02  -6.2230688e+01  -6.3435627e+01
   6.6874030e+02  -6.2356543e+01  -6.3697358e+01
   6.7959034e+02  -6.2500884e+01  -6.4007904e+01
   6.9061642e+02  -6.2409180e+01  -6.3817059e+01
   7.0182139e+02  -6.2602555e+01  -6.4091863e+01
   7.1320815e+02  -6.2858647e+01  -6.4247076e+01
   7.2477966e+02  -6.3077558e+01  -6.4350903e+01
   7.3653892e+02  -6.2950520e+01  -6.4289614e+01
   7.4848896e+02  -6.3157294e+01  -6.4421548e+01
   7.6063289e+02  -6.3392441e+01  -6.4627256e+01
   7.7297385e+02  -6.3607890e+01  -6.4834037e+01
   7.8551503e+02  -6.3485497e+01  -6.4706680e+01
   7.9825969e+02  -6.3693534e+01  -6.4900094e+01
   8.1121113e+02  -6.3901333e+01  -6.5006282e+01
   8.2437270e+02  -6.4068716e+01  -6.5129156e+01
   8.3774781e+02  -6.3973420e+01  -6.5037205e+01
   8.5133992e+02  -6.4128548e+01  -6.5219384e+01
   8.6515256e+02  -6.4313662e+01  -6.5449327e+01
   8.7918931e+02  -6.4600583e+01  -6.5619722e+01
   8.9345380e+02  -6.4409972e+01  -6.5527688e+01
   9.0794972e+02  -6.4714940e+01  -6.5697635e+01
   9.2268083e+02  -6.4995285e+01  -6.5950638e+01
   9.3765095e+02  -6.5216635e+01  -6.6255152e+01
   9.5286396e+02  -6.5094207e+01  -6.6063909e+01
   9.6832379e+02  -6.5284004e+01  -6.6363761e+01
   9.8403444e+02  -6.5353160e+01  -6.6578100e+01
   1.0000000e+03  -6.5313671e+01  -6.6733882e+01
   1.0110250e+03  -6.5334455e+01  -6.6671330e+01
   1.0221716e+03  -6.5389948e+01  -6.6790515e+01
   1.0334411e+03  -6.5348372e+01  -6.6769660e+01
   1.0448348e+03  -6.5548467e+01  -6.6798843e+01
   1.0563541e+03  -6.5462060e+01  -6.6798843e+01
   1.0680004e+03  -6.5706275e+01  -6.6863025e+01
   1.0797752e+03  -6.5623015e+01  -6.6821294e+01
   1.0916797e+03  -6.5832927e+01  -6.6944749e+01
   1.1037155e+03  -6.5768040e+01  -6.6903009e+01
   1.1158840e+03  -6.5951556e+01  -6.7057677e+01
   1.1281866e+03  -6.5889032e+01  -6.6995052e+01
   1.1406249e+03  -6.6107945e+01  -6.7179032e+01
   1.1532003e+03  -6.6024560e+01  -6.7113957e+01
   1.1659144e+03  -6.6303209e+01  -6.7269485e+01
   1.1787686e+03  -6.6194900e+01  -6.7227682e+01
   1.1917646e+03  -6.6501462e+01  -6.7322857e+01
   1.2049038e+03  -6.6397098e+01  -6.7301950e+01
   1.2181879e+03  -6.6674820e+01  -6.7391624e+01
   1.2316185e+03  -6.6591309e+01  -6.7349802e+01
   1.2451971e+03  -6.6777250e+01  -6.7445884e+01
   1.2589254e+03  -6.6735485e+01  -6.7424968e+01
   1.2728051e+03  -6.6798843e+01  -6.7459727e+01
   1.2868378e+03  -6.6798843e+01  -6.7459727e+01
   1.3010252e+03  -6.6739601e+01  -6.7459727e+01
   1.3153691e+03  -6.6781386e+01  -6.7459727e+01
   1.3298710e+03  -6.6658821e+01  -6.7459727e+01
   1.3445329e+03  -6.6702241e+01  -6.7459727e+01
   1.3593564e+03  -6.6660832e+01  -6.7485412e+01
   1.3743433e+03  -6.6639913e+01  -6.7464476e+01
   1.3894955e+03  -6.6779727e+01  -6.7551512e+01
   1.4048147e+03  -6.6692777e+01  -6.7509630e+01
   1.4203028e+03  -6.6914533e+01  -6.7583643e+01
   1.4359617e+03  -6.6851696e+01  -6.7583643e+01
   1.4517932e+03  -6.6988414e+01  -6.7583643e+01
   1.4677993e+03  -6.6967464e+01  -6.7583643e+01
   1.4839818e+03  -6.7029274e+01  -6.7583643e+01
   1.5003427e+03  -6.7008319e+01  -6.7583643e+01
   1.5168840e+03  -6.7070134e+01  -6.7583643e+01
   1.5336077e+03  -6.7049174e+01  -6.7583643e+01
   1.5505158e+03  -6.7134009e+01  -6.7583643e+01
   1.5676103e+03  -6.7092078e+01  -6.7583643e+01
   1.5848932e+03  -6.7193160e+01  -6.7583643e+01
   1.6023667e+03  -6.7172190e+01  -6.7583643e+01
   1.6200328e+03  -6.7211896e+01  -6.7583643e+01
   1.6378937e+03  -6.7211896e+01  -6.7583643e+01
   1.6559515e+03  -6.7211896e+01  -6.7583643e+01
   1.6742084e+03  -6.7211896e+01  -6.7583643e+01
   1.6926666e+03  -6.7211896e+01  -6.7562411e+01
   1.7113283e+03  -6.7211896e+01  -6.7583396e+01
   1.7301957e+03  -6.7211896e+01  -6.7500765e+01
   1.7492712e+03  -6.7211896e+01  -6.7377515e+01
   1.7685569e+03  -6.7211896e+01  -6.7419046e+01
   1.7880553e+03  -6.7171231e+01  -6.7336452e+01
   1.8077687e+03  -6.7192001e+01  -6.7357222e+01
   1.8276994e+03  -6.7130367e+01  -6.7376036e+01
   1.8478498e+03  -6.7151142e+01  -6.7355260e+01
   1.8682224e+03  -6.7129285e+01  -6.7576030e+01
   1.8888196e+03  -6.7129285e+01  -6.7472129e+01
   1.9096439e+03  -6.7166976e+01  -6.7819233e+01
   1.9306977e+03  -6.7145365e+01  -6.7689673e+01
   1.9519837e+03  -6.7206458e+01  -6.8165076e+01
   1.9735044e+03  -6.7185634e+01  -6.7962671e+01
   1.9952623e+03  -6.7211896e+01  -6.8536297e+01
   2.0172601e+03  -6.7211896e+01  -6.8310988e+01
   2.0395005e+03  -6.7211896e+01  -6.8911687e+01
   2.0619860e+03  -6.7211896e+01  -6.8685963e+01
   2.0847195e+03  -6.7315514e+01  -6.9322168e+01
   2.1077035e+03  -6.7253000e+01  -7.0182641e+01
   2.1309410e+03  -6.7572528e+01  -6.9774062e+01
   2.1544347e+03  -6.7420954e+01  -7.0716855e+01
   2.1781874e+03  -6.7879168e+01  -7.0280891e+01
   2.2022019e+03  -6.7705761e+01  -7.1235593e+01
   2.2264813e+03  -6.8218808e+01  -7.2238264e+01
   2.2510283e+03  -6.8015630e+01  -7.1673875e+01
   2.2758459e+03  -6.8625093e+01  -7.2694788e+01
   2.3009372e+03  -6.8342266e+01  -7.3740158e+01
   2.3263051e+03  -6.9078404e+01  -7.4778317e+01
   2.3519526e+03  -7.0031348e+01  -7.5778972e+01
   2.3778830e+03  -6.9547498e+01  -7.5186676e+01
   2.4040992e+03  -7.0552420e+01  -7.6224489e+01
   2.4306044e+03  -7.1523294e+01  -7.7250059e+01
   2.4574019e+03  -7.1066715e+01  -7.8274932e+01
   2.4844948e+03  -7.2016567e+01  -7.7649688e+01
   2.5118864e+03  -7.3058362e+01  -7.8695768e+01
   2.5395800e+03  -7.4127076e+01  -7.9758269e+01
   2.5675790e+03  -7.3300134e+01  -8.0857467e+01
   2.5958866e+03  -7.4405789e+01  -8.1929255e+01
   2.6245063e+03  -7.5444169e+01  -8.2770160e+01
   2.6534415e+03  -7.6444003e+01  -8.2030476e+01
   2.6826958e+03  -7.5937345e+01  -8.3099977e+01
   2.7122726e+03  -7.6870371e+01  -8.3967009e+01
   2.7421754e+03  -7.7820577e+01  -8.3582471e+01
   2.7724080e+03  -7.8732825e+01  -8.4487856e+01
   2.8029739e+03  -7.9742083e+01  -8.5515141e+01
   2.8338767e+03  -8.0679219e+01  -8.4951405e+01
   2.8651203e+03  -8.0248792e+01  -8.5963071e+01
   2.8967083e+03  -8.1122490e+01  -8.6932928e+01
   2.9286446e+03  -8.1947468e+01  -8.6398030e+01
   2.9609329e+03  -8.1580234e+01  -8.7310287e+01
   2.9935773e+03  -8.2496491e+01  -8.8222677e+01
   3.0265816e+03  -8.3569881e+01  -8.9118666e+01
   3.0599497e+03  -8.4637542e+01  -9.0119823e+01
   3.0936857e+03  -8.5480632e+01  -9.1155746e+01
   3.1277937e+03  -8.6168002e+01  -9.2191576e+01
   3.1622777e+03  -8.6855097e+01  -9.3223764e+01
   3.1971418e+03  -8.7803054e+01  -9.4173374e+01
   3.2323904e+03  -8.8855523e+01  -9.5028696e+01
   3.2680276e+03  -8.9908633e+01  -9.5740053e+01
   3.3040577e+03  -9.0867487e+01  -9.8461879e+01
   3.3404850e+03  -9.0410144e+01  -9.9046579e+01
   3.3773139e+03  -9.1359438e+01  -1.0164399e+02
   3.4145489e+03  -9.2362552e+01  -1.0222729e+02
   3.4521944e+03  -9.3495839e+01  -1.0490722e+02
   3.4902549e+03  -9.2685616e+01  -1.0541352e+02
   3.5287350e+03  -9.3726501e+01  -1.0429935e+02
   3.5676394e+03  -9.6566162e+01  -1.0346425e+02
   3.6069727e+03  -9.6625033e+01  -1.0254157e+02
   3.6467397e+03  -9.9316496e+01  -1.0151281e+02
   3.6869451e+03  -1.0024576e+02  -1.0047855e+02
   3.7275937e+03  -1.0123033e+02  -1.0114184e+02
   3.7686905e+03  -1.0234292e+02  -1.0017062e+02
   3.8102404e+03  -1.0149668e+02  -9.9197212e+01
   3.8522484e+03  -1.0273340e+02  -9.8223096e+01
   3.8947195e+03  -1.0366438e+02  -9.7187518e+01
   3.9376589e+03  -1.0335593e+02  -9.6171335e+01
   3.9810717e+03  -1.0378278e+02  -9.5186572e+01
   4.0249631e+03  -1.0328126e+02  -9.4191900e+01
   4.0693384e+03  -1.0257360e+02  -9.3229646e+01
   4.1142030e+03  -9.9888720e+01  -9.3822078e+01
   4.1595622e+03  -9.9008514e+01  -9.2841781e+01
   4.2054214e+03  -9.7973067e+01  -9.2189541e+01
   4.2517863e+03  -9.6941945e+01  -9.2414290e+01
   4.2986623e+03  -9.5995119e+01  -9.1949539e+01
   4.3460552e+03  -9.5090734e+01  -9.2074529e+01
   4.3939706e+03  -9.5830241e+01  -9.1673436e+01
   4.4424142e+03  -9.4803137e+01  -9.1831087e+01
   4.4913919e+03  -9.4111837e+01  -9.1270280e+01
   4.5409096e+03  -9.4337288e+01  -9.1564820e+01
   4.5909732e+03  -9.3788920e+01  -9.0801715e+01
   4.6415888e+03  -9.3962593e+01  -8.9969664e+01
   4.6927625e+03  -9.3401173e+01  -9.0311898e+01
   4.7445003e+03  -9.3649883e+01  -8.9498615e+01
   4.7968085e+03  -9.2944662e+01  -8.9842032e+01
   4.8496934e+03  -9.1993000e+01  -8.9088858e+01
   4.9031614e+03  -9.2499868e+01  -8.9348231e+01
   4.9572189e+03  -9.1500019e+01  -8.8697081e+01
   5.0118723e+03  -9.0425826e+01  -8.8128845e+01
   5.0671283e+03  -8.9471356e+01  -8.8331011e+01
   5.1229936e+03  -9.0066588e+01  -8.7826609e+01
   5.1794747e+03  -8.9154035e+01  -8.8006644e+01
   5.2365785e+03  -8.8938455e+01  -8.7462350e+01
   5.2943119e+03  -8.8938455e+01  -8.7687808e+01
   5.3526818e+03  -8.8973471e+01  -8.7058797e+01
   5.4116953e+03  -8.8951831e+01  -8.7307258e+01
   5.4713593e+03  -8.8850654e+01  -8.6638752e+01
   5.5316812e+03  -8.8944601e+01  -8.6878001e+01
   5.5926681e+03  -8.8569493e+01  -8.6202383e+01
   5.6543274e+03  -8.8772874e+01  -8.5416681e+01
   5.7166665e+03  -8.8208292e+01  -8.5758812e+01
   5.7796929e+03  -8.8434688e+01  -8.4945600e+01
   5.8434141e+03  -8.7816561e+01  -8.5288913e+01
   5.9078379e+03  -8.7020895e+01  -8.4530698e+01
   5.9729720e+03  -8.7405077e+01  -8.4779520e+01
   6.0388241e+03  -8.6563671e+01  -8.4198213e+01
   6.1054023e+03  -8.6907974e+01  -8.4350684e+01
   6.1727145e+03  -8.6127978e+01  -8.3923435e+01
   6.2407688e+03  -8.5493604e+01  -8.3537228e+01
   6.3095734e+03  -8.5718760e+01  -8.3666761e+01
   6.3791366e+03  -8.5118188e+01  -8.3263949e+01
   6.4494668e+03  -8.5343759e+01  -8.3415228e+01
   6.5205723e+03  -8.4703426e+01  -8.2989059e+01
   6.5924618e+03  -8.4998428e+01  -8.3140494e+01
   6.6651438e+03  -8.4288539e+01  -8.2779882e+01
   6.7386272e+03  -8.3689024e+01  -8.2884110e+01
   6.8129207e+03  -8.3891423e+01  -8.2543990e+01
   6.8880333e+03  -8.3415677e+01  -8.2673957e+01
   6.9639740e+03  -8.3567262e+01  -8.2215178e+01
   7.0407520e+03  -8.3170277e+01  -8.2410330e+01
   7.1183765e+03  -8.3295474e+01  -8.1861808e+01
   7.1968567e+03  -8.2989725e+01  -8.2057163e+01
   7.2762022e+03  -8.3076455e+01  -8.1508458e+01
   7.3564225e+03  -8.2801263e+01  -8.1704016e+01
   7.4375273e+03  -8.2905727e+01  -8.1136800e+01
   7.5195262e+03  -8.2541981e+01  -8.1363104e+01
   7.6024291e+03  -8.2693952e+01  -8.0770333e+01
   7.6862461e+03  -8.2245277e+01  -8.0214357e+01
   7.7709871e+03  -8.2426166e+01  -8.0408854e+01
   7.8566625e+03  -8.1985135e+01  -7.9932218e+01
   7.9432823e+03  -8.2115772e+01  -8.0083651e+01
   8.0308572e+03  -8.1766737e+01  -7.9690951e+01
   8.1193976e+03  -8.1871636e+01  -7.9820885e+01
   8.2089142e+03  -8.1525379e+01  -7.9485104e+01
   8.2994176e+03  -8.0980006e+01  -7.9589438e+01
   8.3909189e+03  -8.1204582e+01  -7.9282702e+01
   8.4834290e+03  -8.0602512e+01  -7.9391118e+01
   8.5769590e+03  -8.0818761e+01  -7.9084095e+01
   8.6715202e+03  -8.0314887e+01  -7.9188562e+01
   8.7671239e+03  -8.0472543e+01  -7.8828545e+01
   8.8637816e+03  -8.0170924e+01  -7.8986663e+01
   8.9615050e+03  -8.0233551e+01  -7.8541522e+01
   9.0603058e+03  -8.0016107e+01  -7.8722562e+01
   9.1601959e+03  -8.0096614e+01  -7.8256228e+01
   9.2611873e+03  -7.9727159e+01  -7.7912073e+01
   9.3632921e+03  -7.9907609e+01  -7.8015914e+01
   9.4665226e+03  -7.9358762e+01  -7.7667514e+01
   9.5708912e+03  -7.9629171e+01  -7.7796999e+01
   9.6764105e+03  -7.8988850e+01  -7.7393502e+01
   9.7830932e+03  -7.8543772e+01  -7.7544724e+01
   9.8909520e+03  -7.8673354e+01  -7.7153831e+01
   1.0000000e+04  -7.8381280e+01  -7.7278729e+01
   1.0110250e+04  -7.8464521e+01  -7.6945752e+01
   1.0221716e+04  -7.8217827e+01  -7.7053905e+01
   1.0334411e+04  -7.8301088e+01  -7.6748014e+01
   1.0448348e+04  -7.7983213e+01  -7.6852228e+01
   1.0563541e+04  -7.8112990e+01  -7.6511800e+01
   1.0680004e+04  -7.7783033e+01  -7.6641749e+01
   1.0797752e+04  -7.7895669e+01  -7.6182174e+01
   1.0916797e+04  -7.7621795e+01  -7.6377300e+01
   1.1037155e+04  -7.7705316e+01  -7.5833168e+01
   1.1158840e+04  -7.7458349e+01  -7.6036391e+01
   1.1281866e+04  -7.7541888e+01  -7.5566729e+01
   1.1406249e+04  -7.7267282e+01  -7.5697188e+01
   1.1532003e+04  -7.7375793e+01  -7.5400079e+01
   1.1659144e+04  -7.7016258e+01  -7.5462933e+01
   1.1787686e+04  -7.7168330e+01  -7.5279535e+01
   1.1917646e+04  -7.6741442e+01  -7.5344848e+01
   1.2049038e+04  -7.6893672e+01  -7.5159503e+01
   1.2181879e+04  -7.6443377e+01  -7.5222437e+01
   1.2316185e+04  -7.6617535e+01  -7.5018592e+01
   1.2451971e+04  -7.6176636e+01  -7.4694885e+01
   1.2589254e+04  -7.5855389e+01  -7.4824384e+01
   1.2728051e+04  -7.5963361e+01  -7.4345948e+01
   1.2868378e+04  -7.5620961e+01  -7.4548258e+01
   1.3010252e+04  -7.5745808e+01  -7.4109171e+01
   1.3153691e+04  -7.5377945e+01  -7.4239043e+01
   1.3298710e+04  -7.5512920e+01  -7.3970079e+01
   1.3445329e+04  -7.5185401e+01  -7.4032650e+01
   1.3593564e+04  -7.5298088e+01  -7.3847493e+01
   1.3743433e+04  -7.5022974e+01  -7.3910078e+01
   1.3894955e+04  -7.5106532e+01  -7.3633621e+01
   1.4048147e+04  -7.4861374e+01  -7.3768946e+01
   1.4203028e+04  -7.4948201e+01  -7.3377217e+01
   1.4359617e+04  -7.4674707e+01  -7.3529243e+01
   1.4517932e+04  -7.4779288e+01  -7.3124850e+01
   1.4677993e+04  -7.4446707e+01  -7.3250411e+01
   1.4839818e+04  -7.4577113e+01  -7.2934143e+01
   1.5003427e+04  -7.4186731e+01  -7.3021125e+01
   1.5168840e+04  -7.4339030e+01  -7.2800513e+01
   1.5336077e+04  -7.3934313e+01  -7.2865818e+01
   1.5505158e+04  -7.4064990e+01  -7.2680507e+01
   1.5676103e+04  -7.3684398e+01  -7.2743433e+01
   1.5848932e+04  -7.3264462e+01  -7.2518445e+01
   1.6023667e+04  -7.3421804e+01  -7.2254694e+01
   1.6200328e+04  -7.2999750e+01  -7.2341017e+01
   1.6378937e+04  -7.3151257e+01  -7.2097165e+01
   1.6559515e+04  -7.2724881e+01  -7.2180343e+01
   1.6742084e+04  -7.2876546e+01  -7.1895660e+01
   1.6926666e+04  -7.2450026e+01  -7.1999657e+01
   1.7113283e+04  -7.2601849e+01  -7.1618217e+01
   1.7301957e+04  -7.2203739e+01  -7.1775624e+01
   1.7492712e+04  -7.2334008e+01  -7.1288289e+01
   1.7685569e+04  -7.1991914e+01  -7.1491043e+01
   1.7880553e+04  -7.2096516e+01  -7.0976639e+01
   1.8077687e+04  -7.1816511e+01  -7.1150182e+01
   1.8276994e+04  -7.1903467e+01  -7.0747111e+01
   1.8478498e+04  -7.1681534e+01  -7.0855688e+01
   1.8682224e+04  -7.1744375e+01  -7.0601398e+01
   1.8888196e+04  -7.1583154e+01  -7.0664171e+01
   1.9096439e+04  -7.1625059e+01  -7.0505084e+01
   1.9306977e+04  -7.1477678e+01  -7.0546943e+01
   1.9519837e+04  -7.1540549e+01  -7.0397539e+01
   1.9735044e+04  -7.1308475e+01  -7.0460342e+01
   1.9952623e+04  -7.1413285e+01  -7.0202536e+01
   2.0172601e+04  -7.1127041e+01  -7.0333055e+01
   2.0395005e+04  -7.1210909e+01  -6.9966995e+01
   2.0619860e+04  -7.0923166e+01  -7.0097650e+01
   2.0847195e+04  -7.0517066e+01  -6.9748265e+01
   2.1077035e+04  -7.0680785e+01  -6.9853178e+01
   2.1309410e+04  -7.0300167e+01  -6.9507522e+01
   2.1544347e+04  -7.0429941e+01  -6.9082086e+01
   2.1781874e+04  -7.0131437e+01  -6.9239311e+01
   2.2022019e+04  -7.0214802e+01  -6.8961679e+01
   2.2264813e+04  -6.9935623e+01  -6.9024134e+01
   2.2510283e+04  -7.0043906e+01  -6.8803214e+01
   2.2758459e+04  -6.9707805e+01  -6.8886508e+01
   2.3009372e+04  -6.9837880e+01  -6.8675196e+01
   2.3263051e+04  -6.9469560e+01  -6.8737680e+01
   2.3519526e+04  -6.9594897e+01  -6.8517616e+01
   2.3778830e+04  -6.9256144e+01  -6.8600949e+01
   2.4040992e+04  -6.9364677e+01  -6.8319617e+01
   2.4306044e+04  -6.9112109e+01  -6.8423808e+01
   2.4574019e+04  -6.9174857e+01  -6.8082879e+01
   2.4844948e+04  -6.8962491e+01  -6.8212798e+01
   2.5118864e+04  -6.9046175e+01  -6.7845144e+01
   2.5395800e+04  -6.8749299e+01  -6.7970332e+01
   2.5675790e+04  -6.8879735e+01  -6.7570887e+01
   2.5958866e+04  -6.8537722e+01  -6.7722653e+01
   2.6245063e+04  -6.8646532e+01  -6.7296042e+01
   2.6534415e+04  -6.8319521e+01  -6.7447966e+01
   2.6826958e+04  -6.8450228e+01  -6.7075693e+01
   2.7122726e+04  -6.8064127e+01  -6.7184323e+01
   2.7421754e+04  -6.7638760e+01  -6.6902179e+01
   2.7724080e+04  -6.7796011e+01  -6.6985918e+01
   2.8029739e+04  -6.7444920e+01  -6.6716486e+01
   2.8338767e+04  -6.7549030e+01  -6.6825253e+01
   2.8651203e+04  -6.7311732e+01  -6.6497518e+01
   2.8967083e+04  -6.7374213e+01  -6.6628175e+01
   2.9286446e+04  -6.7259386e+01  -6.6282624e+01
   2.9609329e+04  -6.7280217e+01  -6.6058645e+01
   2.9935773e+04  -6.7149166e+01  -6.6120972e+01
   3.0265816e+04  -6.7211676e+01  -6.5936053e+01
   3.0599497e+04  -6.6959481e+01  -6.5998394e+01
   3.0936857e+04  -6.7067740e+01  -6.5735199e+01
   3.1277937e+04  -6.6729121e+01  -6.5843166e+01
   3.1622777e+04  -6.6854299e+01  -6.5428523e+01
   3.1971418e+04  -6.6483948e+01  -6.5608440e+01
   3.2323904e+04  -6.6609156e+01  -6.5159264e+01
   3.2680276e+04  -6.6210089e+01  -6.5310854e+01
   3.3040577e+04  -6.6361880e+01  -6.4884403e+01
   3.3404850e+04  -6.5935247e+01  -6.5036150e+01
   3.3773139e+04  -6.6087195e+01  -6.4580037e+01
   3.4145489e+04  -6.5711556e+01  -6.4753643e+01
   3.4521944e+04  -6.5816137e+01  -6.4320895e+01
   3.4902549e+04  -6.5536484e+01  -6.4451235e+01
   3.5287350e+04  -6.5623422e+01  -6.4107797e+01
   3.5676394e+04  -6.5426998e+01  -6.4212457e+01
   3.6069727e+04  -6.5468884e+01  -6.3903494e+01
   3.6467397e+04  -6.5296089e+01  -6.4008179e+01
   3.6869451e+04  -6.5379880e+01  -6.3702335e+01
   3.7275937e+04  -6.5064870e+01  -6.3811115e+01
   3.7686905e+04  -6.5217242e+01  -6.3479363e+01
   3.8102404e+04  -6.4775076e+01  -6.3605145e+01
   3.8522484e+04  -6.4333993e+01  -6.3238540e+01
   3.8947195e+04  -6.4485137e+01  -6.3369242e+01
   3.9376589e+04  -6.4133046e+01  -6.3042903e+01
   3.9810717e+04  -6.4237074e+01  -6.2799260e+01
   4.0249631e+04  -6.3892666e+01  -6.2882391e+01
   4.0693384e+04  -6.4022384e+01  -6.2597124e+01
   4.1142030e+04  -6.3622197e+01  -6.2705104e+01
   4.1595622e+04  -6.3773691e+01  -6.2362809e+01
   4.2054214e+04  -6.3345103e+01  -6.2487665e+01
   4.2517863e+04  -6.3491078e+01  -6.2047188e+01
   4.2986623e+04  -6.3093767e+01  -6.2227168e+01
   4.3460552e+04  -6.3223784e+01  -6.1714256e+01
   4.3939706e+04  -6.2827864e+01  -6.1917106e+01
   4.4424142e+04  -6.2979708e+01  -6.1376417e+01
   4.4913919e+04  -6.2581299e+01  -6.1579641e+01
   4.5409096e+04  -6.2711586e+01  -6.1084282e+01
   4.5909732e+04  -6.2298158e+01  -6.1236484e+01
   4.6415888e+04  -6.2479084e+01  -6.0853404e+01
   4.6927625e+04  -6.1997959e+01  -6.0958160e+01
   4.7445003e+04  -6.1598845e+01  -6.0606188e+01
   4.7968085e+04  -6.1723476e+01  -6.0758585e+01
   4.8496934e+04  -6.1434086e+01  -6.0294711e+01
   4.9031614e+04  -6.1520424e+01  -5.9612180e+01
   4.9572189e+04  -6.1238954e+01  -5.9945037e+01
   5.0118723e+04  -6.1346988e+01  -5.9212444e+01
   5.0671283e+04  -6.0934581e+01  -5.9495064e+01
   5.1229936e+04  -6.1107615e+01  -5.8839387e+01
   5.1794747e+04  -6.0586464e+01  -5.8339535e+01
   5.2365785e+04  -6.0781329e+01  -5.8512193e+01
   5.2943119e+04  -6.0236478e+01  -5.7988228e+01
   5.3526818e+04  -6.0439430e+01  -5.8190529e+01
   5.4116953e+04  -5.9922235e+01  -5.7525304e+01
   5.4713593e+04  -6.0095948e+01  -5.7858378e+01
   5.5316812e+04  -5.9608152e+01  -5.7070060e+01
   5.5926681e+04  -5.9782045e+01  -5.6216270e+01
   5.6543274e+04  -5.9252561e+01  -5.6599642e+01
   5.7166665e+04  -5.9478948e+01  -5.5715617e+01
   5.7796929e+04  -5.8837868e+01  -5.6126289e+01
   5.8434141e+04  -5.8119461e+01  -5.5237861e+01
   5.9078379e+04  -5.8400505e+01  -5.4245532e+01
   5.9729720e+04  -5.7631254e+01  -5.3160055e+01
   6.0388241e+04  -5.7974439e+01  -5.3935603e+01
   6.1054023e+04  -5.7185121e+01  -5.2938678e+01
   6.1727145e+04  -5.7504894e+01  -5.2093188e+01
   6.2407688e+04  -5.6731429e+01  -4.9286661e+01
   6.3095734e+04  -5.5829885e+01  -4.8440553e+01
   6.3791366e+04  -5.6286383e+01  -4.7537648e+01
   6.4494668e+04  -5.5335739e+01  -4.6606381e+01
   6.5205723e+04  -5.4332595e+01  -4.5616798e+01
   6.5924618e+04  -5.4896930e+01  -4.4689534e+01
   6.6651438e+04  -5.3906143e+01  -4.5171559e+01
   6.7386272e+04  -5.2917254e+01  -4.4339400e+01
   6.8129207e+04  -5.1934701e+01  -4.4598143e+01
   6.8880333e+04  -5.0982992e+01  -4.4180726e+01
   6.9639740e+04  -5.0059778e+01  -4.4203358e+01
   7.0407520e+04  -4.9136989e+01  -4.4265391e+01
   7.1183765e+04  -4.8283966e+01  -4.4566152e+01
   7.1968567e+04  -4.7421573e+01  -4.4462219e+01
   7.2762022e+04  -4.6457705e+01  -4.4576621e+01
   7.3564225e+04  -4.5515836e+01  -4.4576621e+01
   7.4375273e+04  -4.4369702e+01  -4.4347347e+01
   7.5195262e+04  -4.3410903e+01  -4.4476976e+01
   7.6024291e+04  -4.3693725e+01  -4.3867262e+01
   7.6862461e+04  -4.3549737e+01  -4.4185475e+01
   7.7709871e+04  -4.4467470e+01  -4.3367213e+01
   7.8566625e+04  -4.4196955e+01  -4.2394264e+01
   7.9432823e+04  -4.4750266e+01  -4.2876031e+01
   8.0308572e+04  -4.4620024e+01  -4.1841915e+01
   8.1193976e+04  -4.4797017e+01  -4.0720785e+01
   8.2089142e+04  -4.4817933e+01  -4.1547757e+01
   8.2994176e+04  -4.4624537e+01  -3.8699750e+01
   8.3909189e+04  -4.4754945e+01  -3.7683847e+01
   8.4834290e+04  -4.4298270e+01  -3.6784917e+01
   8.5769590e+04  -4.4524638e+01  -3.5917965e+01
   8.6715202e+04  -4.3850661e+01  -3.4994027e+01
   8.7671239e+04  -4.2867602e+01  -3.5528118e+01
   8.8637816e+04  -4.3432134e+01  -3.4767540e+01
   8.9615050e+04  -4.2551307e+01  -3.4964000e+01
   9.0603058e+04  -4.1733718e+01  -3.4813583e+01
   9.1601959e+04  -3.9011384e+01  -3.5576613e+01
   9.2611873e+04  -3.8160482e+01  -3.5167665e+01
   9.3632921e+04  -3.7125613e+01  -3.6155724e+01
   9.4665226e+04  -3.6078064e+01  -3.5644599e+01
   9.5708912e+04  -3.6904399e+01  -3.6689385e+01
   9.6764105e+04  -3.5893374e+01  -3.7615131e+01
   9.7830932e+04  -3.5108268e+01  -3.7247311e+01
   9.8909520e+04  -3.5110310e+01  -3.8119469e+01
   1.0000000e+05  -3.4969449e+01  -3.8908549e+01
   1.0110250e+05  -3.5599774e+01  -3.8591066e+01
   1.0221716e+05  -3.5223151e+01  -3.9287591e+01
   1.0334411e+05  -3.6182669e+01  -3.9039789e+01
   1.0448348e+05  -3.7146811e+01  -3.9640824e+01
   1.0563541e+05  -3.6736959e+01  -3.9437703e+01
   1.0680004e+05  -3.7649299e+01  -3.9926460e+01
   1.0797752e+05  -3.8558641e+01  -3.9768186e+01
   1.0916797e+05  -3.8130154e+01  -4.0056766e+01
   1.1037155e+05  -3.9013907e+01  -4.0035808e+01
   1.1158840e+05  -3.8645570e+01  -3.9938898e+01
   1.1281866e+05  -3.9487838e+01  -4.0069562e+01
   1.1406249e+05  -4.0137373e+01  -3.9638772e+01
   1.1532003e+05  -3.9903285e+01  -3.9046170e+01
   1.1659144e+05  -4.0294210e+01  -3.9271101e+01
   1.1787686e+05  -4.0207618e+01  -3.8670716e+01
   1.1917646e+05  -4.0322181e+01  -3.8896062e+01
   1.2049038e+05  -4.0322181e+01  -3.8221543e+01
   1.2181879e+05  -4.0257843e+01  -3.8540810e+01
   1.2316185e+05  -4.0299572e+01  -3.7738579e+01
   1.2451971e+05  -4.0114158e+01  -3.6797355e+01
   1.2589254e+05  -4.0200880e+01  -3.7253499e+01
   1.2728051e+05  -3.9839858e+01  -3.6327350e+01
   1.2868378e+05  -4.0013482e+01  -3.5435873e+01
   1.3010252e+05  -3.9450204e+01  -3.5864818e+01
   1.3153691e+05  -3.9698845e+01  -3.4961917e+01
   1.3298710e+05  -3.9023771e+01  -3.4004932e+01
   1.3445329e+05  -3.8236403e+01  -3.4538694e+01
   1.3593564e+05  -3.8578427e+01  -3.3619350e+01
   1.3743433e+05  -3.7765288e+01  -3.2635147e+01
   1.3894955e+05  -3.8108494e+01  -3.1566289e+01
   1.4048147e+05  -3.7257919e+01  -3.0701060e+01
   1.4203028e+05  -3.6196231e+01  -3.1095999e+01
   1.4359617e+05  -3.6788764e+01  -3.0614890e+01
   1.4517932e+05  -3.5708339e+01  -3.1170682e+01
   1.4677993e+05  -3.4639384e+01  -3.0795324e+01
   1.4839818e+05  -3.5266566e+01  -3.1683147e+01
   1.5003427e+05  -3.4410598e+01  -3.2761698e+01
   1.5168840e+05  -3.1670034e+01  -3.3751280e+01
   1.5336077e+05  -3.0807232e+01  -3.4717331e+01
   1.5505158e+05  -3.1432695e+01  -3.5675397e+01
   1.5676103e+05  -3.0027996e+01  -3.6684667e+01
   1.5848932e+05  -3.0185811e+01  -3.7665507e+01
   1.6023667e+05  -3.0861941e+01  -3.8700094e+01
   1.6200328e+05  -3.0329622e+01  -3.7774123e+01
   1.6378937e+05  -3.1205089e+01  -4.0619384e+01
   1.6559515e+05  -3.2278282e+01  -4.1515714e+01
   1.6742084e+05  -3.3346892e+01  -4.2352275e+01
   1.6926666e+05  -3.4376080e+01  -4.3008569e+01
   1.7113283e+05  -3.5382348e+01  -4.5727816e+01
   1.7301957e+05  -3.6256638e+01  -4.5789550e+01
   1.7492712e+05  -3.6746661e+01  -4.9919052e+01
   1.7685569e+05  -3.9409667e+01  -5.0743359e+01
   1.7880553e+05  -4.0354458e+01  -4.9967858e+01
   1.8077687e+05  -3.9579178e+01  -5.1105546e+01
   1.8276994e+05  -4.0452667e+01  -5.2140477e+01
   1.8478498e+05  -4.3043984e+01  -5.3119452e+01
   1.8682224e+05  -4.5077413e+01  -5.2636769e+01
   1.8888196e+05  -4.7201416e+01  -5.3602229e+01
   1.9096439e+05  -4.7809250e+01  -5.4494487e+01
   1.9306977e+05  -5.0609715e+01  -5.4065457e+01
   1.9519837e+05  -5.1489442e+01  -5.4868161e+01
   1.9735044e+05  -5.2407710e+01  -5.4619542e+01
   1.9952623e+05  -5.1873434e+01  -5.4880226e+01
   2.0172601e+05  -5.2896045e+01  -5.4026938e+01
   2.0395005e+05  -5.3817935e+01  -5.1383637e+01
   2.0619860e+05  -5.3409270e+01  -5.0883695e+01
   2.0847195e+05  -5.4297089e+01  -4.8821512e+01
   2.1077035e+05  -5.3929210e+01  -4.5256208e+01
   2.1309410e+05  -5.4773029e+01  -4.3276309e+01
   2.1544347e+05  -5.4478931e+01  -4.2477822e+01
   2.1781874e+05  -5.5070249e+01  -3.9637856e+01
   2.2022019e+05  -5.4755981e+01  -3.8726110e+01
   2.2264813e+05  -5.5037282e+01  -3.9590505e+01
   2.2510283e+05  -5.4399880e+01  -3.8616650e+01
   2.2758459e+05  -5.1713688e+01  -3.6019730e+01
   2.3009372e+05  -5.1401063e+01  -3.5625208e+01
   2.3263051e+05  -4.7603122e+01  -3.2827517e+01
   2.3519526e+05  -4.3599969e+01  -3.2274717e+01
   2.3778830e+05  -4.2731814e+01  -3.2266120e+01
   2.4040992e+05  -4.1733518e+01  -3.2615593e+01
   2.4306044e+05  -4.0760953e+01  -3.3389673e+01
   2.4574019e+05  -3.9854179e+01  -3.4388458e+01
   2.4844948e+05  -3.8941681e+01  -3.3692383e+01
   2.5118864e+05  -3.8221092e+01  -3.4769508e+01
   2.5395800e+05  -3.4305332e+01  -3.5406783e+01
   2.5675790e+05  -3.3550779e+01  -3.5233760e+01
   2.5958866e+05  -3.2658586e+01  -3.5209489e+01
   2.6245063e+05  -3.3088334e+01  -3.5361041e+01
   2.6534415e+05  -3.2829357e+01  -3.4681708e+01
   2.6826958e+05  -3.2546476e+01  -3.5111901e+01
   2.7122726e+05  -3.3366252e+01  -3.4188996e+01
   2.7421754e+05  -3.4466281e+01  -3.3371404e+01
   2.7724080e+05  -3.5376174e+01  -3.3038201e+01
   2.8029739e+05  -3.4925166e+01  -3.3089552e+01
   2.8338767e+05  -3.5581126e+01  -3.3652920e+01
   2.8651203e+05  -3.5288662e+01  -3.6395058e+01
   2.8967083e+05  -3.5490709e+01  -3.6913659e+01
   2.9286446e+05  -3.4608115e+01  -3.8955787e+01
   2.9609329e+05  -3.5171753e+01  -4.2466719e+01
   2.9935773e+05  -3.4142298e+01  -4.6020518e+01
   3.0265816e+05  -3.3342212e+01  -4.9395840e+01
   3.0599497e+05  -3.3589999e+01  -5.0771887e+01
   3.0936857e+05  -3.3264394e+01  -5.4361344e+01
   3.1277937e+05  -3.5403681e+01  -5.7915279e+01
   3.1622777e+05  -3.7617922e+01  -6.1508554e+01
   3.1971418e+05  -3.9517649e+01  -6.3306644e+01
   3.2323904e+05  -4.1431457e+01  -6.3610885e+01
   3.2680276e+05  -4.5199587e+01  -6.2773732e+01
   3.3040577e+05  -4.7194755e+01  -5.9083861e+01
   3.3404850e+05  -5.0420954e+01  -5.5741844e+01
   3.3773139e+05  -5.2094883e+01  -5.3477928e+01
   3.4145489e+05  -5.6114257e+01  -5.2107974e+01
   3.4521944e+05  -5.9204141e+01  -4.8309132e+01
   3.4902549e+05  -6.2562313e+01  -4.4744292e+01
   3.5287350e+05  -6.4467968e+01  -4.1546332e+01
   3.5676394e+05  -6.5494553e+01  -4.0934623e+01
   3.6069727e+05  -6.2177363e+01  -4.1439589e+01
   3.6467397e+05  -5.8785871e+01  -4.0648109e+01
   3.6869451e+05  -5.5550842e+01  -4.0774275e+01
   3.7275937e+05  -5.2160186e+01  -4.0644825e+01
   3.7686905e+05  -5.0765496e+01  -4.1353342e+01
   3.8102404e+05  -4.5359551e+01  -4.0969861e+01
   3.8522484e+05  -4.4165286e+01  -4.1927020e+01
   3.8947195e+05  -4.0224177e+01  -4.2740141e+01
   3.9376589e+05  -3.9773341e+01  -4.2869987e+01
   3.9810717e+05  -4.0498348e+01  -4.2687014e+01
   4.0249631e+05  -4.1307265e+01  -4.1800459e+01
   4.0693384e+05  -4.0948810e+01  -4.2458157e+01
   4.1142030e+05  -4.1731204e+01  -4.1391111e+01
   4.1595622e+05  -4.1411597e+01  -4.0554469e+01
   4.2054214e+05  -4.2186527e+01  -4.0897459e+01
   4.2517863e+05  -4.2788534e+01  -4.0130759e+01
   4.2986623e+05  -4.2658521e+01  -4.0352445e+01
   4.3460552e+05  -4.2523376e+01  -4.0450621e+01
   4.3939706e+05  -4.2793428e+01  -4.1536910e+01
   4.4424142e+05  -4.2082401e+01  -4.2041963e+01
   4.4913919e+05  -4.1257986e+01  -4.6720439e+01
   4.5409096e+05  -4.1586162e+01  -5.1450947e+01
   4.5909732e+05  -4.0908666e+01  -5.3445429e+01
   4.6415888e+05  -4.1111651e+01  -5.2888971e+01
   4.6927625e+05  -4.0792077e+01  -5.1868848e+01
   4.7445003e+05  -4.0652623e+01  -5.1175662e+01
   4.7968085e+05  -4.1801230e+01  -4.8804585e+01
   4.8496934e+05  -4.4986624e+01  -4.8209150e+01
   4.9031614e+05  -4.6941520e+01  -4.5549369e+01
   4.9572189e+05  -5.0119860e+01  -4.4959242e+01
   5.0118723e+05  -5.3187201e+01  -4.2481719e+01
   5.0671283e+05  -5.3123731e+01  -4.2981984e+01
   5.1229936e+05  -5.0962810e+01  -4.2320899e+01
   5.1794747e+05  -5.0307540e+01  -4.2462311e+01
   5.2365785e+05  -4.9442218e+01  -4.2159478e+01
   5.2943119e+05  -4.6677336e+01  -4.1775347e+01
   5.3526818e+05  -4.6080401e+01  -4.1962527e+01
   5.4116953e+05  -4.5468749e+01  -4.1319858e+01
   5.4713593e+05  -4.2661704e+01  -4.1638220e+01
   5.5316812e+05  -4.3287620e+01  -4.0895360e+01
   5.5926681e+05  -4.2373511e+01  -4.1166438e+01
   5.6543274e+05  -4.2180917e+01  -4.0660682e+01
   5.7166665e+05  -4.2180917e+01  -4.0725939e+01
   5.7796929e+05  -4.1949267e+01  -4.0794586e+01
   5.8434141e+05  -4.2078870e+01  -4.1659556e+01
   5.9078379e+05  -4.1498976e+01  -4.1029262e+01
   5.9729720e+05  -4.1780302e+01  -4.3701087e+01
   6.0388241e+05  -4.0972736e+01  -4.4372757e+01
   6.1054023e+05  -4.1311084e+01  -4.3963788e+01
   6.1727145e+05  -4.0518549e+01  -4.3912546e+01
   6.2407688e+05  -4.0767129e+01  -4.2866179e+01
   6.3095734e+05  -4.0385347e+01  -4.3523786e+01
   6.3791366e+05  -4.0969109e+01  -4.2465357e+01
   6.4494668e+05  -4.0471842e+01  -4.1621836e+01
   6.5205723e+05  -4.3058657e+01  -4.1940795e+01
   6.5924618e+05  -4.3651208e+01  -4.1261654e+01
   6.6651438e+05  -4.4448355e+01  -4.1465344e+01
   6.7386272e+05  -4.4200071e+01  -4.0923955e+01
   6.8129207e+05  -4.3643863e+01  -4.0422409e+01
   6.8880333e+05  -4.4236080e+01  -4.0595170e+01
   6.9639740e+05  -4.3201183e+01  -4.0109606e+01
   7.0407520e+05  -4.2176787e+01  -4.0289536e+01
   7.1183765e+05  -4.1149406e+01  -3.9776102e+01
   7.1968567e+05  -4.1741901e+01  -3.9978897e+01
   7.2762022e+05  -4.0703761e+01  -3.9438254e+01
   7.3564225e+05  -3.9841711e+01  -3.9641422e+01
   7.4375273e+05  -4.0184585e+01  -3.9330855e+01
   7.5195262e+05  -3.9517082e+01  -3.9330855e+01
   7.6024291e+05  -3.9690791e+01  -3.9304526e+01
   7.6862461e+05  -3.9359726e+01  -3.9325454e+01
   7.7709871e+05  -3.9401572e+01  -3.9163124e+01
   7.8566625e+05  -3.9330855e+01  -3.9271861e+01
   7.9432823e+05  -3.9330855e+01  -3.8880461e+01
   8.0308572e+05  -3.9304874e+01  -3.8258526e+01
   8.1193976e+05  -3.9325807e+01  -3.8515803e+01
   8.2089142e+05  -3.9212942e+01  -3.7727598e+01
   8.2994176e+05  -3.9275754e+01  -3.8094802e+01
   8.3909189e+05  -3.9018869e+01  -3.7205496e+01
   8.4834290e+05  -3.9149408e+01  -3.7616564e+01
   8.5769590e+05  -3.8688771e+01  -3.6706217e+01
   8.6715202e+05  -3.7888718e+01  -3.5842371e+01
   8.7671239e+05  -3.8272221e+01  -3.6201460e+01
   8.8637816e+05  -3.7445786e+01  -3.5461965e+01
   8.9615050e+05  -3.7805248e+01  -3.5688366e+01
   9.0603058e+05  -3.7000034e+01  -3.5176736e+01
   9.1601959e+05  -3.6232332e+01  -3.5281660e+01
   9.2611873e+05  -3.6536814e+01  -3.5016421e+01
   9.3632921e+05  -3.5715454e+01  -3.4873297e+01
   9.4665226e+05  -3.6100044e+01  -3.4914862e+01
   9.5708912e+05  -3.5258537e+01  -3.4869888e+01
   9.6764105e+05  -3.4589606e+01  -3.4869888e+01
