20	-32.67695708	-32.91948343
29	-34.28416732	-34.62380138
38	-35.67135121	-35.85680521
47	-36.84409628	-37.0836231
56	-37.8612285	-38.10893098
65	-38.73006298	-38.98579872
74	-39.5239732	-39.77369193
83	-40.26507285	-40.506832
92	-40.95108604	-41.18908311
101	-41.60805915	-41.84157337
110	-42.22449604	-42.45273847
119	-42.81162875	-43.0374114
128	-43.36535829	-43.59692997
137	-43.89514218	-44.11945177
146	-44.39075429	-44.62199613
155	-44.86946687	-45.08595925
164	-45.32266915	-45.31419224
173	-45.75485884	-45.74242652
182	-46.16620262	-46.16122365
191	-46.49294543	-46.56971394
200	-46.88724052	-46.94652695
200	-46.79751032	-46.81298656
203.2449183	-46.93400511	-46.94753205
206.542484	-47.06560238	-47.08987261
209.8935514	-47.19926827	-47.22648484
213.2989884	-47.34006215	-47.35810618
216.7596773	-47.47873176	-47.49359121
220.2765145	-47.61561747	-47.62710618
223.8504109	-47.75371612	-47.76595123
227.4822924	-47.89149437	-47.90527094
231.1730996	-48.02547626	-48.03775984
234.9237886	-48.15950155	-48.1829086
238.7353311	-48.29860521	-48.31710866
242.6087142	-48.43462408	-48.4494627
246.5449415	-48.57199939	-48.5872865
250.5450324	-48.70556929	-48.72567774
254.6100231	-48.84558184	-48.85782658
258.7409667	-48.98404577	-48.99384719
262.9389331	-49.12170336	-49.13413786
267.2050098	-49.25583163	-49.26889467
271.5403019	-49.39304237	-49.40930225
275.9459323	-49.53074291	-49.53990403
280.4230423	-49.66669356	-49.67836893
284.9727915	-49.80474956	-49.81972803
289.5963586	-49.9414611	-49.95615401
294.2949411	-50.07895208	-50.08990208
299.0697562	-50.21617569	-50.22444268
303.9220408	-50.35324291	-50.36821516
308.8530517	-50.48939566	-50.50187282
313.8640662	-50.6292227	-50.63991491
318.9563824	-50.76647808	-50.77802593
324.1313193	-50.90517192	-50.91355767
329.3902175	-51.04342912	-51.04958434
334.7344392	-51.17842541	-51.18892303
340.1653686	-51.31462843	-51.32227627
345.6844127	-51.45487523	-51.46012566
351.293001	-51.59342042	-51.59769284
356.9925863	-51.72971067	-51.73744037
362.7846451	-51.87017171	-51.87624451
368.6706777	-52.00805838	-52.01029365
374.6522088	-52.14755225	-52.15166896
380.7307877	-52.28329493	-52.28896823
386.9079892	-52.41855074	-52.425264
393.1854131	-52.55768356	-52.5642766
399.5646858	-52.7001909	-52.70264882
406.0474595	-52.83612178	-52.83805855
412.6354135	-52.97579179	-52.9758151
419.3302545	-53.11350741	-53.1169738
426.1337164	-53.25060176	-53.25833296
433.0475618	-53.39105662	-53.39337353
440.0735815	-53.53131923	-53.53146207
447.2135955	-53.6694271	-53.67131157
454.4694533	-53.80875464	-53.80954885
461.8430344	-53.9463555	-53.94559941
469.3362489	-54.08358429	-54.08292443
476.9510377	-54.22764877	-54.22711537
484.6893733	-54.36358161	-54.36698174
492.5532603	-54.50508645	-54.50589553
500.5447356	-54.64624811	-54.64247847
508.6658694	-54.78383044	-54.78439402
516.9187652	-54.92236221	-54.91886558
525.3055609	-55.06089046	-55.06118906
533.8284289	-55.20224072	-55.19919227
542.489577	-55.34226865	-55.33924294
551.2912486	-55.48272101	-55.47852345
560.2357238	-55.62273762	-55.62161126
569.3253194	-55.75438359	-55.75184197
578.56239	-55.89362011	-55.89127462
587.9493283	-56.03415943	-56.03051488
597.4885659	-56.17303902	-56.17110379
607.1825736	-56.31381061	-56.30936034
617.0338627	-56.45523753	-56.45055011
627.0449849	-56.59430924	-56.59141826
637.2185335	-56.7339002	-56.73259724
647.5571438	-56.87679589	-56.87530115
658.0634938	-57.01872173	-57.01232069
668.740305	-57.15938447	-57.155525
679.5903431	-57.299252	-57.29659912
690.6164186	-57.44112029	-57.43542912
701.8213877	-57.5824549	-57.57850469
713.2081529	-57.7242418	-57.71968152
724.7796637	-57.86502303	-57.86089359
736.5389175	-58.00749493	-58.00296042
748.4889604	-58.14819105	-58.14402194
760.6328878	-58.29384843	-58.28696794
772.9738455	-58.43673999	-58.42985321
785.5150302	-58.57712719	-58.5711222
798.2596905	-58.71944933	-58.71590298
811.2111277	-58.86263059	-58.85706037
824.3726967	-59.00745425	-59.00129507
837.7478068	-59.15196515	-59.14368277
851.3399225	-59.29381798	-59.28660583
865.1525648	-59.43682501	-59.43019954
879.1893115	-59.58017397	-59.57379181
893.4537988	-59.72673747	-59.71878912
907.9497215	-59.86944811	-59.86591082
922.6808346	-60.01590083	-60.00890065
937.650954	-60.15726607	-60.15289546
952.8639575	-60.30639072	-60.2996986
968.3237857	-60.44940237	-60.4433273
984.0344434	-60.59744656	-60.59012183
1000	-60.73912907	-60.73368326
1011.025023	-60.8361576	-60.83030721
1022.171598	-60.93902234	-60.93049696
1033.441064	-61.03692873	-61.03112492
1044.834776	-61.1412111	-61.13200651
1056.354104	-61.24120357	-61.23105188
1068.000433	-61.34169317	-61.33321968
1079.775162	-61.44344236	-61.43248675
1091.679709	-61.54460164	-61.53538802
1103.715503	-61.64281586	-61.63586349
1115.883993	-61.74714184	-61.73678959
1128.18664	-61.84806791	-61.84078255
1140.624924	-61.94842401	-61.94140116
1153.20034	-62.0512439	-62.04074762
1165.914401	-62.1531005	-62.14604334
1178.768635	-62.25229856	-62.24494557
1191.764587	-62.35590964	-62.35039306
1204.903819	-62.4605697	-62.45093179
1218.187912	-62.56739567	-62.55893594
1231.618462	-62.66247713	-62.65708575
1245.197085	-62.77033035	-62.76152034
1258.925412	-62.87677624	-62.86723828
1272.805094	-62.97822381	-62.96943206
1286.8378	-63.08702766	-63.07527075
1301.025217	-63.18930998	-63.17851127
1315.36905	-63.29326208	-63.28381036
1329.871025	-63.40309916	-63.3922784
1344.532884	-63.5059769	-63.49604592
1359.356391	-63.60939896	-63.59964919
1374.343327	-63.71520175	-63.71119601
1389.495494	-63.82160212	-63.81533036
1404.814715	-63.93251331	-63.91870352
1420.30283	-64.03374437	-64.03015645
1435.961702	-64.13992684	-64.13613554
1451.793213	-64.25461619	-64.24252915
1467.799268	-64.35753042	-64.3521892
1483.981789	-64.46922608	-64.45786654
1500.342723	-64.58007094	-64.57088731
1516.884037	-64.6857209	-64.67752372
1533.607719	-64.79655379	-64.78344998
1550.51578	-64.90451473	-64.89709035
1567.610253	-65.01576074	-65.0081151
1584.893192	-65.12644251	-65.12054567
1602.366677	-65.23853498	-65.22809649
1620.032807	-65.34720587	-65.34418543
1637.893707	-65.45950001	-65.45827808
1655.951523	-65.57075612	-65.56205293
1674.208428	-65.68980705	-65.67738448
1692.666615	-65.80157108	-65.78926762
1711.328304	-65.91499828	-65.90087023
1730.195739	-66.02768257	-66.01873396
1749.271187	-66.13995282	-66.1308577
1768.556943	-66.26184332	-66.25533708
1788.055325	-66.37201267	-66.36529117
1807.768677	-66.49423362	-66.4803374
1827.699369	-66.61141742	-66.6009003
1847.849797	-66.72558209	-66.71561473
1868.222385	-66.84253936	-66.83138534
1888.81958	-66.96292213	-66.94889166
1909.643861	-67.08324294	-67.07426785
1930.697729	-67.20523779	-67.19457965
1951.983717	-67.32424167	-67.31656021
1973.504383	-67.44438352	-67.43550496
1995.262315	-67.56624298	-67.5601279
2017.260129	-67.69343275	-67.67583747
2039.500469	-67.82307601	-67.80242457
2061.98601	-67.94445907	-67.92787012
2084.719454	-68.06774616	-68.05761354
2107.703534	-68.18917484	-68.17950847
2130.941015	-68.31882373	-68.31194117
2154.43469	-68.44797902	-68.43432195
2178.187383	-68.56920809	-68.56139776
2202.20195	-68.69909624	-68.6904509
2226.481278	-68.83390493	-68.82681223
2251.028286	-68.97023391	-68.95191556
2275.845926	-69.09855874	-69.08621813
2300.937181	-69.23228158	-69.22047727
2326.305067	-69.3661042	-69.35280852
2351.952635	-69.50389259	-69.48802724
2377.882968	-69.63311053	-69.62688739
2404.099184	-69.77660547	-69.76491336
2430.604433	-69.90968628	-69.90085305
2457.401904	-70.05801627	-70.04150837
2484.494818	-70.19468006	-70.18305404
2511.886432	-70.33617613	-70.33026286
2539.580038	-70.47853612	-70.47544003
2567.578968	-70.627368	-70.61638178
2595.886586	-70.7715234	-70.75865302
2624.506297	-70.9206681	-70.91393133
2653.44154	-71.06435807	-71.05448208
2682.695795	-71.22587549	-71.2130672
2712.272579	-71.37470103	-71.35928737
2742.175448	-71.52815652	-71.51532975
2772.407997	-71.68260177	-71.66316107
2802.97386	-71.83935209	-71.82198448
2833.876712	-71.9983046	-71.97818572
2865.12027	-72.158535	-72.15493375
2896.708288	-72.33030381	-72.31245441
2928.644565	-72.4868093	-72.47330229
2960.93294	-72.64619143	-72.65557802
2993.577295	-72.8227628	-72.80881168
3026.581555	-72.91020789	-72.90189577
3059.949687	-73.07140262	-73.07423947
3093.685704	-73.24055705	-73.23069882
3127.793662	-73.41229162	-73.41553399
3162.27766	-73.60813547	-73.58980159
3197.141846	-73.78309715	-73.75607498
3232.390409	-73.97955868	-73.96186944
3268.027589	-74.151515	-74.1522087
3304.05767	-74.34209987	-74.31702086
3340.484984	-74.52514751	-74.50175884
3377.313909	-74.68117215	-74.674288
3414.548874	-74.9108712	-74.89190555
3452.194355	-75.09854632	-75.08154813
3490.254879	-75.31960499	-75.27683253
3528.735021	-75.5035036	-75.49977663
3567.639407	-75.71817802	-75.70286161
3606.972715	-75.91691175	-75.91112937
3646.739674	-76.13787815	-76.10969162
3686.945065	-76.363613	-76.35347398
3727.59372	-76.56827566	-76.5419024
3768.690528	-76.7743127	-76.77892607
3810.24043	-77.01320905	-76.99131906
3852.24842	-77.20405909	-77.21217724
3894.719549	-77.46071223	-77.43392457
3937.658924	-77.69552013	-77.66224846
3981.071706	-77.94696057	-77.89662077
4024.963114	-78.1401425	-78.1295861
4069.338427	-78.39401902	-78.35035672
4114.202979	-78.60700811	-78.58721013
4159.562163	-78.8522026	-78.82236984
4205.421433	-79.11057302	-79.07054158
4251.786303	-79.31715295	-79.303147
4298.662347	-79.54942084	-79.50726445
4346.0552	-79.76630262	-79.76619211
4393.970561	-80.02210135	-79.9791272
4442.414189	-80.20045788	-80.20262311
4491.39191	-80.4189491	-80.38643621
4540.909611	-80.60191311	-80.58405771
4590.973246	-80.77701667	-80.79111412
4641.588834	-80.9635899	-80.92821996
4692.762459	-81.09869449	-81.07154089
4744.500276	-81.27140114	-81.20571223
4796.808502	-81.36225896	-81.34063017
4849.693429	-81.48084776	-81.42566017
4903.161412	-81.54225972	-81.47557709
4957.218882	-81.54882628	-81.5070256
5011.872336	-81.57308156	-81.52372356
5067.128346	-81.53475183	-81.49959212
5122.993555	-81.48600005	-81.43355055
5179.474679	-81.40226848	-81.35352759
5236.578509	-81.30119884	-81.25480107
5294.31191	-81.17957205	-81.12234994
5352.681823	-81.03798947	-80.98415578
5411.695265	-80.86115642	-80.80654452
5471.359333	-80.67312898	-80.60705547
5531.681198	-80.43223095	-80.36321391
5592.668113	-80.21814474	-80.17221937
5654.32741	-79.97301086	-79.90492135
5716.666502	-79.69982173	-79.65377553
5779.692884	-79.41218228	-79.37874171
5843.414134	-79.17642039	-79.0977315
5907.837912	-78.88388277	-78.8306977
5972.971963	-78.59174905	-78.56132524
6038.824119	-78.30331304	-78.25008357
6105.402297	-78.02708623	-77.97739634
6172.7145	-77.74819253	-77.67203026
6240.768822	-77.43035102	-77.40171122
6309.573445	-77.14432146	-77.07159321
6379.13664	-76.84625338	-76.8080523
6449.466771	-76.56912417	-76.53373661
6520.572293	-76.26738741	-76.22820827
6592.461756	-75.96649508	-75.94460495
6665.143801	-75.70633925	-75.65644856
6738.627168	-75.43115828	-75.37230499
6812.920691	-75.12694645	-75.08462509
6888.033301	-74.85628234	-74.80983591
6963.97403	-74.57534698	-74.52219146
7040.752007	-74.29696254	-74.25146987
7118.376463	-74.01972918	-73.96982543
7196.85673	-73.74862983	-73.71556588
7276.202244	-73.47285588	-73.44236978
7356.422545	-73.20064639	-73.17265217
7437.527276	-72.946978	-72.90556587
7519.526188	-72.66579149	-72.62457817
7602.429141	-72.40385332	-72.3664804
7686.2461	-72.1393445	-72.10080711
7770.987144	-71.86600292	-71.83495064
7856.662459	-71.61494111	-71.57665908
7943.282347	-71.34801282	-71.31480666
8030.857221	-71.08349403	-71.05079111
8119.397611	-70.82539701	-70.79275093
8208.91416	-70.56933812	-70.53145077
8299.417631	-70.30439463	-70.27194054
8390.918905	-70.04403136	-70.01800302
8483.428982	-69.78977806	-69.75700599
8576.958986	-69.52816301	-69.48889849
8671.52016	-69.26866632	-69.22834415
8767.123873	-69.00979371	-68.96731595
8863.781619	-68.75057435	-68.70938577
8961.505019	-68.48690079	-68.44553207
9060.305822	-68.2237034	-68.18872828
9160.195907	-67.95713439	-67.91947113
9261.187281	-67.6972452	-67.66054656
9363.292088	-67.43413945	-67.3858962
9466.522603	-67.1680044	-67.12501904
9570.891237	-66.89078019	-66.84522506
9676.410537	-66.62069049	-66.58276694
9783.09319	-66.34331692	-66.30440477
9890.952022	-66.07361384	-66.02824925
10000	-65.79713023	-65.74730027
10110.25023	-65.50962385	-65.46674289
10221.71598	-65.22741343	-65.18373709
10334.41064	-64.93802383	-64.89331935
10448.34776	-64.64264449	-64.60469841
10563.54104	-64.34861278	-64.30268776
10680.00433	-64.05002056	-64.00507717
10797.75162	-63.74898374	-63.70268003
10916.79709	-63.44158354	-63.39322641
11037.15503	-63.12745228	-63.07740454
11158.83993	-62.8139277	-62.75314929
11281.8664	-62.47595924	-62.42863741
11406.24924	-62.14519004	-62.0920444
11532.0034	-61.80600533	-61.75678547
11659.14401	-61.45706182	-61.40750215
11787.68635	-61.10543572	-61.04951365
11917.64587	-60.74117284	-60.68734598
12049.03819	-60.3694199	-60.31778745
12181.87912	-59.98816681	-59.93466407
12316.18462	-59.5913131	-59.53446962
12451.97085	-59.18903263	-59.13428891
12589.25412	-58.77778245	-58.72285742
12728.05094	-58.3453672	-58.28902605
12868.378	-57.90346352	-57.84583829
13010.25217	-57.44625294	-57.38392088
13153.6905	-56.97313305	-56.91138655
13298.71025	-56.48289698	-56.42186811
13445.32884	-55.97480256	-55.91422405
13593.56391	-55.45387011	-55.38910901
13743.43327	-54.9088407	-54.84108249
13894.95494	-54.34412596	-54.276533
14048.14715	-53.76305476	-53.69305233
14203.0283	-53.16247486	-53.09069575
14359.61702	-52.54433179	-52.47381824
14517.93213	-51.91845105	-51.84425328
14677.99268	-51.28813313	-51.21097006
14839.81789	-50.66418231	-50.58602475
15003.42723	-50.0629973	-49.98250082
15168.84037	-49.50625504	-49.42380144
15336.07719	-49.0211974	-48.93977252
15505.1578	-48.63894011	-48.55933041
15676.10253	-48.38899235	-48.31026825
15848.93192	-48.29352467	-48.21431694
16023.66677	-48.35287472	-48.27862484
16200.32807	-48.56498181	-48.49185283
16378.93707	-48.90078911	-48.82894946
16559.51523	-49.3302787	-49.26050403
16742.08428	-49.82432161	-49.75485538
16926.66615	-50.35788514	-50.28820158
17113.28304	-50.90907006	-50.83757369
17301.95739	-51.4645316	-51.39351589
17492.71187	-52.01308419	-51.94139444
17685.56943	-52.54813349	-52.47360874
17880.55325	-53.06525671	-52.9917518
18077.68677	-53.56828057	-53.49546312
18276.99369	-54.04880851	-53.97074604
18478.49797	-54.50916856	-54.43342128
18682.22385	-54.95007648	-54.87238138
18888.1958	-55.3749299	-55.29224491
19096.43861	-55.77974561	-55.69769004
19306.97729	-56.16806406	-56.08231731
19519.83717	-56.53987634	-56.45387968
19735.04383	-56.89419132	-56.8059952
19952.62315	-57.24043456	-57.14955188
20172.60129	-57.56604508	-57.47644722
20395.00469	-57.88576902	-57.79111373
20619.8601	-58.18699153	-58.09476374
20847.19454	-58.48337234	-58.38427599
21077.03534	-58.76225377	-58.65874548
21309.41015	-59.03272645	-58.93080683
21544.3469	-59.29766148	-59.19054348
21781.87383	-59.5520707	-59.43897608
22022.0195	-59.79840847	-59.68961163
22264.81278	-60.03619143	-59.92040215
22510.28286	-60.26126817	-60.14933021
22758.45926	-60.48239693	-60.37030516
23009.37181	-60.69704883	-60.57917837
23263.05067	-60.90749581	-60.78749404
23519.52635	-61.10566359	-60.98771136
23778.82968	-61.29719474	-61.1749668
24040.99184	-61.49081608	-61.36304608
24306.04433	-61.6777157	-61.54887097
24574.01904	-61.852579	-61.72319219
24844.94818	-62.02373427	-61.89377982
25118.86432	-62.19141064	-62.05426863
25395.80038	-62.35217196	-62.20942026
25675.78968	-62.51157724	-62.37147341
25958.86586	-62.65837693	-62.5229654
26245.06297	-62.81243591	-62.66262074
26534.4154	-62.95537526	-62.80214154
26826.95795	-63.09624224	-62.94463883
27122.72579	-63.22964664	-63.07663974
27421.75448	-63.36500567	-63.20282666
27724.07997	-63.49398078	-63.32660412
28029.7386	-63.61435233	-63.44475475
28338.76712	-63.73447597	-63.568123
28651.2027	-63.85142857	-63.67876125
28967.08288	-63.96605782	-63.7859792
29286.44565	-64.06816156	-63.89341696
29609.3294	-64.17424417	-63.98929849
29935.77295	-64.2818505	-64.09161627
30265.81555	-64.36864783	-64.18301077
30599.49687	-64.4677466	-64.27577845
30936.85704	-64.56374003	-64.3596575
31277.93662	-64.65197214	-64.43538046
31622.7766	-64.72733853	-64.51329457
31971.41846	-64.80988516	-64.5870486
32323.90409	-64.88168044	-64.66246616
32680.27589	-64.95871691	-64.72520267
33040.5767	-65.01535083	-64.78040306
33404.84984	-65.08187495	-64.84747033
33773.13909	-65.14056437	-64.90230893
34145.48874	-65.19772991	-64.95742276
34521.94355	-65.25393973	-64.99290951
34902.54879	-65.30608854	-65.03528499
35287.35021	-65.34768464	-65.07910332
35676.39407	-65.38849114	-65.11313058
36069.72715	-65.42116912	-65.13749144
36467.39674	-65.44257209	-65.16285558
36869.45065	-65.48105596	-65.18007313
37275.9372	-65.49878918	-65.19613273
37686.90528	-65.51824719	-65.20793705
38102.4043	-65.53872069	-65.21424635
38522.4842	-65.54643059	-65.21178597
38947.19549	-65.5369205	-65.20561942
39376.58924	-65.53195359	-65.18731206
39810.71706	-65.52812636	-65.17252422
40249.63114	-65.505413	-65.14868009
40693.38427	-65.49100928	-65.10668532
41142.02979	-65.45742817	-65.07116364
41595.62163	-65.42564235	-65.03156084
42054.21433	-65.37811365	-64.96817108
42517.86303	-65.33230523	-64.91616174
42986.62347	-65.27329186	-64.8355255
43460.552	-65.20642656	-64.7605847
43939.70561	-65.11703826	-64.66953366
44424.14189	-65.04344178	-64.56827874
44913.9191	-64.95052278	-64.46408624
45409.09611	-64.84281246	-64.33601683
45909.73246	-64.72847482	-64.20554231
46415.88834	-64.60799229	-64.05139839
46927.62459	-64.45244594	-63.89542915
47445.00276	-64.2981107	-63.72468769
47968.08502	-64.13366964	-63.53539019
48496.93429	-63.95866958	-63.34711055
49031.61412	-63.75697384	-63.14368726
49572.18882	-63.55679057	-62.92563315
50118.72336	-63.34289022	-62.71443932
50671.28346	-63.12610807	-62.50673996
51229.93555	-62.91408673	-62.30626321
51794.74679	-62.72057067	-62.15944677
52365.78509	-62.56004308	-62.06547836
52943.1191	-62.46037293	-62.0429045
53526.81823	-62.43996113	-62.15684254
54116.95265	-62.54555105	-62.41521151
54713.59333	-62.81168297	-62.85195518
55316.81198	-63.2475481	-63.46618189
55926.68113	-63.87086527	-64.24073548
56543.2741	-64.65270597	-65.13647076
57166.66502	-65.56564754	-66.11929173
57796.92884	-66.55783206	-67.12155993
58434.14134	-67.5597262	-68.09187064
59078.37912	-68.50599996	-68.99660874
59729.71963	-69.3856316	-69.76743083
60388.24119	-70.09634461	-70.37733736
61054.02297	-70.62596244	-70.82111339
61727.145	-70.98769328	-71.03836118
62407.68822	-71.14502242	-71.09788506
63095.73445	-71.14135436	-71.0371755
63791.3664	-71.02236492	-70.8244393
64494.66771	-70.77710786	-70.55740537
65205.72293	-70.50012396	-70.22448954
65924.61756	-70.14188993	-69.84826476
66651.43801	-69.7645502	-69.44542305
67386.27168	-69.36427589	-69.00852983
68129.20691	-68.93777698	-68.59683215
68880.33301	-68.52095956	-68.15925228
69639.7403	-68.10992328	-67.70803911
70407.52007	-67.64896753	-67.26138933
71183.76463	-67.2051999	-66.79954952
71968.5673	-66.74138503	-66.32981259
72762.02244	-66.28248717	-65.85233005
73564.22545	-65.80716729	-65.36571553
74375.27276	-65.32820817	-64.87219436
75195.26188	-64.81670428	-64.35860691
76024.29141	-64.30777606	-63.82009148
76862.461	-63.77111589	-63.27678498
77709.87144	-63.2167993	-62.71452477
78566.62459	-62.64860893	-62.12134133
79432.82347	-62.04835416	-61.50668253
80308.57221	-61.41431173	-60.85495517
81193.97611	-60.75340445	-60.17264151
82089.1416	-60.04909035	-59.44391122
82994.17631	-59.31343506	-58.67479994
83909.18905	-58.51535649	-57.86047173
84834.28982	-57.67864539	-56.99088657
85769.58986	-56.7774674	-56.05516298
86715.2016	-55.81246134	-55.05534245
87671.23873	-54.77708447	-53.98186354
88637.81619	-53.6618796	-52.83039444
89615.05019	-52.47570497	-51.61454599
90603.05822	-51.23364642	-50.35581205
91601.95907	-49.98496118	-49.12196835
92611.87281	-48.83384681	-48.0534703
93632.92088	-47.95618685	-47.33787699
94665.22603	-47.55288695	-47.15304855
95708.91237	-47.71209061	-47.50780905
96764.10537	-48.32785123	-48.23866403
97830.9319	-49.20195774	-49.14964723
98909.52022	-50.15971998	-50.09691519
100000	-51.10203428	-51.00170258
101102.5023	-51.98320942	-51.84240323
102217.1598	-52.79062459	-52.6040333
103344.1064	-53.51479926	-53.2848253
104483.4776	-54.16915637	-53.88948015
105635.4104	-54.75171986	-54.43208735
106800.0433	-55.2706123	-54.90868774
107977.5162	-55.73610916	-55.32869552
109167.9709	-56.14530425	-55.69760091
110371.5503	-56.50660242	-56.01847895
111588.3993	-56.82687141	-56.29330442
112818.664	-57.10294885	-56.52532374
114062.4924	-57.34073806	-56.7174583
115320.034	-57.54299993	-56.86911635
116591.4401	-57.70870802	-56.9815785
117876.8635	-57.83933768	-57.06018931
119176.4587	-57.93859295	-57.09371334
120490.3819	-58.00047323	-57.09425495
121818.7912	-58.03619791	-57.05274186
123161.8462	-58.02704206	-56.96687918
124519.7085	-57.99588592	-56.83555141
125892.5412	-57.91860491	-56.65556957
127280.5094	-57.80816527	-56.42833363
128683.78	-57.65292009	-56.1434854
130102.5217	-57.4509916	-55.79951947
131536.905	-57.20503223	-55.39811841
132987.1025	-56.9097184	-54.95229165
134453.2884	-56.56232406	-54.50410227
135935.6391	-56.17654269	-54.13611333
137434.3327	-55.77731962	-54.03009523
138949.5494	-55.45081421	-54.43955794
140481.4715	-55.36181385	-55.54600329
142030.283	-55.73562591	-57.25274748
143596.1702	-56.76299587	-59.22869985
145179.3213	-58.29960924	-61.09615989
146779.9268	-59.89981176	-62.47903256
148398.1789	-61.09016587	-63.17012388
150034.2723	-61.63369105	-63.21383707
151688.4037	-61.58759966	-62.78896344
153360.7719	-61.16654272	-62.12252202
155051.578	-60.54792178	-61.3234468
156761.0253	-59.8263772	-60.46636983
158489.3192	-59.04147207	-59.56624619
160236.6677	-58.21391675	-58.62053721
162003.2807	-57.32739276	-57.62648559
163789.3707	-56.38841417	-56.56411931
165595.1523	-55.36704766	-55.40723177
167420.8428	-54.23946461	-54.14407515
169266.6615	-52.98893471	-52.7330871
171132.8304	-51.58051018	-51.15000597
173019.5739	-49.98841847	-49.39052405
174927.1187	-48.21797039	-47.55055365
176855.6943	-46.40551731	-46.01653162
178805.5325	-45.03814697	-45.55049694
180776.8677	-44.92442478	-46.49272922
182769.9369	-46.16497263	-48.18796086
184784.9797	-47.98418385	-49.98485108
186822.2385	-49.80683758	-51.63280402
188881.958	-51.45405209	-53.08511009
190964.3861	-52.90057906	-54.35461442
193069.7729	-54.16486899	-55.46681698
195198.3717	-55.27785829	-56.44482581
197350.4383	-56.26489958	-57.31206852
199526.2315	-57.14370191	-58.07142856
201726.0129	-57.92174242	-58.75098474
203950.0469	-58.61800421	-59.33925559
206198.601	-59.22953368	-59.85986454
208471.9454	-59.77416596	-60.30173262
210770.3534	-60.24771359	-60.66598984
213094.1015	-60.64944174	-60.96055303
215443.469	-60.98907091	-61.17612547
217818.7383	-61.26049132	-61.30703112
220220.195	-61.45498594	-61.34275107
222648.1278	-61.5669794	-61.27626759
225102.8286	-61.58897185	-61.09679757
227584.5926	-61.53346199	-60.8082002
230093.7181	-61.40688864	-60.49476236
232630.5067	-61.3104241	-60.5173533
235195.2635	-61.54330664	-61.60280967
237788.2968	-62.18247189	-63.49415594
240409.9184	-62.47267116	-64.49394206
243060.4433	-62.18111344	-64.23569342
245740.1904	-61.54844497	-63.3894935
248449.4818	-60.72355264	-62.30289772
251188.6432	-59.73147117	-61.07252421
253958.0038	-58.55899214	-59.67591903
256757.8968	-57.1531024	-58.06118798
259588.6586	-55.45498661	-56.14648826
262450.6297	-53.38189033	-53.85025676
265344.154	-50.88358308	-51.16577581
268269.5795	-48.234299	-48.63707363
271227.2579	-46.90147486	-48.11795992
274217.5448	-48.23950181	-49.992653
277240.7997	-50.5998946	-52.31742989
280297.386	-52.72579704	-54.28972993
283387.6712	-54.42131251	-55.85127727
286512.027	-55.75563463	-57.08062026
289670.8288	-56.79950554	-58.04620464
292864.4565	-57.61280957	-58.79421462
296093.294	-58.2271904	-59.37313553
299357.7295	-58.68860141	-59.8087735
302658.1555	-59.00484582	-60.11366954
305994.9687	-59.18800718	-60.29861089
309368.5704	-59.25622395	-60.39522072
312779.3662	-59.21081543	-60.3654848
316227.766	-59.03975783	-60.2559572
319714.1846	-58.74397789	-60.0377451
323239.0409	-58.30974659	-59.72181564
326802.7589	-57.76503641	-59.29406412
330405.767	-57.30923692	-58.73716837
334048.4984	-57.39759763	-58.06896382
337731.3909	-57.30349513	-57.29366071
341454.8874	-56.33997727	-56.30030094
345219.4355	-54.90671165	-55.02456855
349025.4879	-53.12803061	-53.43272399
352873.5021	-50.95324589	-51.44219455
356763.9407	-48.18663856	-48.84508375
360697.2715	-45.39069298	-45.89832762
364673.9674	-45.519263	-45.09064432
368694.5065	-48.56292201	-47.81542133
372759.372	-51.59858468	-50.97514738
376869.0528	-54.02646612	-53.53763971
381024.043	-55.94410946	-55.54317149
385224.842	-57.44729448	-57.11188912
389471.9549	-58.63020367	-58.33401908
393765.8924	-59.51098329	-59.24574047
398107.1706	-60.10904476	-59.86650026
402496.3114	-60.4354853	-60.19879522
406933.8427	-60.45802106	-60.21608093
411420.2979	-60.17359462	-59.94087782
415956.2163	-59.71907162	-59.51208936
420542.1433	-59.70268484	-59.34791142
425178.6303	-59.37484492	-58.57483861
429866.2347	-57.66036981	-56.67929548
434605.52	-55.14688016	-54.07641045
439397.0561	-52.05286842	-50.89069562
444241.4189	-48.45323116	-47.38629157
449139.191	-47.31942042	-46.9378483
454090.9611	-49.73948125	-49.48032859
459097.3246	-52.17330006	-51.70722047
464158.8834	-53.84880969	-53.1251057
469276.2459	-54.89162561	-53.86754714
474450.0276	-55.43182924	-54.03500212
479680.8502	-55.55354071	-53.64483425
484969.3429	-55.26664871	-52.72380152
490316.1412	-54.5851473	-51.91237747
495721.8882	-53.73789858	-54.01937398
501187.2336	-54.10056433	-57.98245205
506712.8346	-54.67092824	-57.82120902
512299.3555	-52.6625849	-54.87213851
517947.4679	-50.21983399	-52.26202087
523657.8509	-48.64096145	-51.54114307
529431.191	-51.11594775	-54.54571077
535268.1823	-54.87505471	-58.00330648
541169.5265	-57.98815761	-60.8054566
547135.9333	-60.45950749	-63.02743231
553168.1198	-62.41972728	-64.75227878
559266.8113	-63.92799308	-65.99482607
565432.741	-65.00302152	-66.73782207
571666.6502	-65.57416959	-66.87305207
577969.2884	-65.61023132	-66.27230645
584341.4134	-65.00477705	-64.84250978
590783.7912	-63.63029531	-62.89840062
597297.1963	-61.0313373	-62.22885132
603882.4119	-57.23326742	-59.99619291
610540.2297	-53.60823024	-56.05515989
617271.45	-51.13740148	-53.77570034
624076.8822	-53.03265279	-55.59695947
630957.3445	-55.45115961	-57.58648172
637913.664	-57.00869597	-58.80146147
644946.6771	-57.87018455	-59.43989408
652057.2293	-58.2533331	-59.65918367
659246.1756	-58.25299527	-59.55127007
666514.3801	-57.91463094	-59.14258487
673862.7168	-57.24238497	-58.438156
681292.0691	-56.18305556	-57.3866606
688803.3301	-54.6726562	-55.91561269
696397.403	-52.84770294	-53.92891026
704075.2007	-50.99776533	-51.37068621
711837.6463	-48.72536307	-48.77083969
719685.673	-48.85474543	-48.57433852
727620.2244	-52.53371477	-52.08023353
735642.2545	-55.7713727	-55.13736441
743752.7276	-57.87778201	-56.88958221
751952.6188	-58.85745593	-57.28236249
760242.9141	-58.60331226	-56.20199895
768624.61	-57.00628401	-54.22285898
777098.7144	-54.77628217	-55.27674805
785666.2459	-54.55154493	-57.33694859
794328.2347	-52.01978735	-54.25219508
803085.7221	-50.58887015	-52.59770748
811939.7611	-52.1664967	-53.57507568
820891.416	-53.25454157	-53.9448619
829941.7631	-53.33079518	-53.23669026
839091.8905	-52.48625984	-51.82200272
848342.8982	-50.91591774	-53.01042718
857695.8986	-49.99457036	-56.14242118
867152.016	-50.60391479	-57.05332372
876712.3873	-53.82303771	-60.1823589
886378.1619	-58.77438406	-65.38130955
896150.5019	-63.12478046	-70.55310327
906030.5822	-66.8035583	-75.91688732
916019.5907	-69.66708999	-81.68146732
926118.7281	-70.86819051	-82.17452365
936329.2088	-69.07805119	-74.83273717
946652.2603	-64.30019772	-66.7280428
957089.1237	-57.28348396	-59.88738268
967641.0537	-54.5735302	-57.99272406
978309.319	-55.41670851	-58.4468249
989095.2022	-56.7521451	-59.22741276
1000000	-57.32210353	-59.45568085
1008120.421	-57.389242	-59.35744943
1016306.783	-57.22487619	-59.1106054
1024559.622	-56.87989393	-58.71247571
1032879.477	-56.36298034	-58.17524991
1041266.893	-55.66019767	-57.48057216
1049722.419	-54.74057816	-56.56184794
1058246.607	-53.56606571	-55.32279686
1066840.015	-52.13105053	-53.61671529
1075503.205	-50.65242457	-51.52931577
1084236.743	-50.64294332	-51.02984893
1093041.202	-53.31227867	-53.71938974
1101917.157	-56.71423982	-57.36684964
1110865.188	-59.17445392	-60.0207928
1119885.881	-60.01912743	-60.86869826
1128979.825	-58.77130161	-59.33814714
1138147.617	-55.62728465	-56.27632181
1147389.854	-51.88148579	-53.23052484
1156707.143	-50.75101953	-52.28698238
1166100.092	-51.52740312	-52.7521671
1175569.315	-51.89800205	-52.71384902
1185115.433	-51.47509928	-51.99286172
1194739.069	-50.35911116	-51.51271928
1204440.853	-49.4777721	-53.44915702
1214221.42	-51.46310397	-56.87007464
1224081.409	-55.00957258	-59.78729518
1234021.465	-59.29130029	-64.15567731
1244042.239	-64.10849743	-69.72572105
1254144.386	-69.07031134	-74.99366454
1264328.566	-74.67616202	-77.54711358
1274595.446	-81.18888487	-77.46217411
1284945.698	-73.92102465	-73.57173195
1295379.997	-64.44905828	-65.1976787
1305899.028	-56.96065124	-58.36241578
1316503.478	-54.92917879	-56.78267271
1327194.04	-55.09118283	-56.92119157
1337971.415	-55.25438761	-56.85292795
1348836.306	-55.07151115	-56.46329509
1359789.424	-54.51552378	-55.78251142
1370831.487	-53.57383821	-54.80431576
1381963.215	-52.20196232	-53.45083019
1393185.338	-50.4194848	-51.71086545
1404498.59	-49.41484435	-50.49658819
1415903.709	-51.81304167	-52.50356956
1427401.443	-55.75660035	-56.49369633
1438992.544	-60.73240636	-61.8681931
1450677.769	-65.97830992	-68.33341658
1462457.883	-68.79382269	-71.87671628
1474333.657	-60.82024029	-60.72313619
1486305.867	-54.2766877	-56.24180498
1498375.296	-51.5390716	-53.79176375
1510542.734	-50.45368018	-52.2301421
1522808.977	-49.48123868	-50.85649825
1535174.827	-48.09492203	-49.94868969
1547641.092	-47.84244442	-52.11920853
1560208.589	-51.21572109	-55.96325904
1572878.14	-56.26024901	-60.16605616
1585650.572	-60.69643392	-61.98114387
1598526.723	-61.89778112	-60.98409567
1611507.432	-61.19030912	-59.74817096
1624593.551	-60.72310841	-59.0024936
1637785.934	-61.39669943	-58.60894478
1651085.446	-57.22310736	-55.87575912
1664492.954	-53.30092634	-53.94591765
1678009.338	-52.15572136	-53.24011741
1691635.48	-50.94847418	-52.00781484
1705372.272	-49.75650108	-50.76627001
1719220.613	-48.49932558	-49.50315614
1733181.408	-47.14291705	-48.17506955
1747255.57	-45.92147588	-46.99790055
1761444.021	-45.70389134	-46.67946725
1775747.688	-47.7107316	-48.42938127
1790167.506	-49.76452254	-50.18356207
1804704.42	-49.95392514	-50.14711741
1819359.38	-49.68242795	-50.08515737
1834133.343	-51.65023992	-54.05972034
1849027.278	-71.97725015	-65.51129901
1864042.158	-55.19199434	-54.02594418
1879178.965	-51.06552264	-50.87849579
1894438.689	-49.63487174	-50.83273617
1909822.329	-50.6047483	-52.30509451
1925330.89	-52.44604331	-53.83983804
1940965.387	-53.49659322	-54.57070782
1956726.843	-53.52951077	-54.34134946
1972616.288	-53.18775829	-53.93330533
1988634.763	-52.89843651	-53.80490469
