   1.0100000e+02  -2.3269962e+01  -2.2234826e+01
   1.1000000e+02  -2.3812762e+01  -2.2804886e+01
   1.1900000e+02  -2.4389434e+01  -2.3351576e+01
   1.2800000e+02  -2.4813053e+01  -2.3706990e+01
   1.3700000e+02  -2.5155092e+01  -2.4016175e+01
   1.4600000e+02  -2.5624598e+01  -2.4759859e+01
   1.5500000e+02  -2.6021545e+01  -2.4848747e+01
   1.6400000e+02  -2.6410662e+01  -2.5374340e+01
   1.7300000e+02  -2.6739571e+01  -2.5630667e+01
   1.8200000e+02  -2.7010110e+01  -2.6364617e+01
   1.9100000e+02  -2.7382806e+01  -2.6609193e+01
   2.0000000e+02  -2.7809260e+01  -2.6938040e+01
   2.0000000e+02  -2.7809260e+01  -2.6938040e+01
   2.0000000e+02  -2.7809260e+01  -2.6938040e+01
   2.0000000e+02  -2.7809260e+01  -2.6938040e+01
   2.0324492e+02  -2.7906057e+01  -2.7036450e+01
   2.0654248e+02  -2.8004957e+01  -2.7164552e+01
   2.0989355e+02  -2.8105300e+01  -2.7326325e+01
   2.1329899e+02  -2.8232529e+01  -2.7480776e+01
   2.1675968e+02  -2.8374914e+01  -2.7627483e+01
   2.2027651e+02  -2.8497722e+01  -2.7773956e+01
   2.2385041e+02  -2.8593953e+01  -2.7907685e+01
   2.2748229e+02  -2.8990140e+01  -2.8003088e+01
   2.3117310e+02  -2.9089891e+01  -2.8044222e+01
   2.3492379e+02  -2.9189643e+01  -2.8085796e+01
   2.3873533e+02  -2.9288870e+01  -2.8173028e+01
   2.4260871e+02  -2.9385409e+01  -2.8298544e+01
   2.4654494e+02  -2.9485158e+01  -2.8446861e+01
   2.5054503e+02  -2.9603632e+01  -2.8591676e+01
   2.5461002e+02  -2.9705194e+01  -2.8736980e+01
   2.5874097e+02  -2.9819372e+01  -2.8859446e+01
   2.6293893e+02  -3.0007811e+01  -2.9003056e+01
   2.6720501e+02  -3.0178462e+01  -2.9151935e+01
   2.7154030e+02  -3.0296789e+01  -2.9500154e+01
   2.7594593e+02  -3.0394707e+01  -2.9597453e+01
   2.8042304e+02  -3.0490484e+01  -2.9719731e+01
   2.8497279e+02  -3.0599376e+01  -2.9865784e+01
   2.8959636e+02  -3.0721165e+01  -3.0009494e+01
   2.9429494e+02  -3.0834912e+01  -3.0135149e+01
   2.9906976e+02  -3.0948163e+01  -3.0239838e+01
   3.0392204e+02  -3.1091803e+01  -3.0336825e+01
   3.0885305e+02  -3.1233960e+01  -3.0469198e+01
   3.1386407e+02  -3.1349994e+01  -3.0628422e+01
   3.1895638e+02  -3.1444814e+01  -3.0769863e+01
   3.2413132e+02  -3.1527196e+01  -3.0878661e+01
   3.2939022e+02  -3.1655237e+01  -3.1001970e+01
   3.3473444e+02  -3.1801719e+01  -3.1160440e+01
   3.4016537e+02  -3.1972509e+01  -3.1317573e+01
   3.4568441e+02  -3.2095988e+01  -3.1464871e+01
   3.5129300e+02  -3.2495732e+01  -3.1619368e+01
   3.5699259e+02  -3.2687001e+01  -3.1786951e+01
   3.6278465e+02  -3.2878627e+01  -3.1946539e+01
   3.6867068e+02  -3.3028285e+01  -3.2067482e+01
   3.7465221e+02  -3.3153484e+01  -3.2191144e+01
   3.8073079e+02  -3.3296168e+01  -3.2339887e+01
   3.8690799e+02  -3.3490374e+01  -3.2531370e+01
   3.9318541e+02  -3.3696289e+01  -3.3027581e+01
   3.9956469e+02  -3.3880640e+01  -3.3171307e+01
   4.0604746e+02  -3.4048249e+01  -3.3338120e+01
   4.1263541e+02  -3.4205655e+01  -3.3511776e+01
   4.1933025e+02  -3.4366881e+01  -3.3639399e+01
   4.2613372e+02  -3.4552611e+01  -3.3764086e+01
   4.3304756e+02  -3.4732104e+01  -3.3926941e+01
   4.4007358e+02  -3.4876209e+01  -3.4094589e+01
   4.4721360e+02  -3.4996733e+01  -3.4228588e+01
   4.5446945e+02  -3.5118148e+01  -3.4348325e+01
   4.6184303e+02  -3.5262077e+01  -3.4496089e+01
   4.6933625e+02  -3.5834227e+01  -3.4663704e+01
   4.7695104e+02  -3.6048733e+01  -3.4835004e+01
   4.8468937e+02  -3.6242824e+01  -3.5005743e+01
   4.9255326e+02  -3.6434435e+01  -3.5163966e+01
   5.0054474e+02  -3.6626036e+01  -3.5311505e+01
   5.0866587e+02  -3.6817627e+01  -3.5472191e+01
   5.1691877e+02  -3.6993324e+01  -3.5662859e+01
   5.2530556e+02  -3.7160950e+01  -3.5876458e+01
   5.3382843e+02  -3.7341647e+01  -3.6091884e+01
   5.4248958e+02  -3.7544876e+01  -3.6307300e+01
   5.5129125e+02  -3.7760363e+01  -3.7078988e+01
   5.6023572e+02  -3.7966976e+01  -3.7277194e+01
   5.6932532e+02  -3.8151046e+01  -3.7427956e+01
   5.7856239e+02  -3.8323712e+01  -3.7589403e+01
   5.8794933e+02  -3.8532251e+01  -3.7786478e+01
   5.9748857e+02  -3.8760252e+01  -3.7992373e+01
   6.0718257e+02  -3.9307765e+01  -3.8198237e+01
   6.1703386e+02  -3.9475440e+01  -3.8404069e+01
   6.2704498e+02  -3.9684569e+01  -3.8616587e+01
   6.3721853e+02  -3.9890532e+01  -3.8826619e+01
   6.4755714e+02  -4.0116302e+01  -3.9018120e+01
   6.5806349e+02  -4.0361790e+01  -3.9205633e+01
   6.6874030e+02  -4.0600654e+01  -3.9917022e+01
   6.7959034e+02  -4.0839438e+01  -4.0154919e+01
   6.9061642e+02  -4.1078141e+01  -4.0402253e+01
   7.0182139e+02  -4.2000751e+01  -4.0653583e+01
   7.1320815e+02  -4.2287489e+01  -4.0899754e+01
   7.2477966e+02  -4.2552645e+01  -4.1151351e+01
   7.3653892e+02  -4.2821359e+01  -4.1401733e+01
   7.4848896e+02  -4.3073677e+01  -4.1650556e+01
   7.6063289e+02  -4.3324676e+01  -4.2430267e+01
   7.7297385e+02  -4.3564651e+01  -4.2701392e+01
   7.8551503e+02  -4.4466494e+01  -4.2947076e+01
   7.9825969e+02  -4.4749604e+01  -4.3177773e+01
   8.1121113e+02  -4.5023961e+01  -4.3411063e+01
   8.2437270e+02  -4.5289772e+01  -4.3658023e+01
   8.3774781e+02  -4.5544099e+01  -4.3904506e+01
   8.5133992e+02  -4.6599172e+01  -4.4175148e+01
   8.6515256e+02  -4.6854442e+01  -4.5116573e+01
   8.7918931e+02  -4.7090159e+01  -4.5406262e+01
   8.9345380e+02  -4.7309420e+01  -4.5714172e+01
   9.0794972e+02  -4.7515232e+01  -4.6009577e+01
   9.2268083e+02  -4.7721011e+01  -4.7014158e+01
   9.3765095e+02  -4.7926758e+01  -4.7222349e+01
   9.5286396e+02  -4.8142635e+01  -4.7311765e+01
   9.6832379e+02  -4.8235210e+01  -4.7255056e+01
   9.8403444e+02  -4.7719649e+01  -4.7142996e+01
   1.0000000e+03  -4.7490762e+01  -4.7036563e+01
   1.0110250e+03  -4.7680383e+01  -4.6973174e+01
   1.0221716e+03  -4.7361960e+01  -4.6990708e+01
   1.0334411e+03  -4.7000749e+01  -4.6984153e+01
   1.0448348e+03  -4.6682096e+01  -4.7059436e+01
   1.0563541e+03  -4.6515587e+01  -4.7006771e+01
   1.0680004e+03  -4.6585630e+01  -4.7137074e+01
   1.0797752e+03  -4.6529964e+01  -4.7382925e+01
   1.0916797e+03  -4.6678849e+01  -4.7668335e+01
   1.1037155e+03  -4.6573656e+01  -4.7497922e+01
   1.1158840e+03  -4.6835225e+01  -4.7800590e+01
   1.1281866e+03  -4.7248438e+01  -4.8157110e+01
   1.1406249e+03  -4.7685624e+01  -4.8528215e+01
   1.1532003e+03  -4.8122700e+01  -4.8291490e+01
   1.1659144e+03  -4.7799762e+01  -4.8664473e+01
   1.1787686e+03  -4.8242081e+01  -4.9076294e+01
   1.1917646e+03  -4.8651228e+01  -4.9513573e+01
   1.2049038e+03  -4.9029578e+01  -4.9889250e+01
   1.2181879e+03  -4.9400728e+01  -4.9641803e+01
   1.2316185e+03  -4.9163842e+01  -5.0015211e+01
   1.2451971e+03  -4.9535520e+01  -5.0323832e+01
   1.2589254e+03  -4.9840765e+01  -5.0479240e+01
   1.2728051e+03  -4.9888909e+01  -5.0426550e+01
   1.2868378e+03  -4.9907128e+01  -5.0494297e+01
   1.3010252e+03  -4.9800097e+01  -5.0402385e+01
   1.3153691e+03  -4.9469975e+01  -5.0490310e+01
   1.3298710e+03  -4.9076651e+01  -5.0301978e+01
   1.3445329e+03  -4.9333512e+01  -4.9987417e+01
   1.3593564e+03  -4.8937969e+01  -4.9640102e+01
   1.3743433e+03  -4.8560800e+01  -4.9299894e+01
   1.3894955e+03  -4.8135684e+01  -4.9516994e+01
   1.4048147e+03  -4.7662820e+01  -4.9167078e+01
   1.4203028e+03  -4.7992696e+01  -4.8744909e+01
   1.4359617e+03  -4.7540720e+01  -4.8278449e+01
   1.4517932e+03  -4.7084501e+01  -4.7832406e+01
   1.4677993e+03  -4.6658495e+01  -4.7395321e+01
   1.4839818e+03  -4.6244126e+01  -4.7718311e+01
   1.5003427e+03  -4.5843429e+01  -4.7280710e+01
   1.5168840e+03  -4.5427391e+01  -4.6833276e+01
   1.5336077e+03  -4.5715501e+01  -4.6373416e+01
   1.5505158e+03  -4.5293983e+01  -4.5911932e+01
   1.5676103e+03  -4.4886710e+01  -4.5480720e+01
   1.5848932e+03  -4.4495612e+01  -4.5804120e+01
   1.6023667e+03  -4.4104669e+01  -4.5361984e+01
   1.6200328e+03  -4.4372431e+01  -4.4961007e+01
   1.6378937e+03  -4.3973264e+01  -4.4539666e+01
   1.6559515e+03  -4.3564312e+01  -4.4137550e+01
   1.6742084e+03  -4.3173161e+01  -4.3746615e+01
   1.6926666e+03  -4.2782165e+01  -4.4014342e+01
   1.7113283e+03  -4.3050159e+01  -4.3614937e+01
   1.7301957e+03  -4.2648133e+01  -4.3193538e+01
   1.7492712e+03  -4.2252944e+01  -4.2772307e+01
   1.7685569e+03  -4.1874088e+01  -4.2373412e+01
   1.7880553e+03  -4.1480303e+01  -4.2641370e+01
   1.8077687e+03  -4.1736975e+01  -4.2246608e+01
   1.8276994e+03  -4.1343899e+01  -4.1882220e+01
   1.8478498e+03  -4.0966264e+01  -4.1552830e+01
   1.8682224e+03  -4.0657126e+01  -4.1742660e+01
   1.8888196e+03  -4.0827942e+01  -4.1425601e+01
   1.9096439e+03  -4.0534602e+01  -4.1108134e+01
   1.9306977e+03  -4.0208666e+01  -4.0719911e+01
   1.9519837e+03  -3.9903734e+01  -4.0976863e+01
   1.9735044e+03  -4.0074627e+01  -4.0579117e+01
   1.9952623e+03  -3.9789407e+01  -4.0168107e+01
   2.0172601e+03  -3.9544018e+01  -3.9787000e+01
   2.0395005e+03  -3.9253783e+01  -3.9435181e+01
   2.0619860e+03  -3.9443418e+01  -3.9643780e+01
   2.0847195e+03  -3.9108201e+01  -3.9301947e+01
   2.1077035e+03  -3.8719512e+01  -3.8961412e+01
   2.1309410e+03  -3.8364926e+01  -3.8582358e+01
   2.1544347e+03  -3.8573742e+01  -3.8180359e+01
   2.1781874e+03  -3.8231911e+01  -3.8436701e+01
   2.2022019e+03  -3.7928959e+01  -3.8037940e+01
   2.2264813e+03  -3.7630975e+01  -3.7660921e+01
   2.2510283e+03  -3.7795088e+01  -3.7312839e+01
   2.2758459e+03  -3.7512522e+01  -3.7529969e+01
   2.3009372e+03  -3.7252779e+01  -3.7205952e+01
   2.3263051e+03  -3.6969593e+01  -3.6963556e+01
   2.3519526e+03  -3.7139997e+01  -3.6712078e+01
   2.3778830e+03  -3.6861454e+01  -3.6857654e+01
   2.4040992e+03  -3.6582585e+01  -3.6557695e+01
   2.4306044e+03  -3.6746876e+01  -3.6185161e+01
   2.4574019e+03  -3.6460575e+01  -3.6422428e+01
   2.4844948e+03  -3.6185059e+01  -3.6061355e+01
   2.5118864e+03  -3.5926751e+01  -3.5798474e+01
   2.5395800e+03  -3.6078476e+01  -3.5571308e+01
   2.5675790e+03  -3.5828447e+01  -3.5698976e+01
   2.5958866e+03  -3.5601153e+01  -3.5475921e+01
   2.6245063e+03  -3.5374073e+01  -3.5266747e+01
   2.6534415e+03  -3.5501522e+01  -3.5094460e+01
   2.6826958e+03  -3.5253902e+01  -3.5182134e+01
   2.7122726e+03  -3.4968303e+01  -3.4993188e+01
   2.7421754e+03  -3.4682915e+01  -3.4728294e+01
   2.7724080e+03  -3.4853261e+01  -3.4899140e+01
   2.8029739e+03  -3.4555307e+01  -3.4613166e+01
   2.8338767e+03  -3.4291736e+01  -3.4351132e+01
   2.8651203e+03  -3.4419549e+01  -3.4144048e+01
   2.8967083e+03  -3.4212453e+01  -3.4249371e+01
   2.9286446e+03  -3.4049684e+01  -3.4053572e+01
   2.9609329e+03  -3.3786343e+01  -3.3825060e+01
   2.9935773e+03  -3.3950267e+01  -3.3546824e+01
   3.0265816e+03  -3.3662762e+01  -3.3710623e+01
   3.0599497e+03  -3.3392424e+01  -3.3418259e+01
   3.0936857e+03  -3.3107909e+01  -3.3148032e+01
   3.1277937e+03  -3.3271620e+01  -3.3299863e+01
   3.1622777e+03  -3.2983411e+01  -3.3040124e+01
   3.1971418e+03  -3.2716090e+01  -3.2768718e+01
   3.2323904e+03  -3.2862046e+01  -3.2484773e+01
   3.2680276e+03  -3.2611058e+01  -3.2662624e+01
   3.3040577e+03  -3.2383756e+01  -3.2387671e+01
   3.3404850e+03  -3.2134099e+01  -3.2173616e+01
   3.3773139e+03  -3.2285651e+01  -3.1951806e+01
   3.4145489e+03  -3.2031557e+01  -3.2079253e+01
   3.4521944e+03  -3.1809757e+01  -3.1851841e+01
   3.4902549e+03  -3.1639400e+01  -3.1644225e+01
   3.5287350e+03  -3.1726989e+01  -3.1753727e+01
   3.5676394e+03  -3.1534580e+01  -3.1558700e+01
   3.6069727e+03  -3.1307437e+01  -3.1332627e+01
   3.6467397e+03  -3.1435046e+01  -3.1073079e+01
   3.6869451e+03  -3.1228294e+01  -3.1218806e+01
   3.7275937e+03  -3.1048485e+01  -3.0982149e+01
   3.7686905e+03  -3.0829305e+01  -3.0785908e+01
   3.8102404e+03  -3.0956673e+01  -3.0891377e+01
   3.8522484e+03  -3.0719605e+01  -3.0678777e+01
   3.8947195e+03  -3.0444292e+01  -3.0434740e+01
   3.9376589e+03  -3.0608540e+01  -3.0229924e+01
   3.9810717e+03  -3.0333090e+01  -3.0335132e+01
   4.0249631e+03  -3.0119276e+01  -3.0136155e+01
   4.0693384e+03  -2.9873504e+01  -2.9917594e+01
   4.1142030e+03  -3.0019141e+01  -3.0045250e+01
   4.1595622e+03  -2.9746581e+01  -2.9817756e+01
   4.2054214e+03  -2.9494025e+01  -2.9607335e+01
   4.2517863e+03  -2.9621763e+01  -2.9412705e+01
   4.2986623e+03  -2.9394236e+01  -2.9521919e+01
   4.3460552e+03  -2.9166924e+01  -2.9301236e+01
   4.3939706e+03  -2.8962725e+01  -2.9041594e+01
   4.4424142e+03  -2.9072008e+01  -2.9187561e+01
   4.4913919e+03  -2.8869053e+01  -2.8945337e+01
   4.5409096e+03  -2.8679379e+01  -2.8748415e+01
   4.5909732e+03  -2.8767311e+01  -2.8501872e+01
   4.6415888e+03  -2.8601382e+01  -2.8647478e+01
   4.6927625e+03  -2.8405514e+01  -2.8400617e+01
   4.7445003e+03  -2.8155383e+01  -2.8192392e+01
   4.7968085e+03  -2.8301081e+01  -2.8297773e+01
   4.8496934e+03  -2.8053129e+01  -2.8098720e+01
   4.9031614e+03  -2.7864066e+01  -2.7883412e+01
   4.9572189e+03  -2.7955345e+01  -2.7656382e+01
   5.0118723e+03  -2.7784834e+01  -2.7783702e+01
   5.0671283e+03  -2.7603171e+01  -2.7570471e+01
   5.1229936e+03  -2.7391665e+01  -2.7375772e+01
   5.1794747e+03  -2.7519140e+01  -2.7485165e+01
   5.2365785e+03  -2.7291717e+01  -2.7269881e+01
   5.2943119e+03  -2.7062904e+01  -2.7010146e+01
   5.3526818e+03  -2.7185916e+01  -2.6750974e+01
   5.4116953e+03  -2.6957903e+01  -2.6902424e+01
   5.4713593e+03  -2.6730603e+01  -2.6636571e+01
   5.5316812e+03  -2.6480867e+01  -2.6385380e+01
   5.5926681e+03  -2.6632413e+01  -2.6513220e+01
   5.6543274e+03  -2.6367627e+01  -2.6285654e+01
   5.7166665e+03  -2.6081987e+01  -2.6058302e+01
   5.7796929e+03  -2.5796559e+01  -2.5809578e+01
   5.8434141e+03  -2.5967026e+01  -2.5955405e+01
   5.9078379e+03  -2.5681181e+01  -2.5690318e+01
   5.9729720e+03  -2.5412857e+01  -2.5404652e+01
   6.0388241e+03  -2.5182370e+01  -2.5141864e+01
   6.1054023e+03  -2.5309802e+01  -2.5293459e+01
   6.1727145e+03  -2.5095068e+01  -2.5052802e+01
   6.2407688e+03  -2.4880551e+01  -2.4836652e+01
   6.3095734e+03  -2.5008289e+01  -2.4964464e+01
   6.3791366e+03  -2.4772075e+01  -2.4736908e+01
   6.4494668e+03  -2.4515365e+01  -2.4494729e+01
   6.5205723e+03  -2.4216629e+01  -2.4214455e+01
   6.5924618e+03  -2.4398873e+01  -2.4385086e+01
   6.6651438e+03  -2.4090044e+01  -2.4099185e+01
   6.7386272e+03  -2.3835364e+01  -2.3829150e+01
   6.8129207e+03  -2.3608301e+01  -2.3617953e+01
   6.8880333e+03  -2.3735706e+01  -2.3723205e+01
   6.9639740e+03  -2.3521336e+01  -2.3515135e+01
   7.0407520e+03  -2.3286344e+01  -2.3268762e+01
   7.1183765e+03  -2.3432298e+01  -2.3414802e+01
   7.1968567e+03  -2.3163239e+01  -2.3154751e+01
   7.2762022e+03  -2.2870994e+01  -2.2894944e+01
   7.3564225e+03  -2.2579023e+01  -2.2614203e+01
   7.4375273e+03  -2.2742912e+01  -2.2784798e+01
   7.5195262e+03  -2.2450514e+01  -2.2508536e+01
   7.6024291e+03  -2.2177687e+01  -2.2284474e+01
   7.6862461e+03  -2.2323715e+01  -2.2066359e+01
   7.7709871e+03  -2.2071870e+01  -2.2193811e+01
   7.8566625e+03  -2.1844543e+01  -2.1953992e+01
   7.9432823e+03  -2.1595949e+01  -2.1694334e+01
   8.0308572e+03  -2.1747576e+01  -2.1840343e+01
   8.1193976e+03  -2.1480458e+01  -2.1580304e+01
   8.2089142e+03  -2.1193766e+01  -2.1308521e+01
   8.2994176e+03  -2.0956148e+01  -2.1044551e+01
   8.3909189e+03  -2.1078906e+01  -2.1196247e+01
   8.4834290e+03  -2.0825022e+01  -2.0946645e+01
   8.5769590e+03  -2.0552562e+01  -2.0719361e+01
   8.6715202e+03  -2.0698559e+01  -2.0492289e+01
   8.7671239e+03  -2.0442693e+01  -2.0619715e+01
   8.8637816e+03  -2.0215407e+01  -2.0379552e+01
   8.9615050e+03  -1.9994174e+01  -2.0119906e+01
   9.0603058e+03  -2.0132387e+01  -2.0265884e+01
   9.1601959e+03  -1.9906398e+01  -2.0003096e+01
   9.2611873e+03  -1.9662247e+01  -1.9717370e+01
   9.3632921e+03  -1.9332143e+01  -1.9390097e+01
   9.4665226e+03  -1.9549179e+01  -1.9598757e+01
   9.5708912e+03  -1.9189035e+01  -1.9258840e+01
   9.6764105e+03  -1.8777444e+01  -1.8890684e+01
   9.7830932e+03  -1.8392684e+01  -1.8519340e+01
   9.8909520e+03  -1.8629975e+01  -1.8124856e+01
   1.0000000e+04  -1.8269650e+01  -1.8381424e+01
   1.0110250e+04  -1.7971349e+01  -1.7988026e+01
   1.0221716e+04  -1.7704564e+01  -1.7616572e+01
   1.0334411e+04  -1.7445084e+01  -1.7224897e+01
   1.0448348e+04  -1.7590636e+01  -1.7481883e+01
   1.0563541e+04  -1.7344404e+01  -1.7076214e+01
   1.0680004e+04  -1.7077452e+01  -1.6701185e+01
   1.0797752e+04  -1.7248207e+01  -1.6329871e+01
   1.0916797e+04  -1.6947019e+01  -1.5958765e+01
   1.1037155e+04  -1.6575492e+01  -1.6195493e+01
   1.1158840e+04  -1.6204175e+01  -1.5822547e+01
   1.1281866e+04  -1.5809754e+01  -1.5439744e+01
   1.1406249e+04  -1.6077451e+01  -1.5068490e+01
   1.1532003e+04  -1.5694403e+01  -1.5305743e+01
   1.1659144e+04  -1.5364011e+01  -1.4927929e+01
   1.1787686e+04  -1.5008435e+01  -1.4530416e+01
   1.1917646e+04  -1.5255943e+01  -1.4153037e+01
   1.2049038e+04  -1.4889419e+01  -1.3758882e+01
   1.2181879e+04  -1.4504003e+01  -1.4026605e+01
   1.2316185e+04  -1.4172392e+01  -1.3643100e+01
   1.2451971e+04  -1.3831412e+01  -1.3302583e+01
   1.2589254e+04  -1.4039712e+01  -1.2922443e+01
   1.2728051e+04  -1.3690362e+01  -1.3179504e+01
   1.2868378e+04  -1.3344797e+01  -1.2782496e+01
   1.3010252e+04  -1.2984212e+01  -1.2399529e+01
   1.3153691e+04  -1.3242780e+01  -1.2001969e+01
   1.3298710e+04  -1.2872225e+01  -1.1650104e+01
   1.3445329e+04  -1.2507274e+01  -1.1858668e+01
   1.3593564e+04  -1.2158247e+01  -1.1518356e+01
   1.3743433e+04  -1.2367104e+01  -1.1213016e+01
   1.3894955e+04  -1.2030963e+01  -1.1013024e+01
   1.4048147e+04  -1.1754498e+01  -1.1104088e+01
   1.4203028e+04  -1.1536242e+01  -1.0976414e+01
   1.4359617e+04  -1.1645672e+01  -1.0930364e+01
   1.4517932e+04  -1.1477692e+01  -1.0947928e+01
   1.4677993e+04  -1.1414219e+01  -1.0956631e+01
   1.4839818e+04  -1.1431809e+01  -1.1125081e+01
   1.5003427e+04  -1.1406844e+01  -1.1395167e+01
   1.5168840e+04  -1.1390821e+01  -1.1224760e+01
   1.5336077e+04  -1.1405281e+01  -1.1510585e+01
   1.5505158e+04  -1.1387756e+01  -1.1814110e+01
   1.5676103e+04  -1.1488643e+01  -1.2179232e+01
   1.5848932e+04  -1.1764443e+01  -1.1942517e+01
   1.6023667e+04  -1.1574716e+01  -1.2325065e+01
   1.6200328e+04  -1.1885149e+01  -1.2738281e+01
   1.6378937e+04  -1.2199775e+01  -1.3140469e+01
   1.6559515e+04  -1.2536820e+01  -1.2883459e+01
   1.6742084e+04  -1.2328025e+01  -1.3267707e+01
   1.6926666e+04  -1.2677543e+01  -1.3684271e+01
   1.7113283e+04  -1.3026800e+01  -1.4099140e+01
   1.7301957e+04  -1.3395788e+01  -1.4433021e+01
   1.7492712e+04  -1.3168042e+01  -1.4790852e+01
   1.7685569e+04  -1.3536365e+01  -1.4554145e+01
   1.7880553e+04  -1.3924519e+01  -1.4935957e+01
   1.8077687e+04  -1.4279055e+01  -1.5338327e+01
   1.8276994e+04  -1.4640182e+01  -1.5759407e+01
   1.8478498e+04  -1.4392853e+01  -1.5470687e+01
   1.8682224e+04  -1.4767147e+01  -1.5897693e+01
   1.8888196e+04  -1.5188599e+01  -1.6339186e+01
   1.9096439e+04  -1.5627369e+01  -1.6775359e+01
   1.9306977e+04  -1.6077395e+01  -1.7275403e+01
   1.9519837e+04  -1.6530835e+01  -1.7778377e+01
   1.9735044e+04  -1.7021049e+01  -1.8219347e+01
   1.9952623e+04  -1.6637552e+01  -1.7858197e+01
   2.0172601e+04  -1.7105995e+01  -1.8312130e+01
   2.0395005e+04  -1.7619179e+01  -1.8785212e+01
   2.0619860e+04  -1.8125028e+01  -1.9286146e+01
   2.0847195e+04  -1.8574455e+01  -1.9794755e+01
   2.1077035e+04  -1.9019278e+01  -2.0308913e+01
   2.1309410e+04  -1.9497288e+01  -2.0815347e+01
   2.1544347e+04  -1.9969834e+01  -2.1307431e+01
   2.1781874e+04  -2.0447894e+01  -2.1768541e+01
   2.2022019e+04  -2.0974500e+01  -2.2238360e+01
   2.2264813e+04  -2.0524338e+01  -2.2775036e+01
   2.2510283e+04  -2.0989240e+01  -2.3286411e+01
   2.2758459e+04  -2.2442004e+01  -2.3702493e+01
   2.3009372e+04  -2.2954875e+01  -2.4094575e+01
   2.3263051e+04  -2.3469964e+01  -2.5625997e+01
   2.3519526e+04  -2.4006912e+01  -2.6043820e+01
   2.3778830e+04  -2.4486393e+01  -2.5682859e+01
   2.4040992e+04  -2.4924937e+01  -2.6137850e+01
   2.4306044e+04  -2.5392027e+01  -2.6607524e+01
   2.4574019e+04  -2.5942016e+01  -2.7092445e+01
   2.4844948e+04  -2.6429526e+01  -2.7515423e+01
   2.5118864e+04  -2.6857417e+01  -2.7857071e+01
   2.5395800e+04  -2.6491185e+01  -2.7659362e+01
   2.5675790e+04  -2.6949672e+01  -2.7938901e+01
   2.5958866e+04  -2.7001053e+01  -2.7949871e+01
   2.6245063e+04  -2.6649913e+01  -2.7659797e+01
   2.6534415e+04  -2.6125348e+01  -2.7868245e+01
   2.6826958e+04  -2.5628255e+01  -2.7523558e+01
   2.7122726e+04  -2.5167014e+01  -2.7121297e+01
   2.7421754e+04  -2.4727597e+01  -2.5536455e+01
   2.7724080e+04  -2.3177084e+01  -2.5148563e+01
   2.8029739e+04  -2.2907605e+01  -2.4730955e+01
   2.8338767e+04  -2.1441624e+01  -2.4228774e+01
   2.8651203e+04  -2.1054632e+01  -2.3702101e+01
   2.8967083e+04  -2.0699125e+01  -2.2185904e+01
   2.9286446e+04  -1.9205490e+01  -2.1996866e+01
   2.9609329e+04  -1.8850932e+01  -2.0449714e+01
   2.9935773e+04  -1.8427518e+01  -2.0042766e+01
   3.0265816e+04  -1.6832846e+01  -1.9659385e+01
   3.0599497e+04  -1.6421157e+01  -1.8131380e+01
   3.0936857e+04  -1.6152524e+01  -1.7701910e+01
   3.1277937e+04  -1.4571431e+01  -1.7281866e+01
   3.1622777e+04  -1.4139019e+01  -1.5705459e+01
   3.1971418e+04  -1.3688027e+01  -1.5308103e+01
   3.2323904e+04  -1.3306282e+01  -1.5669157e+01
   3.2680276e+04  -1.3543390e+01  -1.5194459e+01
   3.3040577e+04  -1.3223098e+01  -1.4937784e+01
   3.3404850e+04  -1.3247589e+01  -1.5053193e+01
   3.3773139e+04  -1.3606624e+01  -1.4914873e+01
   3.4145489e+04  -1.3317925e+01  -1.5163601e+01
   3.4521944e+04  -1.3740561e+01  -1.5567116e+01
   3.4902549e+04  -1.4214113e+01  -1.6023684e+01
   3.5287350e+04  -1.4691485e+01  -1.6518270e+01
   3.5676394e+04  -1.5206320e+01  -1.7024517e+01
   3.6069727e+04  -1.5721715e+01  -1.7527618e+01
   3.6467397e+04  -1.6233464e+01  -1.8013543e+01
   3.6869451e+04  -1.6750378e+01  -1.8499685e+01
   3.7275937e+04  -1.7247181e+01  -1.8093731e+01
   3.7686905e+04  -1.7733283e+01  -1.8565351e+01
   3.8102404e+04  -1.8225783e+01  -1.9007992e+01
   3.8522484e+04  -1.8679082e+01  -1.9518459e+01
   3.8947195e+04  -1.9131176e+01  -2.1041738e+01
   3.9376589e+04  -1.9660901e+01  -2.1504736e+01
   3.9810717e+04  -2.0168344e+01  -2.1958632e+01
   4.0249631e+04  -2.0644137e+01  -2.2404567e+01
   4.0693384e+04  -2.1082400e+01  -2.2800710e+01
   4.1142030e+04  -2.2597931e+01  -2.3241939e+01
   4.1595622e+04  -2.3067110e+01  -2.2933253e+01
   4.2054214e+04  -2.3501641e+01  -2.3376382e+01
   4.2517863e+04  -2.3980817e+01  -2.3867382e+01
   4.2986623e+04  -2.3614731e+01  -2.4298125e+01
   4.3460552e+04  -2.4065330e+01  -2.5811084e+01
   4.3939706e+04  -2.5552832e+01  -2.6250391e+01
   4.4424142e+04  -2.5985191e+01  -2.6698535e+01
   4.4913919e+04  -2.6449968e+01  -2.7118667e+01
   4.5409096e+04  -2.6936263e+01  -2.7603834e+01
   4.5909732e+04  -2.7381485e+01  -2.9197136e+01
   4.6415888e+04  -2.7803484e+01  -2.9569787e+01
   4.6927625e+04  -2.9374779e+01  -2.9944928e+01
   4.7445003e+04  -2.9702446e+01  -3.0380256e+01
   4.7968085e+04  -3.1200162e+01  -3.1924506e+01
   4.8496934e+04  -3.1636050e+01  -3.2399877e+01
   4.9031614e+04  -3.2135443e+01  -3.2765897e+01
   4.9572189e+04  -3.2620451e+01  -3.4306279e+01
   5.0118723e+04  -3.3050803e+01  -3.4637995e+01
   5.0671283e+04  -3.3497747e+01  -3.5042413e+01
   5.1229936e+04  -3.5038882e+01  -3.6627130e+01
   5.1794747e+04  -3.5440490e+01  -3.7106633e+01
   5.2365785e+04  -3.5921642e+01  -3.7518190e+01
   5.2943119e+04  -3.6431110e+01  -3.7869230e+01
   5.3526818e+04  -3.6937902e+01  -3.7632366e+01
   5.4116953e+04  -3.7414687e+01  -3.7963663e+01
   5.4713593e+04  -3.7845923e+01  -3.8188376e+01
   5.5316812e+04  -3.8288091e+01  -3.8553306e+01
   5.5926681e+04  -3.7978726e+01  -3.8285503e+01
   5.6543274e+04  -3.8408106e+01  -3.8688855e+01
   5.7166665e+04  -3.8815000e+01  -3.9198017e+01
   5.7796929e+04  -4.0291492e+01  -3.9527305e+01
   5.8434141e+04  -4.0424300e+01  -3.9432023e+01
   5.9078379e+04  -4.0334027e+01  -3.9003678e+01
   5.9729720e+04  -4.0381916e+01  -3.8462638e+01
   6.0388241e+04  -4.0061942e+01  -3.7939808e+01
   6.1054023e+04  -3.9602173e+01  -3.7445766e+01
   6.1727145e+04  -3.9132711e+01  -3.6955843e+01
   6.2407688e+04  -3.7657382e+01  -3.6497316e+01
   6.3095734e+04  -3.6275892e+01  -3.6078348e+01
   6.3791366e+04  -3.4963765e+01  -3.4573946e+01
   6.4494668e+04  -3.4759306e+01  -3.4188607e+01
   6.5205723e+04  -3.3167095e+01  -3.3699363e+01
   6.5924618e+04  -3.2768557e+01  -3.3198254e+01
   6.6651438e+04  -3.2285997e+01  -3.2707673e+01
   6.7386272e+04  -3.1760300e+01  -3.2173790e+01
   6.8129207e+04  -3.1279032e+01  -3.1682609e+01
   6.8880333e+04  -3.0815935e+01  -3.1195278e+01
   6.9639740e+04  -3.0316511e+01  -3.0661645e+01
   7.0407520e+04  -2.9784931e+01  -3.0141493e+01
   7.1183765e+04  -2.9273801e+01  -2.9663128e+01
   7.1968567e+04  -2.8798609e+01  -2.9196740e+01
   7.2762022e+04  -2.8339505e+01  -2.8714106e+01
   7.3564225e+04  -2.7908921e+01  -2.8216444e+01
   7.4375273e+04  -2.8232263e+01  -2.7752033e+01
   7.5195262e+04  -2.7785892e+01  -2.7328752e+01
   7.6024291e+04  -2.7364394e+01  -2.6946111e+01
   7.6862461e+04  -2.6935744e+01  -2.7213620e+01
   7.7709871e+04  -2.6544972e+01  -2.6823712e+01
   7.8566625e+04  -2.6294373e+01  -2.6496070e+01
   7.9432823e+04  -2.6426899e+01  -2.6232238e+01
   8.0308572e+04  -2.6235594e+01  -2.6377974e+01
   8.1193976e+04  -2.6063236e+01  -2.6122493e+01
   8.2089142e+04  -2.6172691e+01  -2.5868599e+01
   8.2994176e+04  -2.5947338e+01  -2.5591154e+01
   8.3909189e+04  -2.5596837e+01  -2.5761592e+01
   8.4834290e+04  -2.5240278e+01  -2.5464543e+01
   8.5769590e+04  -2.4949127e+01  -2.5164785e+01
   8.6715202e+04  -2.5119473e+01  -2.4854874e+01
   8.7671239e+04  -2.4821524e+01  -2.5036888e+01
   8.8637816e+04  -2.4504200e+01  -2.4698616e+01
   8.9615050e+04  -2.4137566e+01  -2.4314213e+01
   9.0603058e+04  -2.4374197e+01  -2.3923217e+01
   9.1601959e+04  -2.3991823e+01  -2.4191214e+01
   9.2611873e+04  -2.3601506e+01  -2.3805745e+01
   9.3632921e+04  -2.3222054e+01  -2.3459997e+01
   9.4665226e+04  -2.3458931e+01  -2.3129813e+01
   9.5708912e+04  -2.3087736e+01  -2.2734431e+01
   9.6764105e+04  -2.2703106e+01  -2.2990956e+01
   9.7830932e+04  -2.2353884e+01  -2.2597334e+01
   9.8909520e+04  -2.2068691e+01  -2.2222833e+01
   1.0000000e+05  -2.2239140e+01  -2.1894788e+01
   1.0110250e+05  -2.1959989e+01  -2.2084475e+01
   1.0221716e+05  -2.1702427e+01  -2.1766248e+01
   1.0334411e+05  -2.1448605e+01  -2.1438960e+01
   1.0448348e+05  -2.1594140e+01  -2.1182596e+01
   1.0563541e+05  -2.1320464e+01  -2.1310366e+01
   1.0680004e+05  -2.0970085e+01  -2.1082827e+01
   1.0797752e+05  -2.1207287e+01  -2.0828331e+01
   1.0916797e+05  -2.0845465e+01  -2.0541444e+01
   1.1037155e+05  -2.0487620e+01  -2.0705505e+01
   1.1158840e+05  -2.0174220e+01  -2.0413039e+01
   1.1281866e+05  -1.9858351e+01  -2.0138402e+01
   1.1406249e+05  -2.0047664e+01  -1.9829924e+01
   1.1532003e+05  -1.9737141e+01  -2.0019203e+01
   1.1659144e+05  -1.9464439e+01  -1.9689548e+01
   1.1787686e+05  -1.9610456e+01  -1.9325475e+01
   1.1917646e+05  -1.9367056e+01  -1.9048908e+01
   1.2049038e+05  -1.9169991e+01  -1.9200401e+01
   1.2181879e+05  -1.8971729e+01  -1.8989365e+01
   1.2316185e+05  -1.9080971e+01  -1.8858572e+01
   1.2451971e+05  -1.8886046e+01  -1.8928876e+01
   1.2589254e+05  -1.8670236e+01  -1.8776761e+01
   1.2728051e+05  -1.8793223e+01  -1.8525389e+01
   1.2868378e+05  -1.8560828e+01  -1.8280576e+01
   1.3010252e+05  -1.8306870e+01  -1.8408210e+01
   1.3153691e+05  -1.8095346e+01  -1.8200789e+01
   1.3298710e+05  -1.8204707e+01  -1.8036922e+01
   1.3445329e+05  -1.7995260e+01  -1.7795805e+01
   1.3593564e+05  -1.7748470e+01  -1.7941311e+01
   1.3743433e+05  -1.7469986e+01  -1.7671380e+01
   1.3894955e+05  -1.7640318e+01  -1.7384002e+01
   1.4048147e+05  -1.7375561e+01  -1.7548186e+01
   1.4203028e+05  -1.7188182e+01  -1.7261532e+01
   1.4359617e+05  -1.7279416e+01  -1.7005698e+01
   1.4517932e+05  -1.7108087e+01  -1.6803147e+01
   1.4677993e+05  -1.6881378e+01  -1.6908443e+01
   1.4839818e+05  -1.6598810e+01  -1.6712559e+01
   1.5003427e+05  -1.6762721e+01  -1.6483053e+01
   1.5168840e+05  -1.6458355e+01  -1.6204812e+01
   1.5336077e+05  -1.6101950e+01  -1.6375169e+01
   1.5505158e+05  -1.5779083e+01  -1.6089360e+01
   1.5676103e+05  -1.5976358e+01  -1.5785341e+01
   1.5848932e+05  -1.5677185e+01  -1.5493033e+01
   1.6023667e+05  -1.5417486e+01  -1.5663367e+01
   1.6200328e+05  -1.5563601e+01  -1.5414364e+01
   1.6378937e+05  -1.5310732e+01  -1.5278421e+01
   1.6559515e+05  -1.5154270e+01  -1.5331150e+01
   1.6742084e+05  -1.5110557e+01  -1.5250417e+01
   1.6926666e+05  -1.5128097e+01  -1.5183820e+01
   1.7113283e+05  -1.5056533e+01  -1.5038302e+01
   1.7301957e+05  -1.4883980e+01  -1.5125915e+01
   1.7492712e+05  -1.4993428e+01  -1.4924312e+01
   1.7685569e+05  -1.4807726e+01  -1.4650690e+01
   1.7880553e+05  -1.4628947e+01  -1.4821519e+01
   1.8077687e+05  -1.4340975e+01  -1.4535551e+01
   1.8276994e+05  -1.4530383e+01  -1.4222501e+01
   1.8478498e+05  -1.4198216e+01  -1.3875963e+01
   1.8682224e+05  -1.3831761e+01  -1.4093489e+01
   1.8888196e+05  -1.3548417e+01  -1.3756862e+01
   1.9096439e+05  -1.3700191e+01  -1.3490277e+01
   1.9306977e+05  -1.3458199e+01  -1.3302287e+01
   1.9519837e+05  -1.3261243e+01  -1.3393437e+01
   1.9735044e+05  -1.3038946e+01  -1.3228153e+01
   1.9952623e+05  -1.3166362e+01  -1.3026912e+01
   2.0172601e+05  -1.2930097e+01  -1.3154754e+01
   2.0395005e+05  -1.2712243e+01  -1.2927187e+01
   2.0619860e+05  -1.2821783e+01  -1.2714288e+01
   2.0847195e+05  -1.2642584e+01  -1.2518748e+01
   2.1077035e+05  -1.2511141e+01  -1.2624038e+01
   2.1309410e+05  -1.2332786e+01  -1.2420609e+01
   2.1544347e+05  -1.2442054e+01  -1.2163895e+01
   2.1781874e+05  -1.2215807e+01  -1.1902116e+01
   2.2022019e+05  -1.1927595e+01  -1.2053625e+01
   2.2264813e+05  -1.1635732e+01  -1.1815403e+01
   2.2510283e+05  -1.1806018e+01  -1.1616624e+01
   2.2758459e+05  -1.1532983e+01  -1.1722029e+01
   2.3009372e+05  -1.1314621e+01  -1.1507217e+01
   2.3263051e+05  -1.1420050e+01  -1.1247464e+01
   2.3519526e+05  -1.1224579e+01  -1.0964111e+01
   2.3778830e+05  -1.1013378e+01  -1.1127941e+01
   2.4040992e+05  -1.0740043e+01  -1.0840126e+01
   2.4306044e+05  -1.0910516e+01  -1.0608947e+01
   2.4574019e+05  -1.0646394e+01  -1.0718493e+01
   2.4844948e+05  -1.0473571e+01  -1.0544932e+01
   2.5118864e+05  -1.0543934e+01  -1.0429219e+01
   2.5395800e+05  -1.0419287e+01  -1.0273004e+01
   2.5675790e+05  -1.0319838e+01  -1.0364014e+01
   2.5958866e+05  -1.0173492e+01  -1.0188671e+01
   2.6245063e+05  -1.0264522e+01  -9.9538979e+00
   2.6534415e+05  -1.0051942e+01  -1.0099862e+01
   2.6826958e+05  -9.7424868e+00  -9.8534028e+00
   2.7122726e+05  -9.9323393e+00  -9.6433588e+00
   2.7421754e+05  -9.6282947e+00  -9.4043288e+00
   2.7724080e+05  -9.3812240e+00  -9.5501028e+00
   2.8029739e+05  -9.1285086e+00  -9.2736972e+00
   2.8338767e+05  -9.2743158e+00  -8.9267279e+00
   2.8651203e+05  -9.0051955e+00  -8.6219840e+00
   2.8967083e+05  -8.7070411e+00  -8.7997273e+00
   2.9286446e+05  -8.3996785e+00  -8.5182324e+00
   2.9609329e+05  -8.5892588e+00  -8.2419833e+00
   2.9935773e+05  -8.2783123e+00  -7.9045033e+00
   3.0265816e+05  -7.9753106e+00  -8.1215894e+00
   3.0599497e+05  -7.7055333e+00  -7.7713903e+00
   3.0936857e+05  -7.8513024e+00  -7.3801133e+00
   3.1277937e+05  -7.6136700e+00  -7.0374664e+00
   3.1622777e+05  -7.4006240e+00  -6.7703831e+00
   3.1971418e+05  -7.5284778e+00  -6.9159030e+00
   3.2323904e+05  -7.3009059e+00  -6.6700562e+00
   3.2680276e+05  -7.0853725e+00  -6.4231698e+00
   3.3040577e+05  -6.8649659e+00  -6.5749179e+00
   3.3404850e+05  -6.9925034e+00  -6.3123734e+00
   3.3773139e+05  -6.7475681e+00  -5.9876323e+00
   3.4145489e+05  -6.4764929e+00  -5.6192169e+00
   3.4521944e+05  -6.2413127e+00  -5.2823548e+00
   3.4902549e+05  -6.3639305e+00  -5.4993168e+00
   3.5287350e+05  -6.0957922e+00  -5.1483154e+00
   3.5676394e+05  -5.7230873e+00  -4.7507624e+00
   3.6069727e+05  -5.3568386e+00  -4.3296316e+00
   3.6467397e+05  -5.6038555e+00  -3.9086678e+00
   3.6869451e+05  -5.2469051e+00  -4.1968025e+00
   3.7275937e+05  -4.9626176e+00  -3.7854778e+00
   3.7686905e+05  -4.7318109e+00  -3.4697305e+00
   3.8102404e+05  -4.8644369e+00  -3.4431660e+00
   3.8522484e+05  -4.6342855e+00  -3.4052797e+00
   3.8947195e+05  -4.3658858e+00  -3.5385501e+00
   3.9376589e+05  -4.5301913e+00  -3.8664505e+00
   3.9810717e+05  -4.2366806e+00  -4.2881057e+00
   4.0249631e+05  -3.9328350e+00  -5.8661482e+00
   4.0693384e+05  -3.7061709e+00  -6.0794308e+00
   4.1142030e+05  -3.8156294e+00  -7.5463349e+00
   4.1595622e+05  -3.6560233e+00  -9.0332482e+00
   4.2054214e+05  -3.7110839e+00  -1.0005655e+01
   4.2517863e+05  -4.0662292e+00  -1.2605058e+01
   4.2986623e+05  -3.7985626e+00  -1.4041389e+01
   4.3460552e+05  -4.1000219e+00  -1.4274913e+01
   4.3939706e+05  -5.3707813e+00  -1.4274256e+01
   4.4424142e+05  -6.8510199e+00  -1.3758684e+01
   4.4913919e+05  -7.1475026e+00  -1.2183415e+01
   4.5409096e+05  -8.6843572e+00  -1.1691541e+01
   4.5909732e+05  -1.0140171e+01  -1.1271970e+01
   4.6415888e+05  -1.0334272e+01  -1.0855066e+01
   4.6927625e+05  -1.1813298e+01  -1.0416055e+01
   4.7445003e+05  -1.1457760e+01  -8.9177491e+00
   4.7968085e+05  -1.1829332e+01  -8.5262263e+00
   4.8496934e+05  -1.1724982e+01  -8.0547313e+00
   4.9031614e+05  -1.0301193e+01  -6.4914524e+00
   4.9572189e+05  -1.0025821e+01  -6.0730205e+00
   5.0118723e+05  -8.5185680e+00  -5.6358032e+00
   5.0671283e+05  -8.0980687e+00  -5.9801963e+00
   5.1229936e+05  -7.7067678e+00  -5.5134454e+00
   5.1794747e+05  -6.1764284e+00  -5.0578644e+00
   5.2365785e+05  -5.6637832e+00  -4.5987203e+00
   5.2943119e+05  -5.2378461e+00  -4.1903543e+00
   5.3526818e+05  -4.8511629e+00  -3.8592776e+00
   5.4116953e+05  -5.1393483e+00  -4.0485453e+00
   5.4713593e+05  -4.7271825e+00  -3.7132110e+00
   5.5316812e+05  -4.3406028e+00  -3.3292141e+00
   5.5926681e+05  -3.9591583e+00  -2.9781443e+00
   5.6543274e+05  -4.1963373e+00  -3.1866781e+00
   5.7166665e+05  -3.8302031e+00  -2.8604397e+00
   5.7796929e+05  -3.5043084e+00  -2.6006994e+00
   5.8434141e+05  -3.1639471e+00  -2.3412025e+00
   5.9078379e+05  -2.7993456e+00  -2.4867976e+00
   5.9729720e+05  -3.0360343e+00  -2.2055539e+00
   6.0388241e+05  -2.6747394e+00  -1.8882483e+00
   6.1054023e+05  -2.3627227e+00  -2.0781427e+00
   6.1727145e+05  -2.0772692e+00  -1.7733164e+00
   6.2407688e+05  -2.2478126e+00  -1.5394602e+00
   6.3095734e+05  -1.9720845e+00  -1.3844751e+00
   6.3791366e+05  -1.7644817e+00  -1.4573948e+00
   6.4494668e+05  -1.6488530e+00  -1.3469956e+00
   6.5205723e+05  -1.7013903e+00  -1.2807236e+00
   6.5924618e+05  -1.5714492e+00  -1.3158863e+00
   6.6651438e+05  -1.3604944e+00  -1.2495192e+00
   6.7386272e+05  -1.4879896e+00  -1.1999791e+00
   6.8129207e+05  -1.2869695e+00  -1.2404016e+00
   6.8880333e+05  -1.1619522e+00  -1.2053670e+00
   6.9639740e+05  -1.2147108e+00  -1.3140300e+00
   7.0407520e+05  -1.1151535e+00  -1.5395013e+00
   7.1183765e+05  -1.0008028e+00  -1.3877888e+00
   7.1968567e+05  -9.1696820e-01  -1.6595187e+00
   7.2762022e+05  -9.5203305e-01  -2.0169838e+00
   7.3564225e+05  -9.1254753e-01  -2.4364534e+00
   7.4375273e+05  -9.1254753e-01  -2.9564171e+00
   7.5195262e+05  -9.1254753e-01  -2.5689761e+00
   7.6024291e+05  -9.0108428e-01  -2.9712820e+00
   7.6862461e+05  -9.2569503e-01  -4.1898336e+00
   7.7709871e+05  -8.9054441e-01  -6.6317194e+00
   7.8566625e+05  -1.0001321e+00  -6.4882531e+00
   7.9432823e+05  -1.2981058e+00  -6.0129144e+00
   8.0308572e+05  -1.7623461e+00  -5.7289652e+00
   8.1193976e+05  -2.3011079e+00  -4.2331650e+00
   8.2089142e+05  -2.8054540e+00  -3.8986692e+00
   8.2994176e+05  -3.2925335e+00  -3.3991093e+00
   8.3909189e+05  -3.7955016e+00  -2.8917031e+00
   8.4834290e+05  -4.2761686e+00  -2.3762574e+00
   8.5769590e+05  -4.7369242e+00  -1.9584048e+00
   8.6715202e+05  -5.2322411e+00  -1.6624177e+00
   8.7671239e+05  -5.3855090e+00  -1.8083543e+00
   8.8637816e+05  -4.8373826e+00  -1.5668343e+00
   8.9615050e+05  -4.3291151e+00  -1.4034043e+00
   9.0603058e+05  -3.8172630e+00  -1.3688213e+00
   9.1601959e+05  -3.3365317e+00  -1.3688213e+00
   9.2611873e+05  -2.8416752e+00  -1.4405223e+00
   9.3632921e+05  -2.3686541e+00  -1.6242078e+00
   9.4665226e+05  -1.9871218e+00  -1.5148286e+00
   9.5708912e+05  -2.2435126e+00  -1.7098080e+00
   9.6764105e+05  -1.8841216e+00  -1.8885967e+00
   9.7830932e+05  -1.6806724e+00  -1.8006387e+00
   9.8909520e+05  -1.7719704e+00  -1.9705664e+00
   1.0000000e+06  -1.6310435e+00  -2.1908872e+00
   1.0081204e+06  -1.5969582e+00  -2.0786701e+00
   1.0163068e+06  -1.5969582e+00  -2.3770797e+00
   1.0245596e+06  -1.6171129e+00  -2.6271470e+00
   1.0328795e+06  -1.6041753e+00  -2.5467009e+00
   1.0412669e+06  -1.6811502e+00  -2.7483304e+00
   1.0497224e+06  -1.6423242e+00  -2.6837340e+00
   1.0582466e+06  -1.8127967e+00  -2.8717027e+00
   1.0668400e+06  -1.7351182e+00  -2.8045794e+00
   1.0755032e+06  -1.9783282e+00  -3.0121528e+00
   1.0842367e+06  -1.8841581e+00  -2.9345391e+00
   1.0930412e+06  -2.1450295e+00  -3.1793774e+00
   1.1019172e+06  -2.0507722e+00  -3.0852858e+00
   1.1108652e+06  -2.2520584e+00  -3.3642051e+00
   1.1198859e+06  -2.2131340e+00  -3.2565724e+00
   1.1289798e+06  -2.2813688e+00  -3.5215531e+00
   1.1381476e+06  -2.2813688e+00  -3.4407538e+00
   1.1473899e+06  -2.3103580e+00  -3.6204408e+00
   1.1567071e+06  -2.2843908e+00  -3.5815128e+00
   1.1661001e+06  -2.3996190e+00  -3.6799706e+00
   1.1755693e+06  -2.3321615e+00  -3.6540098e+00
   1.1851154e+06  -2.5211653e+00  -3.7565742e+00
   1.1947391e+06  -2.7345203e+00  -3.7026215e+00
   1.2044409e+06  -2.6571222e+00  -3.8765832e+00
   1.2142214e+06  -2.9316300e+00  -4.1483600e+00
   1.2240814e+06  -2.8243955e+00  -4.0411255e+00
   1.2340215e+06  -3.1449099e+00  -4.3389201e+00
   1.2440422e+06  -3.0241594e+00  -4.2315863e+00
   1.2541444e+06  -3.3592772e+00  -4.5294688e+00
   1.2643286e+06  -3.2384149e+00  -4.4220356e+00
   1.2745954e+06  -3.5736317e+00  -4.7396647e+00
   1.2849457e+06  -3.4526575e+00  -4.6186904e+00
   1.2953800e+06  -3.8210228e+00  -5.0186251e+00
   1.3058990e+06  -3.6670634e+00  -4.8290360e+00
   1.3165035e+06  -4.0900928e+00  -5.3106675e+00
   1.3271940e+06  -4.5755781e+00  -5.8324668e+00
   1.3379714e+06  -4.3632930e+00  -5.5943308e+00
   1.3488363e+06  -4.9276984e+00  -6.1165940e+00
   1.3597894e+06  -4.6277863e+00  -6.5377197e+00
   1.3708315e+06  -5.2412017e+00  -6.3709863e+00
   1.3819632e+06  -5.8620727e+00  -6.6021308e+00
   1.3931853e+06  -5.5120996e+00  -6.5618323e+00
   1.4044986e+06  -6.1338940e+00  -6.5007467e+00
   1.4159037e+06  -6.7295461e+00  -6.5814184e+00
   1.4274014e+06  -6.4906671e+00  -6.2729058e+00
   1.4389925e+06  -6.9154441e+00  -6.4269075e+00
   1.4506778e+06  -6.7890118e+00  -6.0053321e+00
   1.4624579e+06  -6.9053435e+00  -5.5434989e+00
   1.4743337e+06  -6.5064250e+00  -5.7324037e+00
   1.4863059e+06  -6.7193657e+00  -5.3215074e+00
   1.4983753e+06  -6.2964284e+00  -5.4612583e+00
   1.5105427e+06  -6.4086094e+00  -5.1818268e+00
   1.5228090e+06  -6.2583169e+00  -5.2490966e+00
   1.5351748e+06  -6.6342977e+00  -5.1626804e+00
   1.5476411e+06  -6.4121415e+00  -5.1497166e+00
   1.5602086e+06  -6.9602166e+00  -5.2994024e+00
   1.5728781e+06  -7.5482968e+00  -5.1916345e+00
   1.5856506e+06  -8.0212132e+00  -5.5642734e+00
   1.5985267e+06  -8.4937821e+00  -6.1994750e+00
   1.6115074e+06  -1.0223652e+01  -6.8474281e+00
   1.6245936e+06  -1.0806949e+01  -7.4434846e+00
   1.6377859e+06  -1.0375444e+01  -8.0013645e+00
   1.6510854e+06  -1.0909155e+01  -7.6339279e+00
   1.6644930e+06  -1.0953093e+01  -8.2442703e+00
   1.6780093e+06  -1.1155370e+01  -8.7870489e+00
   1.6916355e+06  -1.0749994e+01  -8.5076551e+00
   1.7053723e+06  -1.0221101e+01  -9.0553593e+00
   1.7192206e+06  -8.4717418e+00  -9.6415489e+00
   1.7331814e+06  -8.2893046e+00  -1.0131387e+01
   1.7472556e+06  -6.6816976e+00  -9.8819792e+00
   1.7614440e+06  -6.2880344e+00  -1.0336468e+01
   1.7757477e+06  -4.6582235e+00  -1.0201850e+01
   1.7901675e+06  -4.1825387e+00  -1.0482241e+01
   1.8047044e+06  -3.6562256e+00  -1.0430356e+01
   1.8193594e+06  -3.0585632e+00  -1.0444283e+01
   1.8341333e+06  -2.5004719e+00  -1.0511677e+01
   1.8490273e+06  -2.7433057e+00  -1.0232384e+01
   1.8640422e+06  -2.3304724e+00  -9.6446774e+00
   1.8791790e+06  -2.4284182e+00  -9.0243416e+00
   1.8944387e+06  -2.2978131e+00  -8.4217938e+00
   1.9098223e+06  -2.2848453e+00  -7.8185292e+00
   1.9253309e+06  -2.3688637e+00  -8.2989141e+00
   1.9409654e+06  -2.3149635e+00  -7.6864496e+00
   1.9567268e+06  -2.4946526e+00  -7.0635682e+00
   1.9726163e+06  -2.4167475e+00  -6.4295814e+00
