   1.1659144e+04  -2.9340269e+00  -3.0296681e+00
   1.1787686e+04  -2.9457098e+00  -3.0687591e+00
   1.1917646e+04  -2.9575322e+00  -3.0471980e+00
   1.2049038e+04  -2.9408858e+00  -3.0253992e+00
   1.2181879e+04  -2.9240559e+00  -3.0033601e+00
   1.2316185e+04  -2.9070405e+00  -2.9810779e+00
   1.2451971e+04  -2.8898375e+00  -3.2801158e+00
   1.2589254e+04  -3.1548727e+00  -3.2243142e+00
   1.2728051e+04  -3.0979818e+00  -3.1678974e+00
   1.2868378e+04  -3.0404637e+00  -3.1108586e+00
   1.3010252e+04  -2.9823114e+00  -3.5322690e+00
   1.3153691e+04  -3.3852662e+00  -3.4465986e+00
   1.3298710e+04  -3.2881020e+00  -3.3599837e+00
   1.3445329e+04  -3.1898666e+00  -3.7844894e+00
   1.3593564e+04  -3.6295525e+00  -3.6931164e+00
   1.3743433e+04  -3.5331557e+00  -3.6007360e+00
   1.3894955e+04  -3.9533332e+00  -4.0096577e+00
   1.4048147e+04  -3.8714951e+00  -3.9152291e+00
   1.4203028e+04  -3.7887547e+00  -4.3005815e+00
   1.4359617e+04  -4.1984255e+00  -4.2187475e+00
   1.4517932e+04  -4.1225839e+00  -4.1360112e+00
   1.4677993e+04  -4.0459062e+00  -4.5136034e+00
   1.4839818e+04  -4.4590350e+00  -4.4396041e+00
   1.5003427e+04  -4.3716319e+00  -4.3647889e+00
   1.5168840e+04  -4.2832651e+00  -4.7673856e+00
   1.5336077e+04  -4.6947304e+00  -4.6780446e+00
   1.5505158e+04  -4.5979526e+00  -4.5877187e+00
   1.5676103e+04  -4.5001077e+00  -4.9914536e+00
   1.5848932e+04  -4.9115943e+00  -4.9086589e+00
   1.6023667e+04  -4.8072316e+00  -4.8249513e+00
   1.6200328e+04  -5.2063105e+00  -5.2179585e+00
   1.6378937e+04  -5.1150428e+00  -5.1266908e+00
   1.6559515e+04  -5.0227689e+00  -5.0344169e+00
   1.6742084e+04  -5.4069333e+00  -5.4226660e+00
   1.6926666e+04  -5.3274929e+00  -5.3170156e+00
   1.7113283e+04  -5.2471766e+00  -5.7160706e+00
   1.7301957e+04  -5.6254603e+00  -5.6152773e+00
   1.7492712e+04  -5.5279863e+00  -6.0047426e+00
   1.7685569e+04  -5.9148100e+00  -5.8991548e+00
   1.7880553e+04  -5.7846051e+00  -5.7924030e+00
   1.8077687e+04  -6.1703703e+00  -6.1646242e+00
   1.8276994e+04  -6.0125540e+00  -6.0257459e+00
   1.8478498e+04  -6.3915778e+00  -6.3902495e+00
   1.8682224e+04  -6.2367150e+00  -6.7549192e+00
   1.8888196e+04  -6.6095901e+00  -6.5983491e+00
   1.9096439e+04  -6.9839569e+00  -6.9797569e+00
   1.9306977e+04  -6.8485372e+00  -6.8443372e+00
   1.9519837e+04  -7.2170493e+00  -7.2312080e+00
   1.9735044e+04  -7.1070805e+00  -7.1080287e+00
   1.9952623e+04  -6.9958993e+00  -7.4882215e+00
   2.0172601e+04  -7.3696666e+00  -7.3828400e+00
   2.0395005e+04  -7.2739485e+00  -7.7519345e+00
   2.0619860e+04  -7.6408691e+00  -7.6605374e+00
   2.0847195e+04  -7.5319635e+00  -7.5681327e+00
   2.1077035e+04  -7.9023377e+00  -7.9231073e+00
   2.1309410e+04  -7.7910175e+00  -7.8168471e+00
   2.1544347e+04  -8.1601351e+00  -8.1699840e+00
   2.1781874e+04  -8.0530401e+00  -8.0486097e+00
   2.2022019e+04  -7.9447645e+00  -8.4132346e+00
   2.2264813e+04  -8.3157756e+00  -8.2835300e+00
   2.2510283e+04  -8.2050993e+00  -8.6529221e+00
   2.2758459e+04  -8.5683155e+00  -8.5461118e+00
   2.3009372e+04  -8.4481147e+00  -8.9005736e+00
   2.3263051e+04  -8.8008865e+00  -8.7974606e+00
   2.3519526e+04  -8.6698296e+00  -9.1518512e+00
   2.3778830e+04  -9.0197374e+00  -9.0464521e+00
   2.4040992e+04  -8.8998561e+00  -9.3985314e+00
   2.4306044e+04  -9.2389303e+00  -9.2907953e+00
   2.4574019e+04  -9.5768097e+00  -9.6302004e+00
   2.4844948e+04  -9.4602071e+00  -9.5253198e+00
   2.5118864e+04  -9.8112901e+00  -9.8560832e+00
   2.5395800e+04  -9.6786226e+00  -9.7488772e+00
   2.5675790e+04  -1.0007805e+01  -1.0087999e+01
   2.5958866e+04  -9.8917758e+00  -9.9661690e+00
   2.6245063e+04  -1.0213636e+01  -1.0309227e+01
   2.6534415e+04  -1.0101623e+01  -1.0161370e+01
   2.6826958e+04  -1.0430830e+01  -1.0499729e+01
   2.7122726e+04  -1.0303538e+01  -1.0341724e+01
   2.7421754e+04  -1.0630509e+01  -1.0686065e+01
   2.7724080e+04  -1.0513474e+01  -1.0981652e+01
   2.8029739e+04  -1.0833798e+01  -1.0885809e+01
   2.8338767e+04  -1.0731515e+01  -1.1172214e+01
   2.8651203e+04  -1.1039330e+01  -1.1084094e+01
   2.8967083e+04  -1.0944998e+01  -1.1377042e+01
   2.9286446e+04  -1.1242746e+01  -1.1276901e+01
   2.9609329e+04  -1.1146323e+01  -1.1568777e+01
   2.9935773e+04  -1.1443408e+01  -1.1466417e+01
   3.0265816e+04  -1.1328420e+01  -1.1756797e+01
   3.0599497e+04  -1.1622123e+01  -1.1657149e+01
   3.0936857e+04  -1.1903288e+01  -1.1948583e+01
   3.1277937e+04  -1.1790709e+01  -1.1841633e+01
   3.1622777e+04  -1.2057528e+01  -1.2119551e+01
   3.1971418e+04  -1.1969188e+01  -1.2021220e+01
   3.2323904e+04  -1.2212994e+01  -1.2278585e+01
   3.2680276e+04  -1.2137418e+01  -1.2193929e+01
   3.3040577e+04  -1.2375729e+01  -1.2429915e+01
   3.3404850e+04  -1.2292959e+01  -1.2352663e+01
   3.3773139e+04  -1.2520468e+01  -1.2559536e+01
   3.4145489e+04  -1.2450199e+01  -1.2502455e+01
   3.4521944e+04  -1.2645232e+01  -1.2675440e+01
   3.4902549e+04  -1.2584455e+01  -1.2620188e+01
   3.5287350e+04  -1.2779471e+01  -1.2791003e+01
   3.5676394e+04  -1.2702860e+01  -1.2728879e+01
   3.6069727e+04  -1.2922538e+01  -1.2907666e+01
   3.6467397e+04  -1.2828073e+01  -1.2846704e+01
   3.6869451e+04  -1.3063497e+01  -1.3039058e+01
   3.7275937e+04  -1.3287938e+01  -1.2962347e+01
   3.7686905e+04  -1.3200783e+01  -1.3166300e+01
   3.8102404e+04  -1.3417332e+01  -1.3084478e+01
   3.8522484e+04  -1.3324196e+01  -1.3290409e+01
   3.8947195e+04  -1.3519713e+01  -1.3496880e+01
   3.9376589e+04  -1.3451145e+01  -1.3412322e+01
   3.9810717e+04  -1.3618868e+01  -1.3624872e+01
   4.0249631e+04  -1.3765676e+01  -1.3525142e+01
   4.0693384e+04  -1.3710019e+01  -1.3751913e+01
   4.1142030e+04  -1.3842018e+01  -1.3968839e+01
   4.1595622e+04  -1.3793393e+01  -1.3872645e+01
   4.2054214e+04  -1.3926633e+01  -1.4081151e+01
   4.2517863e+04  -1.3870717e+01  -1.4288584e+01
   4.2986623e+04  -1.4009012e+01  -1.4189174e+01
   4.3460552e+04  -1.4115597e+01  -1.4381683e+01
   4.3939706e+04  -1.4077072e+01  -1.4537305e+01
   4.4424142e+04  -1.4161390e+01  -1.4469793e+01
   4.4913919e+04  -1.4129790e+01  -1.4598527e+01
   4.5409096e+04  -1.4199800e+01  -1.4552079e+01
   4.5909732e+04  -1.4249741e+01  -1.4643379e+01
   4.6415888e+04  -1.4230147e+01  -1.4685094e+01
   4.6927625e+04  -1.4250614e+01  -1.4671888e+01
   4.7445003e+04  -1.4250614e+01  -1.4702215e+01
   4.7968085e+04  -1.4244706e+01  -1.4688716e+01
   4.8496934e+04  -1.4239694e+01  -1.4718748e+01
   4.9031614e+04  -1.4239694e+01  -1.4739862e+01
   4.9572189e+04  -1.4239694e+01  -1.4732886e+01
   5.0118723e+04  -1.4239694e+01  -1.4742015e+01
   5.0671283e+04  -1.4239694e+01  -1.4742015e+01
   5.1229936e+04  -1.4239694e+01  -1.4742015e+01
   5.1794747e+04  -1.4239694e+01  -1.4753759e+01
   5.2365785e+04  -1.4243456e+01  -1.4782702e+01
   5.2943119e+04  -1.4236151e+01  -1.4767802e+01
   5.3526818e+04  -1.4186342e+01  -1.4780333e+01
   5.4116953e+04  -1.4217974e+01  -1.4757441e+01
   5.4713593e+04  -1.4155988e+01  -1.4772839e+01
   5.5316812e+04  -1.4085707e+01  -1.4736519e+01
   5.5926681e+04  -1.4125056e+01  -1.4681217e+01
   5.6543274e+04  -1.4049384e+01  -1.4626721e+01
   5.7166665e+04  -1.3943915e+01  -1.4658897e+01
   5.7796929e+04  -1.3810988e+01  -1.4605063e+01
   5.8434141e+04  -1.3672039e+01  -1.4544466e+01
   5.9078379e+04  -1.3770799e+01  -1.4458540e+01
   5.9729720e+04  -1.3633182e+01  -1.4519636e+01
   6.0388241e+04  -1.3500238e+01  -1.4425861e+01
   6.1054023e+04  -1.3342010e+01  -1.4322514e+01
   6.1727145e+04  -1.3164753e+01  -1.4213390e+01
   6.2407688e+04  -1.2978247e+01  -1.4092672e+01
   6.3095734e+04  -1.2812918e+01  -1.3973419e+01
   6.3791366e+04  -1.2239238e+01  -1.3862157e+01
   6.4494668e+04  -1.2108504e+01  -1.3946976e+01
   6.5205723e+04  -1.1999445e+01  -1.3837613e+01
   6.5924618e+04  -1.1871470e+01  -1.3701828e+01
   6.6651438e+04  -1.1982890e+01  -1.3550205e+01
   6.7386272e+04  -1.1859688e+01  -1.3403198e+01
   6.8129207e+04  -1.1736694e+01  -1.3272800e+01
   6.8880333e+04  -1.1638704e+01  -1.3150955e+01
   6.9639740e+04  -1.1597052e+01  -1.3026108e+01
   7.0407520e+04  -1.1625390e+01  -1.2895757e+01
   7.1183765e+04  -1.1724499e+01  -1.2785535e+01
   7.1968567e+04  -1.1827221e+01  -1.2680270e+01
   7.2762022e+04  -1.2370670e+01  -1.2601554e+01
   7.3564225e+04  -1.2905057e+01  -1.2530417e+01
   7.4375273e+04  -1.3440497e+01  -1.2445453e+01
   7.5195262e+04  -1.3539051e+01  -1.2358430e+01
   7.6024291e+04  -1.4089843e+01  -1.2289290e+01
   7.6862461e+04  -1.4607583e+01  -1.2272955e+01
   7.7709871e+04  -1.5346429e+01  -1.2681539e+01
   7.8566625e+04  -1.6651059e+01  -1.2776377e+01
   7.9432823e+04  -1.6693695e+01  -1.3349140e+01
   8.0308572e+04  -1.6989745e+01  -1.3459821e+01
   8.1193976e+04  -1.6953462e+01  -1.3540814e+01
   8.2089142e+04  -1.6894095e+01  -1.3257090e+01
   8.2994176e+04  -1.6890680e+01  -1.3205653e+01
   8.3909189e+04  -1.6949694e+01  -1.3129802e+01
   8.4834290e+04  -1.9282347e+01  -1.4834116e+01
   8.5769590e+04  -2.2401643e+01  -1.6515121e+01
   8.6715202e+04  -2.5580882e+01  -1.8249296e+01
   8.7671239e+04  -2.9220379e+01  -2.0467840e+01
   8.8637816e+04  -3.1515921e+01  -2.2145844e+01
   8.9615050e+04  -3.1644324e+01  -2.3799945e+01
   9.0603058e+04  -3.0687648e+01  -2.4202579e+01
   9.1601959e+04  -3.0298179e+01  -2.4289872e+01
   9.2611873e+04  -2.9904927e+01  -2.4763263e+01
   9.3632921e+04  -2.9263231e+01  -2.5541999e+01
   9.4665226e+04  -3.0048915e+01  -2.6376955e+01
   9.5708912e+04  -3.1463469e+01  -2.7244977e+01
   9.6764105e+04  -3.3416826e+01  -2.8057452e+01
   9.7830932e+04  -3.4325765e+01  -2.8801155e+01
   9.8909520e+04  -3.6218643e+01  -2.9553533e+01
   1.0000000e+05  -3.7220313e+01  -3.0317464e+01
   1.0110250e+05  -3.7069579e+01  -3.1094830e+01
   1.0221716e+05  -3.6629963e+01  -3.1374539e+01
   1.0334411e+05  -3.6198220e+01  -3.1043522e+01
   1.0448348e+05  -3.5783080e+01  -3.0977359e+01
   1.0563541e+05  -3.5360279e+01  -3.0599581e+01
   1.0680004e+05  -3.4542541e+01  -2.9783833e+01
   1.0797752e+05  -3.4147343e+01  -2.8947400e+01
   1.0916797e+05  -3.3709276e+01  -2.8613892e+01
   1.1037155e+05  -3.3683952e+01  -2.7731378e+01
   1.1158840e+05  -3.3280715e+01  -2.7302077e+01
   1.1281866e+05  -3.2898181e+01  -2.6920090e+01
   1.1406249e+05  -3.2523607e+01  -2.6576278e+01
   1.1532003e+05  -3.2168795e+01  -2.6543510e+01
   1.1659144e+05  -3.2136619e+01  -2.6187341e+01
   1.1787686e+05  -3.1864212e+01  -2.5836918e+01
   1.1917646e+05  -3.1550359e+01  -2.5490228e+01
   1.2049038e+05  -3.1258921e+01  -2.5147923e+01
   1.2181879e+05  -3.1225118e+01  -2.4800143e+01
   1.2316185e+05  -3.0970486e+01  -2.4468568e+01
   1.2451971e+05  -3.0745393e+01  -2.4164747e+01
   1.2589254e+05  -3.0722421e+01  -2.4146260e+01
   1.2728051e+05  -3.0505470e+01  -2.3848759e+01
   1.2868378e+05  -3.0327293e+01  -2.3512890e+01
   1.3010252e+05  -3.0166636e+01  -2.3163473e+01
   1.3153691e+05  -3.0150126e+01  -2.2443447e+01
   1.3298710e+05  -3.0004643e+01  -2.2142748e+01
   1.3445329e+05  -2.9870366e+01  -2.1824917e+01
   1.3593564e+05  -2.9704107e+01  -2.1539716e+01
   1.3743433e+05  -2.9691135e+01  -2.1284333e+01
   1.3894955e+05  -2.9572518e+01  -2.1003954e+01
   1.4048147e+05  -2.9469524e+01  -2.0726366e+01
   1.4203028e+05  -2.9359392e+01  -2.0469030e+01
   1.4359617e+05  -2.9298389e+01  -2.0199988e+01
   1.4517932e+05  -2.9298389e+01  -1.9583501e+01
   1.4677993e+05  -2.9257934e+01  -1.9297536e+01
   1.4839818e+05  -2.9244443e+01  -1.9011673e+01
   1.5003427e+05  -2.9243566e+01  -1.8385854e+01
   1.5168840e+05  -2.9200109e+01  -1.8121007e+01
   1.5336077e+05  -2.9235078e+01  -1.7462774e+01
   1.5505158e+05  -2.9342327e+01  -1.6806389e+01
   1.5676103e+05  -2.9535619e+01  -1.6148515e+01
   1.5848932e+05  -2.9640322e+01  -1.5888429e+01
   1.6023667e+05  -2.9743749e+01  -1.5295390e+01
   1.6200328e+05  -2.9859587e+01  -1.4283573e+01
   1.6378937e+05  -3.0016027e+01  -1.4030715e+01
   1.6559515e+05  -3.0181471e+01  -1.3406039e+01
   1.6742084e+05  -3.0584027e+01  -1.2793904e+01
   1.6926666e+05  -3.0777737e+01  -1.2224529e+01
   1.7113283e+05  -3.0947338e+01  -1.1197378e+01
   1.7301957e+05  -3.0774248e+01  -1.0584683e+01
   1.7492712e+05  -3.0128685e+01  -1.0010858e+01
   1.7685569e+05  -2.8980471e+01  -9.4777527e+00
   1.7880553e+05  -2.7337273e+01  -8.9283323e+00
   1.8077687e+05  -2.5279662e+01  -8.4746266e+00
   1.8276994e+05  -2.3804676e+01  -8.4034729e+00
   1.8478498e+05  -2.1901912e+01  -8.4314107e+00
   1.8682224e+05  -1.9878593e+01  -8.7471686e+00
   1.8888196e+05  -1.7932572e+01  -9.1913087e+00
   1.9096439e+05  -1.6119542e+01  -9.6263690e+00
   1.9306977e+05  -1.4151336e+01  -1.0082241e+01
   1.9519837e+05  -1.2618252e+01  -1.0455395e+01
   1.9735044e+05  -1.1520693e+01  -1.0563212e+01
   1.9952623e+05  -1.1427892e+01  -1.0928886e+01
   2.0172601e+05  -1.1052342e+01  -1.1292402e+01
   2.0395005e+05  -1.0318104e+01  -1.2186723e+01
   2.0619860e+05  -1.0234358e+01  -1.2632225e+01
   2.0847195e+05  -1.0152743e+01  -1.3502239e+01
   2.1077035e+05  -1.0501255e+01  -1.5467981e+01
   2.1309410e+05  -1.1342012e+01  -1.7218065e+01
   2.1544347e+05  -1.2499220e+01  -1.9481824e+01
   2.1781874e+05  -1.4165529e+01  -2.1781724e+01
   2.2022019e+05  -1.5298693e+01  -2.3511377e+01
   2.2264813e+05  -1.6423723e+01  -2.5802660e+01
   2.2510283e+05  -1.8046672e+01  -2.7556896e+01
   2.2758459e+05  -1.8806227e+01  -2.7569537e+01
   2.3009372e+05  -1.8856572e+01  -2.7175861e+01
   2.3263051e+05  -1.8633030e+01  -2.6395650e+01
   2.3519526e+05  -1.7497523e+01  -2.5226223e+01
   2.3778830e+05  -1.6374750e+01  -2.4113320e+01
   2.4040992e+05  -1.5619620e+01  -2.2583742e+01
   2.4306044e+05  -1.4918857e+01  -2.1039239e+01
   2.4574019e+05  -1.4747897e+01  -2.0004211e+01
   2.4844948e+05  -1.5349269e+01  -1.8484774e+01
   2.5118864e+05  -1.5993497e+01  -1.7753921e+01
   2.5395800e+05  -1.6644283e+01  -1.7493857e+01
   2.5675790e+05  -1.7281686e+01  -1.7482937e+01
   2.5958866e+05  -1.7894035e+01  -1.7801613e+01
   2.6245063e+05  -1.8508447e+01  -1.8031078e+01
   2.6534415e+05  -1.9141959e+01  -1.8568585e+01
   2.6826958e+05  -1.9769605e+01  -1.9092997e+01
   2.7122726e+05  -2.0312119e+01  -1.9609706e+01
   2.7421754e+05  -2.0765014e+01  -2.0126194e+01
   2.7724080e+05  -2.1219284e+01  -2.0622750e+01
   2.8029739e+05  -2.1682024e+01  -2.1114971e+01
   2.8338767e+05  -2.2111211e+01  -2.1324393e+01
   2.8651203e+05  -2.2576339e+01  -2.1627920e+01
   2.8967083e+05  -2.3045009e+01  -2.1943681e+01
   2.9286446e+05  -2.3367602e+01  -2.2098683e+01
   2.9609329e+05  -2.3635872e+01  -2.2226805e+01
   2.9935773e+05  -2.3838384e+01  -2.2234754e+01
   3.0265816e+05  -2.4096406e+01  -2.2264862e+01
   3.0599497e+05  -2.4423873e+01  -2.2501005e+01
   3.0936857e+05  -2.4902531e+01  -2.2771255e+01
   3.1277937e+05  -2.6532024e+01  -2.3207458e+01
   3.1622777e+05  -2.8248648e+01  -2.4480804e+01
   3.1971418e+05  -2.9908786e+01  -2.5782697e+01
   3.2323904e+05  -3.0735074e+01  -2.6224544e+01
   3.2680276e+05  -3.1044346e+01  -2.6119243e+01
   3.3040577e+05  -3.1848592e+01  -2.5961203e+01
   3.3404850e+05  -3.2654089e+01  -2.5602626e+01
   3.3773139e+05  -3.3450031e+01  -2.5287675e+01
   3.4145489e+05  -3.3525389e+01  -2.4192643e+01
   3.4521944e+05  -3.1718196e+01  -2.2623417e+01
   3.4902549e+05  -2.8756630e+01  -2.1415832e+01
   3.5287350e+05  -2.5864276e+01  -2.0754583e+01
   3.5676394e+05  -2.2897071e+01  -2.1620131e+01
   3.6069727e+05  -2.0635044e+01  -2.5515193e+01
   3.6467397e+05  -2.0197897e+01  -3.0770585e+01
   3.6869451e+05  -1.9820360e+01  -3.2938642e+01
   3.7275937e+05  -1.8978257e+01  -3.0529462e+01
   3.7686905e+05  -1.8372849e+01  -2.7207387e+01
   3.8102404e+05  -1.7513253e+01  -2.4395896e+01
   3.8522484e+05  -1.6930471e+01  -2.1530761e+01
   3.8947195e+05  -1.6397061e+01  -1.9387720e+01
   3.9376589e+05  -1.6238056e+01  -1.7581004e+01
   3.9810717e+05  -1.6209984e+01  -1.6622195e+01
   4.0249631e+05  -1.6165812e+01  -1.5801969e+01
   4.0693384e+05  -1.6127321e+01  -1.5202939e+01
   4.1142030e+05  -1.6045147e+01  -1.4877114e+01
   4.1595622e+05  -1.5971149e+01  -1.4680591e+01
   4.2054214e+05  -1.5953677e+01  -1.4752503e+01
   4.2517863e+05  -1.6124468e+01  -1.5299043e+01
   4.2986623e+05  -1.6776848e+01  -1.6028016e+01
   4.3460552e+05  -1.7443315e+01  -1.7142144e+01
   4.3939706e+05  -1.8013116e+01  -1.8376733e+01
   4.4424142e+05  -1.8098707e+01  -1.9584260e+01
   4.4913919e+05  -1.8021875e+01  -2.0616596e+01
   4.5409096e+05  -1.7974643e+01  -2.0465059e+01
   4.5909732e+05  -1.8159167e+01  -1.9897112e+01
   4.6415888e+05  -1.8470417e+01  -1.8919877e+01
   4.6927625e+05  -1.8821811e+01  -1.8404187e+01
   4.7445003e+05  -1.9164924e+01  -1.8083538e+01
   4.7968085e+05  -1.9369350e+01  -1.8240521e+01
   4.8496934e+05  -1.9437619e+01  -1.8697812e+01
   4.9031614e+05  -1.9884978e+01  -1.9418399e+01
   4.9572189e+05  -2.1100016e+01  -2.0739651e+01
   5.0118723e+05  -2.2023681e+01  -2.1945788e+01
   5.0671283e+05  -2.2513561e+01  -2.2068926e+01
   5.1229936e+05  -2.2506143e+01  -2.1599210e+01
   5.1794747e+05  -2.1646933e+01  -2.0366950e+01
   5.2365785e+05  -1.9863971e+01  -1.8697177e+01
   5.2943119e+05  -1.8158609e+01  -1.8098067e+01
   5.3526818e+05  -1.6566621e+01  -1.7789567e+01
   5.4116953e+05  -1.5578653e+01  -1.7501135e+01
   5.4713593e+05  -1.5728808e+01  -1.7048448e+01
   5.5316812e+05  -1.6720088e+01  -1.6707617e+01
   5.5926681e+05  -1.8742825e+01  -1.7129859e+01
   5.6543274e+05  -2.1228436e+01  -1.8545389e+01
   5.7166665e+05  -2.2751784e+01  -2.0130685e+01
   5.7796929e+05  -2.3990842e+01  -2.2098284e+01
   5.8434141e+05  -2.4962354e+01  -2.3607318e+01
   5.9078379e+05  -2.6180495e+01  -2.4680506e+01
   5.9729720e+05  -2.6903216e+01  -2.4842720e+01
   6.0388241e+05  -2.7586831e+01  -2.4533796e+01
   6.1054023e+05  -2.8165989e+01  -2.4149989e+01
   6.1727145e+05  -2.8640721e+01  -2.3599880e+01
   6.2407688e+05  -2.9061868e+01  -2.3274718e+01
   6.3095734e+05  -2.9529437e+01  -2.2913437e+01
   6.3791366e+05  -2.9838780e+01  -2.2539111e+01
   6.4494668e+05  -3.0002108e+01  -2.2215357e+01
   6.5205723e+05  -3.0144589e+01  -2.2036582e+01
   6.5924618e+05  -3.0274931e+01  -2.2322851e+01
   6.6651438e+05  -3.0282562e+01  -2.3052654e+01
   6.7386272e+05  -2.9580660e+01  -2.2814181e+01
   6.8129207e+05  -2.8763689e+01  -2.1872671e+01
   6.8880333e+05  -2.8436024e+01  -2.0170743e+01
   6.9639740e+05  -2.8286104e+01  -1.8850939e+01
   7.0407520e+05  -2.8068687e+01  -1.7627681e+01
   7.1183765e+05  -2.7911548e+01  -1.6436146e+01
   7.1968567e+05  -2.7722723e+01  -1.4832372e+01
   7.2762022e+05  -2.7421408e+01  -1.4010028e+01
   7.3564225e+05  -2.5882820e+01  -1.3671992e+01
   7.4375273e+05  -2.4499181e+01  -1.4231389e+01
   7.5195262e+05  -2.2359859e+01  -1.5030581e+01
   7.6024291e+05  -1.9929954e+01  -1.6142993e+01
   7.6862461e+05  -1.8624109e+01  -1.7068949e+01
   7.7709871e+05  -1.7225180e+01  -1.8470529e+01
   7.8566625e+05  -1.6587365e+01  -2.0266369e+01
   7.9432823e+05  -1.6892211e+01  -2.4288168e+01
   8.0308572e+05  -1.8596950e+01  -2.5290745e+01
   8.1193976e+05  -2.0406154e+01  -2.4547508e+01
   8.2089142e+05  -2.0923202e+01  -2.4286076e+01
   8.2994176e+05  -1.9488291e+01  -2.5116150e+01
   8.3909189e+05  -1.8771499e+01  -2.7114343e+01
   8.4834290e+05  -1.9593910e+01  -2.6340542e+01
   8.5769590e+05  -2.0897480e+01  -2.5610421e+01
   8.6715202e+05  -2.1525382e+01  -2.5299433e+01
   8.7671239e+05  -2.2039814e+01  -2.5138878e+01
   8.8637816e+05  -2.2014742e+01  -2.4963145e+01
   8.9615050e+05  -2.1643895e+01  -2.4728856e+01
   9.0603058e+05  -2.1280879e+01  -2.4307658e+01
   9.1601959e+05  -2.1462914e+01  -2.3427795e+01
   9.2611873e+05  -2.2266864e+01  -2.3464826e+01
   9.3632921e+05  -2.3111700e+01  -2.3641824e+01
   9.4665226e+05  -2.3910045e+01  -2.3820687e+01
   9.5708912e+05  -2.3613770e+01  -2.4073712e+01
   9.6764105e+05  -2.3079548e+01  -2.3638016e+01
   9.7830932e+05  -2.2899263e+01  -2.3216735e+01
   9.8909520e+05  -2.3292317e+01  -2.2974118e+01
