7353.710418	-11.72486772
7384.093519	-12.01058201
7444.859721	-12.2962963
7566.392125	-12.57142857
7657.541427	-12.85714286
7748.69073	-13.14285714
7870.223134	-13.42857143
7961.372436	-13.71428571
8052.521739	-14
8174.054143	-14.28571429
8295.586546	-14.57142857
8386.735849	-14.85714286
8477.885152	-15.14285714
8569.034454	-15.42857143
8690.566858	-15.71428571
8781.716161	-16
8872.865463	-16.28571429
8964.014766	-16.57142857
9055.164069	-16.85714286
9207.079573	-17.14285714
9298.228876	-17.42857143
9419.76128	-17.71428571
9541.293683	-18
9632.442986	-18.28571429
9753.97539	-18.57142857
9845.124692	-18.85714286
9936.273995	-19.14285714
10027.4233	-19.41798942
10148.9557	-19.7037037
10270.48811	-19.98941799
10361.63741	-20.27513228
10452.78671	-20.56084656
10543.93601	-20.83597884
10635.08532	-21.12169312
10726.23462	-21.40740741
10847.76702	-21.68253968
10938.91632	-21.96825397
11060.44873	-22.25396825
11151.59803	-22.52910053
11273.13043	-22.81481481
11394.66284	-23.1005291
11485.81214	-23.38624339
11576.96144	-23.67195767
11668.11075	-23.94708995
11759.26005	-24.23280423
11850.40935	-24.51851852
11941.55865	-24.79365079
12032.70796	-25.07936508
12154.24036	-25.36507937
12245.38966	-25.65079365
12336.53897	-25.93650794
12458.07137	-26.21164021
12549.22067	-26.4973545
12670.75308	-26.78306878
12761.90238	-27.06878307
12853.05168	-27.35449735
12974.58409	-27.64021164
13065.73339	-27.92592593
13156.88269	-28.21164021
13278.41509	-28.48677249
13369.5644	-28.77248677
13460.7137	-29.05820106
13582.2461	-29.33333333
13673.39541	-29.61904762
13794.92781	-29.9047619
13886.07711	-30.19047619
13977.22642	-30.47619048
14098.75882	-30.76190476
14189.90812	-31.04761905
14281.05742	-31.33333333
14402.58983	-31.60846561
14493.73913	-31.89417989
14584.88843	-32.17989418
14706.42084	-32.46560847
14888.71944	-32.75132275
15071.01805	-33.02645503
15131.78425	-33.31216931
15435.61526	-32.61375661
15617.91386	-32.33862434
15678.68007	-32.05291005
15739.44627	-31.77777778
15860.97867	-31.49206349
15982.51107	-31.20634921
16104.04348	-30.92063492
16195.19278	-30.63492063
16316.72518	-30.35978836
16407.87449	-30.07407407
16529.40689	-29.78835979
16650.93929	-29.5026455
16742.0886	-29.21693122
16863.621	-28.94179894
16954.7703	-28.65608466
17045.91961	-28.37037037
17197.83511	-28.08465608
17319.36751	-27.7989418
17440.89992	-27.52380952
17501.66612	-27.23809524
17714.34783	-26.96296296
17805.49713	-26.67724868
17896.64643	-26.39153439
17987.79573	-26.11640212
18109.32814	-25.83068783
18230.86054	-25.55555556
18322.00984	-25.26984127
18443.54225	-24.98412698
18534.69155	-24.70899471
18656.22395	-24.42328042
18777.75636	-24.14814815
18868.90566	-23.86243386
18960.05496	-23.57671958
19081.58737	-23.3015873
19203.11977	-23.01587302
19324.65217	-22.74074074
19415.80148	-22.45502646
19537.33388	-22.16931217
19628.48318	-21.89417989
19719.63249	-21.60846561
19871.54799	-21.33333333
19993.08039	-21.04761905
20114.6128	-20.76190476
20205.7621	-20.47619048
20327.2945	-20.19047619
20448.82691	-19.9047619
20539.97621	-19.61904762
20661.50861	-19.33333333
20752.65792	-19.05820106
20874.19032	-18.77248677
20995.72272	-18.4973545
21086.87203	-18.21164021
21208.40443	-17.92592593
21299.55373	-17.65079365
21390.70304	-17.36507937
21512.23544	-17.08994709
21633.76784	-16.8042328
21724.91715	-16.51851852
21816.06645	-16.23280423
21967.98195	-15.94708995
21998.36505	-15.68253968
22211.04676	-15.13227513
22484.49467	-15.40740741
22666.79327	-15.84126984
22940.24118	-16.0952381
23061.77358	-16.38095238
23183.30599	-16.67724868
23335.22149	-16.96296296
23487.137	-17.23809524
23639.0525	-17.52380952
23760.58491	-17.7989418
23912.50041	-18.08465608
24064.41591	-18.37037037
24246.71452	-18.64550265
24398.63002	-18.93121693
24550.54553	-19.20634921
24702.46103	-19.49206349
24854.37654	-19.76719577
24975.90894	-20.05291005
25127.82445	-20.32804233
25279.73995	-20.61375661
25401.27235	-20.88888889
25553.18786	-21.17460317
25705.10336	-21.44973545
25857.01887	-21.72486772
26008.93437	-22.01058201
26160.84988	-22.28571429
26312.76538	-22.57142857
26495.06399	-22.84656085
26616.59639	-23.13227513
26798.895	-23.40740741
26950.8105	-23.68253968
27102.726	-23.96825397
27224.25841	-24.24338624
27376.17391	-24.52910053
27528.08942	-24.8042328
27680.00492	-25.08994709
27831.92043	-25.36507937
27983.83593	-25.65079365
28135.75144	-25.92592593
28287.66694	-26.21164021
28439.58244	-26.48677249
28591.49795	-26.77248677
28743.41345	-27.05820106
28864.94586	-27.33333333
29016.86136	-27.61904762
29168.77687	-27.89417989
29320.69237	-28.17989418
29472.60788	-28.45502646
29624.52338	-28.74074074
29776.43888	-29.01587302
29928.35439	-29.3015873
30080.26989	-29.57671958
30232.1854	-29.86243386
30384.1009	-30.14814815
30505.63331	-30.42328042
30687.93191	-30.70899471
30779.08121	-30.93121693
31143.67842	-31.49206349
31477.89253	-30.79365079
31690.57424	-30.52910053
31720.95734	-30.23280423
31751.34044	-29.94708995
31812.10664	-29.66137566
31903.25595	-29.38624339
31994.40525	-29.1005291
32085.55455	-28.81481481
32176.70386	-28.52910053
32267.85316	-28.24338624
32298.23626	-27.95767196
32389.38556	-27.67195767
32510.91797	-27.38624339
32571.68417	-27.1005291
32632.45037	-26.81481481
32723.59967	-26.53968254
32814.74897	-26.25396825
32875.51518	-25.96825397
32966.66448	-25.69312169
33057.81378	-25.40740741
33148.96308	-25.12169312
33240.11239	-24.83597884
33331.26169	-24.55026455
33392.02789	-24.26455026
33483.17719	-23.97883598
33604.7096	-23.69312169
33665.4758	-23.40740741
33726.242	-23.12169312
33817.3913	-22.83597884
33908.54061	-22.55026455
33969.30681	-22.26455026
34060.45611	-21.98941799
34151.60541	-21.7037037
34212.37162	-21.41798942
34364.28712	-21.13227513
34485.81952	-20.84656085
34546.58573	-20.56084656
34637.73503	-20.27513228
34698.50123	-19.98941799
34759.26743	-19.7037037
34880.79984	-19.42857143
34971.94914	-19.14285714
35032.71534	-18.85714286
35123.86464	-18.57142857
35215.01395	-18.28571429
35306.16325	-18
35397.31255	-17.71428571
35488.46185	-17.42857143
35549.22806	-17.14285714
35640.37736	-16.85714286
35731.52666	-16.57142857
35792.29286	-16.28571429
35853.05906	-16
35974.59147	-15.72486772
36065.74077	-15.43915344
36126.50697	-15.15343915
36217.65628	-14.86772487
36278.42248	-14.57142857
36339.18868	-14.26455026
36612.63659	-14
37159.5324	-13.84126984
37888.72683	-13.82010582
38678.68745	-13.9047619
39407.88187	-14.04232804
40106.69319	-14.19047619
40744.73831	-14.35978836
41352.40033	-14.57142857
41838.52994	-14.8042328
42263.89336	-15.04761905
42628.49057	-15.29100529
42932.32158	-15.55555556
43175.38638	-15.83068783
43388.06809	-16.10582011
43600.74979	-16.38095238
43843.8146	-16.65608466
44056.49631	-16.93121693
44299.56112	-17.20634921
44542.62592	-17.48148148
44694.54143	-17.76719577
44785.69073	-18.05291005
44907.22313	-18.33862434
45028.75554	-18.61375661
45150.28794	-18.8994709
45271.82034	-19.18518519
45393.35275	-19.46031746
45514.88515	-19.74603175
45606.03445	-20.02116402
45727.56686	-20.30687831
45879.48236	-20.58201058
46031.39787	-20.86772487
46152.93027	-21.15343915
46274.46267	-21.43915344
46487.14438	-21.71428571
46730.20919	-21.97883598
47034.0402	-22.24338624
47429.02051	-22.4973545
47824.00082	-22.75132275
48218.98113	-23.00529101
48705.11075	-23.24867725
49312.77276	-23.40740741
50041.96719	-23.42857143
50771.16161	-23.33333333
51439.58983	-23.16402116
52047.25185	-22.95238095
52502.99836	-22.71957672
52806.82937	-22.45502646
53110.66038	-22.19047619
53292.95898	-22.03174603
53627.17309	-21.96825397
54113.30271	-22.06349206
54660.19852	-22.26455026
54994.41263	-22.52910053
55267.86054	-22.8042328
55510.92535	-23.07936508
55753.99016	-23.35449735
56027.43806	-23.62962963
56270.50287	-23.9047619
56483.18458	-24.17989418
56756.63249	-24.45502646
57030.08039	-24.73015873
57242.7621	-25.00529101
57455.44381	-25.28042328
57698.50861	-25.55555556
57971.95652	-25.83068783
58245.40443	-26.0952381
58518.85234	-26.35978836
58792.30025	-26.62433862
59035.36505	-26.88888889
59278.42986	-27.16402116
59551.87777	-27.43915344
59794.94258	-27.71428571
60007.62428	-27.98941799
60220.30599	-28.26455026
60432.98769	-28.53968254
60706.4356	-28.8042328
60979.88351	-29.06878307
61253.33142	-29.33333333
61526.77933	-29.5978836
61800.22724	-29.87301587
62043.29204	-30.14814815
62255.97375	-30.42328042
62468.65546	-30.6984127
62742.10336	-30.97354497
62985.16817	-31.24867725
63228.23298	-31.52380952
63471.29779	-31.7989418
63744.74569	-32.07407407
64018.1936	-32.34920635
64291.64151	-32.62433862
64534.70632	-32.8994709
64747.38802	-33.17460317
65020.83593	-33.43915344
65294.28384	-33.71428571
65506.96555	-33.98941799
65719.64725	-34.26455026
66023.47826	-34.52910053
66388.07547	-34.77248677
66813.43888	-35.01587302
67299.5685	-35.24867725
67755.31501	-35.48148148
68241.44463	-35.7037037
68849.10664	-35.89417989
69517.53486	-36.05291005
70246.72929	-36.17989418
71036.68991	-36.26455026
71857.03363	-36.2962963
72677.37736	-36.31746032
73497.72108	-36.33862434
74318.06481	-36.32804233
75138.40853	-36.28571429
75928.36916	-36.21164021
76718.32978	-36.12698413
77508.2904	-36.03174603
78237.48482	-35.91534392
78875.52994	-35.74603175
79452.80886	-35.54497354
79999.70468	-35.32275132
80485.83429	-35.1005291
81002.34701	-34.87830688
81549.24282	-34.66666667
82096.13864	-34.45502646
82612.65135	-34.23280423
83129.16407	-34.01058201
83706.44299	-33.78835979
84344.48811	-33.60846561
85043.29943	-33.46031746
85802.87695	-33.35449735
86592.83757	-33.31216931
87382.7982	-33.32275132
88203.14192	-33.33333333
89023.48564	-33.34391534
89843.82937	-33.34391534
90664.17309	-33.31216931
91454.13372	-33.24867725
92244.09434	-33.15343915
92973.28876	-33.02645503
93702.48318	-32.88888889
94370.9114	-32.74074074
95039.33962	-32.57142857
95677.38474	-32.39153439
96285.04676	-32.19047619
96801.55947	-31.96825397
97166.15669	-31.71428571
97439.60459	-31.44973545
97743.4356	-31.18518519
98047.26661	-30.92063492
98320.71452	-30.64550265
98624.54553	-30.38095238
98897.99344	-30.11640212
99201.82445	-29.85185185
99475.27235	-29.58730159
99748.72026	-29.31216931
100052.5513	-29.04761905
100325.9992	-28.78306878
100629.8302	-28.51851852
100903.2781	-28.25396825
101146.3429	-27.97883598
101419.7908	-27.71428571
101723.6218	-27.44973545
101997.0697	-27.18518519
102270.5176	-26.92063492
102543.9655	-26.64550265
102817.4135	-26.38095238
103090.8614	-26.11640212
103364.3093	-25.85185185
103637.7572	-25.58730159
103911.2051	-25.32275132
104184.653	-25.04761905
104458.1009	-24.78306878
104883.4643	-24.55026455
105521.5094	-24.38095238
106281.087	-24.28571429
107101.4307	-24.26455026
107891.3913	-24.31746032
108620.5857	-24.44444444
109289.0139	-24.6031746
109866.2929	-24.8042328
110322.0394	-25.04761905
110777.7859	-25.29100529
111203.1493	-25.52380952
111567.7465	-25.77777778
111841.1944	-26.04232804
112053.8761	-26.31746032
112266.5578	-26.59259259
112479.2395	-26.86772487
112691.9212	-27.14285714
112965.3692	-27.41798942
113238.8171	-27.69312169
113512.265	-27.96825397
113755.3298	-28.24338624
114028.7777	-28.50793651
114302.2256	-28.77248677
114575.6735	-29.04761905
114788.3552	-29.32275132
114940.2707	-29.60846561
115122.5693	-29.88359788
115426.4003	-30.14814815
115790.9975	-30.4021164
116185.9779	-30.65608466
116580.9582	-30.91005291
116975.9385	-31.16402116
117370.9188	-31.40740741
117857.0484	-31.65079365
118464.7104	-31.86243386
119163.5217	-31.96825397
119892.7162	-31.95767196
120621.9106	-31.84126984
121351.105	-31.68253968
121989.1501	-31.5026455
122536.0459	-31.29100529
122991.7925	-31.05820106
123326.0066	-30.8042328
123599.4545	-30.53968254
123933.6686	-30.28571429
124328.6489	-30.04232804
124754.0123	-29.80952381
125179.3757	-29.56613757
125574.356	-29.32275132
126060.4856	-29.1005291
126607.3815	-28.87830688
127215.0435	-28.67724868
127913.8548	-28.51851852
128612.6661	-28.38095238
129341.8605	-28.25396825
130071.055	-28.12698413
130800.2494	-28
131499.0607	-27.86243386
132197.872	-27.71428571
132927.0664	-27.57671958
133625.8778	-27.44973545
134324.6891	-27.32275132
135023.5004	-27.18518519
135722.3117	-27.02645503
136451.5062	-26.87830688
137150.3175	-26.75132275
137849.1288	-26.61375661
138547.9401	-26.46560847
139246.7514	-26.31746032
139945.5628	-26.16931217
140583.6079	-25.98941799
141130.5037	-25.77777778
141586.2502	-25.53439153
142011.6136	-25.29100529
142467.3601	-25.06878307
143014.2559	-24.84656085
143561.1518	-24.62433862
144108.0476	-24.4021164
144594.1772	-24.16931217
145019.5406	-23.92592593
145505.6702	-23.7037037
146052.566	-23.48148148
146599.4619	-23.25925926
147176.7408	-23.03703704
147784.4028	-22.84656085
148422.4479	-22.66666667
149090.8761	-22.4973545
149820.0705	-22.37037037
150610.0312	-22.26455026
151399.9918	-22.19047619
152220.3355	-22.13756614
153010.2961	-22.10582011
153830.6399	-22.0952381
154650.9836	-22.0952381
155471.3273	-22.0952381
156291.671	-22.0952381
157112.0148	-22.10582011
157932.3585	-22.11640212
158752.7022	-22.11640212
159573.0459	-22.0952381
160393.3897	-22.05291005
161152.9672	-21.96825397
161882.1616	-21.84126984
162611.356	-21.72486772
163370.9336	-21.61904762
164130.5111	-21.52380952
164890.0886	-21.40740741
165619.283	-21.26984127
166348.4774	-21.13227513
167077.6719	-20.99470899
167776.4832	-20.85714286
168505.6776	-20.71957672
169234.872	-20.59259259
169933.6833	-20.44444444
170632.4947	-20.2962963
171361.6891	-20.14814815
172030.1173	-19.98941799
172637.7793	-19.7989418
173245.4413	-19.60846561
173883.4865	-19.41798942
174521.5316	-19.23809524
175220.3429	-19.08994709
175919.1542	-18.94179894
176617.9655	-18.79365079
177316.7769	-18.64550265
177985.2051	-18.47619048
178592.8671	-18.27513228
179200.5291	-18.08465608
179838.5742	-17.9047619
180446.2363	-17.71428571
180932.3659	-17.5026455
181357.7293	-17.25925926
181783.0927	-17.00529101
182238.8392	-16.77248677
182816.1181	-16.56084656
183454.1632	-16.37037037
184031.4422	-16.16931217
184578.338	-15.95767196
185125.2338	-15.74603175
185732.8958	-15.55555556
186431.7071	-15.38624339
187100.1354	-15.22751323
187768.5636	-15.06878307
188497.758	-14.94179894
189287.7186	-14.83597884
190077.6792	-14.79365079
190867.6399	-14.84656085
191566.4512	-14.99470899
192113.347	-15.20634921
192599.4766	-15.43915344
193085.6062	-15.67195767
193632.5021	-15.89417989
194179.3979	-16.10582011
194817.443	-16.28571429
195577.0205	-16.42328042
196366.9811	-16.51851852
197156.9418	-16.57142857
197977.2855	-16.53968254
198736.863	-16.43386243
199435.6743	-16.30687831
200164.8687	-16.16931217
200894.0632	-16.03174603
201623.2576	-15.9047619
202352.452	-15.77777778
203081.6464	-15.65079365
203841.224	-15.53439153
204600.8015	-15.42857143
205299.6128	-15.3015873
206028.8072	-15.16402116
206788.3847	-15.04761905
207547.9623	-14.94179894
208337.9229	-14.84656085
209127.8835	-14.76190476
209948.2272	-14.71957672
210768.571	-14.71957672
211588.9147	-14.74074074
212409.2584	-14.78306878
213199.219	-14.85714286
213958.7966	-14.95238095
214718.3741	-15.04761905
215477.9516	-15.15343915
216207.146	-15.26984127
216905.9573	-15.3968254
217665.5349	-15.51322751
218425.1124	-15.61904762
219184.6899	-15.72486772
219913.8843	-15.84126984
220643.0788	-15.96825397
221372.2732	-16.0952381
222101.4676	-16.22222222
222800.2789	-16.35978836
223468.7071	-16.50793651
224167.5185	-16.65608466
224866.3298	-16.8042328
225565.1411	-16.97354497
226172.8031	-17.16402116
226719.6989	-17.37566138
227236.2116	-17.5978836
227722.3413	-17.83068783
228178.0878	-18.07407407
228633.8343	-18.30687831
229089.5808	-18.52910053
229545.3273	-18.77248677
230001.0738	-19.01587302
230456.8203	-19.25925926
230882.1838	-19.5026455
231277.1641	-19.74603175
231611.3782	-20.01058201
231915.2092	-20.28571429
232279.8064	-20.53968254
232644.4036	-20.78306878
232978.6177	-21.03703704
233312.8318	-21.3015873
233647.0459	-21.55555556
233950.8769	-21.82010582
234193.9418	-22.0952381
234437.0066	-22.37037037
234710.4545	-22.63492063
235014.2855	-22.8994709
235318.1165	-23.16402116
235621.9475	-23.42857143
235956.1616	-23.68253968
236259.9926	-23.94708995
236594.2067	-24.21164021
236958.8039	-24.46560847
237353.7842	-24.70899471
237779.1477	-24.96296296
238204.5111	-25.20634921
238569.1083	-25.46031746
238933.7055	-25.72486772
239267.9196	-25.98941799
239662.8999	-26.23280423
240118.6464	-26.46560847
240574.3929	-26.6984127
241060.5226	-26.92063492
241668.1846	-27.11111111
242336.6128	-27.29100529
243035.4241	-27.44973545
243764.6185	-27.57671958
244554.5792	-27.64021164
245374.9229	-27.64021164
246195.2666	-27.60846561
246985.2272	-27.58730159
247805.571	-27.56613757
248595.5316	-27.52380952
249385.4922	-27.46031746
250205.8359	-27.3968254
250995.7966	-27.31216931
251755.3741	-27.20634921
252484.5685	-27.07936508
253213.7629	-26.96296296
253942.9573	-26.83597884
254611.3856	-26.67724868
255310.1969	-26.51851852
255978.6251	-26.35978836
256647.0533	-26.2010582
257285.0984	-26.02116402
257862.3774	-25.82010582
258470.0394	-25.61904762
259077.7014	-25.41798942
259594.2141	-25.1957672
260080.3437	-24.96296296
260627.2395	-24.73015873
261265.2847	-24.55026455
261994.4791	-24.44444444
262784.4397	-24.38095238
263604.7834	-24.32804233
264425.1272	-24.28571429
265245.4709	-24.25396825
266065.8146	-24.22222222
266886.1583	-24.2010582
267706.5021	-24.19047619
268526.8458	-24.19047619
269347.1895	-24.19047619
270167.5332	-24.19047619
270987.8769	-24.19047619
271808.2207	-24.19047619
272628.5644	-24.21164021
273418.525	-24.25396825
274238.8687	-24.2962963
275059.2125	-24.33862434
275879.5562	-24.39153439
276699.8999	-24.44444444
277520.2436	-24.47619048
278340.5874	-24.48677249
279160.9311	-24.51851852
279950.8917	-24.57142857
280740.8523	-24.62433862
281561.1961	-24.66666667
282381.5398	-24.6984127
283171.5004	-24.73015873
283991.8441	-24.77248677
284781.8048	-24.82539683
285602.1485	-24.85714286
286422.4922	-24.88888889
287242.8359	-24.91005291
288063.1797	-24.92063492
288883.5234	-24.95238095
289703.8671	-24.98412698
290524.2108	-25.00529101
291344.5546	-25.00529101
292164.8983	-25.00529101
292985.242	-25.03703704
293775.2026	-25.1005291
294565.1632	-25.1957672
295324.7408	-25.29100529
296084.3183	-25.40740741
296813.5127	-25.52380952
297573.0902	-25.64021164
298302.2847	-25.76719577
299001.096	-25.9047619
299730.2904	-26.04232804
300429.1017	-26.2010582
301097.5299	-26.38095238
301735.5751	-26.57142857
302282.4709	-26.79365079
302768.6005	-27.02645503
303315.4963	-27.24867725
303923.1583	-27.43915344
304561.2034	-27.62962963
305168.8655	-27.83068783
305654.9951	-28.06349206
306049.9754	-28.30687831
306444.9557	-28.55026455
306809.5529	-28.81481481
307174.1501	-29.07936508
307538.7473	-29.32275132
307872.9614	-29.57671958
308176.7925	-29.84126984
308480.6235	-30.10582011
308845.2207	-30.34920635
309240.201	-30.59259259
309604.7982	-30.85714286
309969.3954	-31.11111111
310333.9926	-31.36507937
310637.8236	-31.62962963
310911.2715	-31.89417989
311245.4856	-32.15873016
311610.0829	-32.4021164
311974.6801	-32.65608466
312278.5111	-32.92063492
312612.7252	-33.18518519
312977.3224	-33.43915344
313311.5365	-33.7037037
313615.3675	-33.95767196
313949.5816	-34.22222222
314344.5619	-34.47619048
314739.5422	-34.71957672
315073.7564	-34.98412698
315377.5874	-35.24867725
315651.0353	-35.52380952
315924.4832	-35.78835979
316228.3142	-36.05291005
316532.1452	-36.31746032
316805.5931	-36.58201058
317109.4241	-36.84656085
317382.872	-37.11111111
317656.3199	-37.37566138
317929.7678	-37.65079365
318233.5989	-37.91534392
318507.0468	-38.17989418
318780.4947	-38.45502646
319053.9426	-38.74074074
319448.9229	-38.99470899
320026.2018	-39.12169312
320694.63	-39.07936508
321241.5258	-38.88888889
321606.1231	-38.62433862
321879.571	-38.34920635
322122.6358	-38.07407407
322335.3175	-37.7989418
322608.7654	-37.53439153
322912.5964	-37.28042328
323277.1936	-37.02645503
323581.0246	-36.76190476
323763.3232	-36.47619048
323884.8556	-36.19047619
324067.1542	-35.91534392
324310.219	-35.65079365
324553.2838	-35.38624339
324765.9655	-35.11111111
324978.6473	-34.83597884
325191.329	-34.56084656
325464.7769	-34.28571429
325798.991	-34.03174603
326193.9713	-33.78835979
326528.1854	-33.53439153
326801.6333	-33.25925926
327075.0812	-32.98412698
327348.5291	-32.70899471
327652.3601	-32.44444444
327986.5742	-32.19047619
328320.7884	-31.92592593
328655.0025	-31.66137566
329019.5997	-31.40740741
329414.58	-31.16402116
329779.1772	-30.92063492
330143.7744	-30.67724868
330569.1378	-30.43386243
330964.1181	-30.19047619
331359.0984	-29.94708995
331723.6957	-29.68253968
332088.2929	-29.42857143
332452.8901	-29.17460317
332817.4873	-28.92063492
333182.0845	-28.66666667
333546.6817	-28.41269841
333911.2789	-28.15873016
334275.8761	-27.9047619
334640.4733	-27.65079365
334974.6874	-27.3968254
335308.9016	-27.14285714
335673.4988	-26.88888889
336038.096	-26.63492063
336402.6932	-26.37037037
336736.9073	-26.11640212
337040.7383	-25.85185185
337405.3355	-25.5978836
337861.082	-25.35449735
338377.5947	-25.14285714
338924.4906	-24.93121693
339410.6202	-24.6984127
339866.3667	-24.46560847
340291.7301	-24.22222222
340686.7104	-23.97883598
341112.0738	-23.73544974
341507.0541	-23.49206349
341871.6514	-23.22751323
342236.2486	-22.97354497
342600.8458	-22.71957672
342995.8261	-22.47619048
343481.9557	-22.24338624
343998.4684	-22.02116402
344454.2149	-21.78835979
344879.5783	-21.54497354
345396.0911	-21.32275132
345973.37	-21.11111111
346611.4151	-20.92063492
347279.8433	-20.75132275
347948.2715	-20.6031746
348707.8491	-20.48677249
349497.8097	-20.39153439
350287.7703	-20.30687831
351077.7309	-20.25396825
351898.0747	-20.2010582
352718.4184	-20.14814815
353508.379	-20.10582011
354328.7227	-20.08465608
355149.0664	-20.07407407
355969.4102	-20.07407407
356789.7539	-20.07407407
357610.0976	-20.07407407
358430.4413	-20.07407407
359250.7851	-20.08465608
360071.1288	-20.11640212
360861.0894	-20.16931217
361651.05	-20.22222222
362441.0107	-20.27513228
363261.3544	-20.32804233
364051.315	-20.39153439
364841.2756	-20.45502646
365661.6194	-20.48677249
366481.9631	-20.4973545
367302.3068	-20.4973545
368122.6505	-20.4973545
368942.9943	-20.4973545
369763.338	-20.4973545
370583.6817	-20.4973545
371404.0254	-20.4973545
372224.3692	-20.46560847
373014.3298	-20.4021164
373834.6735	-20.35978836
374655.0172	-20.33862434
375475.361	-20.33862434
376295.7047	-20.32804233
377085.6653	-20.27513228
377875.6259	-20.2010582
378665.5865	-20.14814815
379485.9303	-20.11640212
380306.274	-20.11640212
381126.6177	-20.11640212
381946.9614	-20.08465608
382736.9221	-20.04232804
383557.2658	-20.01058201
384377.6095	-19.98941799
385197.9532	-19.96825397
386018.297	-19.94708995
386838.6407	-19.92592593
387658.9844	-19.9047619
388479.3281	-19.87301587
389269.2888	-19.83068783
390089.6325	-19.77777778
390879.5931	-19.71428571
391669.5537	-19.64021164
392459.5144	-19.57671958
393249.475	-19.51322751
394069.8187	-19.47089947
394890.1624	-19.42857143
395710.5062	-19.38624339
396500.4668	-19.34391534
397320.8105	-19.3015873
398110.7711	-19.25925926
398900.7317	-19.22751323
399721.0755	-19.21693122
400541.4192	-19.18518519
401361.7629	-19.13227513
402151.7235	-19.08994709
402972.0673	-19.03703704
403762.0279	-18.98412698
404551.9885	-18.93121693
405341.9491	-18.87830688
406162.2929	-18.83597884
406952.2535	-18.77248677
407772.5972	-18.70899471
408562.5578	-18.64550265
409352.5185	-18.57142857
410142.4791	-18.50793651
410962.8228	-18.45502646
411752.7834	-18.41269841
412573.1272	-18.37037037
413363.0878	-18.32804233
414183.4315	-18.28571429
415003.7752	-18.24338624
415824.1189	-18.2010582
416644.4627	-18.15873016
417434.4233	-18.0952381
418224.3839	-18.04232804
419044.7276	-17.97883598
419834.6883	-17.9047619
420624.6489	-17.85185185
421444.9926	-17.82010582
422265.3363	-17.78835979
423085.6801	-17.75661376
423906.0238	-17.72486772
424726.3675	-17.71428571
425546.7112	-17.71428571
426367.055	-17.71428571
427187.3987	-17.71428571
428007.7424	-17.71428571
428828.0861	-17.71428571
429648.4299	-17.71428571
430468.7736	-17.71428571
431289.1173	-17.7037037
432109.461	-17.72486772
432899.4217	-17.78835979
433689.3823	-17.85185185
434479.3429	-17.91534392
435269.3035	-17.96825397
436089.6473	-18
436909.991	-18.01058201
437730.3347	-18.02116402
438550.6784	-18.03174603
439371.0221	-18.05291005
440191.3659	-18.10582011
441011.7096	-18.16931217
441801.6702	-18.22222222
442591.6308	-18.2962963
443381.5915	-18.37037037
444171.5521	-18.42328042
444961.5127	-18.48677249
445751.4733	-18.53968254
446571.8171	-18.59259259
447361.7777	-18.65608466
448151.7383	-18.71957672
448941.6989	-18.79365079
449701.2765	-18.88888889
450400.0878	-19.01587302
451129.2822	-19.13227513
451888.8597	-19.23809524
452678.8203	-19.32275132
453468.781	-19.3968254
454258.7416	-19.48148148
455048.7022	-19.56613757
455838.6628	-19.66137566
456567.8573	-19.77777778
457297.0517	-19.9047619
458026.2461	-20.03174603
458755.4405	-20.15873016
459484.6349	-20.26455026
460244.2125	-20.35978836
461003.79	-20.45502646
461763.3675	-20.56084656
462522.945	-20.66666667
463252.1395	-20.8042328
463950.9508	-20.96296296
464619.379	-21.13227513
465287.8072	-21.28042328
466017.0016	-21.40740741
466715.813	-21.55555556
467384.2412	-21.71428571
468083.0525	-21.86243386
468751.4807	-22.03174603
469389.5258	-22.21164021
470057.9541	-22.38095238
470756.7654	-22.52910053
471485.9598	-22.64550265
472245.5373	-22.75132275
472974.7317	-22.88888889
473643.16	-23.04761905
474311.5882	-23.20634921
475010.3995	-23.33333333
475769.977	-23.44973545
476499.1715	-23.58730159
477167.5997	-23.74603175
477866.411	-23.88359788
478595.6054	-24
479294.4167	-24.12698413
479962.845	-24.27513228
480692.0394	-24.41269841
481421.2338	-24.53968254
482180.8113	-24.64550265
482940.3888	-24.75132275
483699.9664	-24.85714286
484489.927	-24.96296296
485279.8876	-25.05820106
486069.8482	-25.14285714
486829.4258	-25.22751323
487619.3864	-25.31216931
488378.9639	-25.3968254
489168.9245	-25.48148148
489958.8852	-25.55555556
490748.8458	-25.5978836
491569.1895	-25.60846561
492389.5332	-25.5978836
493209.8769	-25.5978836
494030.2207	-25.60846561
494850.5644	-25.61904762
495670.9081	-25.61904762
496491.2518	-25.61904762
497311.5956	-25.60846561
498131.9393	-25.58730159
498952.283	-25.57671958
499772.6267	-25.57671958
500592.9705	-25.56613757
501413.3142	-25.54497354
502233.6579	-25.52380952
503054.0016	-25.49206349
503874.3454	-25.46031746
504664.306	-25.40740741
505454.2666	-25.32275132
506244.2272	-25.23809524
507003.8048	-25.15343915
507793.7654	-25.05820106
508553.3429	-24.97354497
509343.3035	-24.88888889
510102.8811	-24.79365079
510892.8417	-24.6984127
511652.4192	-24.6031746
512442.3798	-24.51851852
513232.3404	-24.45502646
514022.3011	-24.35978836
514812.2617	-24.26455026
515602.2223	-24.2010582
516422.566	-24.15873016
517212.5267	-24.0952381
517972.1042	-24.01058201
518762.0648	-23.94708995
519582.4085	-23.9047619
520402.7523	-23.86243386
521223.096	-23.83068783
522043.4397	-23.80952381
522863.7834	-23.78835979
523684.1272	-23.78835979
524504.4709	-23.78835979
525324.8146	-23.78835979
526145.1583	-23.78835979
526965.5021	-23.78835979
527785.8458	-23.77777778
528606.1895	-23.75661376
529426.5332	-23.76719577
530246.8769	-23.80952381
531036.8376	-23.86243386
531857.1813	-23.92592593
532647.1419	-24.01058201
533437.1025	-24.08465608
534227.0632	-24.15873016
535017.0238	-24.24338624
535746.2182	-24.34920635
536505.7957	-24.45502646
537234.9902	-24.56084656
537994.5677	-24.66666667
538754.1452	-24.79365079
539452.9565	-24.94179894
540151.7678	-25.1005291
540820.1961	-25.25925926
541458.2412	-25.43915344
542096.2863	-25.64021164
542764.7145	-25.80952381
543463.5258	-25.94708995
544162.3372	-26.07407407
544891.5316	-26.19047619
545620.726	-26.31746032
546349.9204	-26.45502646
547048.7317	-26.59259259
547686.7769	-26.76190476
548294.4389	-26.96296296
548962.8671	-27.14285714
549692.0615	-27.28042328
550390.8728	-27.40740741
551120.0673	-27.53439153
551818.8786	-27.67195767
552548.073	-27.82010582
553277.2674	-27.96825397
553976.0788	-28.12698413
554614.1239	-28.2962963
555282.5521	-28.45502646
555981.3634	-28.6031746
556680.1747	-28.74074074
557439.7523	-28.86772487
558168.9467	-29.00529101
558898.1411	-29.13227513
559627.3355	-29.26984127
560356.5299	-29.40740741
561116.1075	-29.52380952
561875.685	-29.62962963
562665.6456	-29.72486772
563455.6062	-29.82010582
564215.1838	-29.91534392
565005.1444	-30.01058201
565795.105	-30.10582011
566585.0656	-30.16931217
567375.0263	-30.22222222
568164.9869	-30.28571429
568954.9475	-30.34920635
569775.2912	-30.39153439
570595.6349	-30.41269841
571415.9787	-30.42328042
572236.3224	-30.43386243
573056.6661	-30.42328042
573877.0098	-30.41269841
574697.3536	-30.4021164
575517.6973	-30.39153439
576338.041	-30.37037037
577128.0016	-30.34920635
577948.3454	-30.2962963
578738.306	-30.23280423
579528.2666	-30.17989418
580318.2272	-30.14814815
581108.1879	-30.0952381
581898.1485	-30.03174603
582688.1091	-29.97883598
583478.0697	-29.9047619
584237.6473	-29.7989418
584936.4586	-29.67195767
585665.653	-29.53439153
586425.2305	-29.42857143
587215.1911	-29.36507937
588035.5349	-29.31216931
588825.4955	-29.23809524
589554.6899	-29.12169312
590253.5012	-28.98412698
590982.6957	-28.84656085
591681.507	-28.70899471
592410.7014	-28.58201058
593200.662	-28.47619048
593960.2395	-28.38095238
594750.2002	-28.2962963
595509.7777	-28.2010582
596269.3552	-28.10582011
597059.3158	-28.02116402
597818.8934	-27.94708995
598608.854	-27.87301587
599368.4315	-27.77777778
600097.6259	-27.65079365
600857.2034	-27.52380952
601586.3979	-27.38624339
602315.5923	-27.24867725
603075.1698	-27.14285714
603865.1304	-27.06878307
604655.0911	-26.98412698
605445.0517	-26.8994709
606235.0123	-26.82539683
607024.9729	-26.76190476
607814.9336	-26.68783069
608574.5111	-26.6031746
609334.0886	-26.50793651
610124.0492	-26.43386243
610914.0098	-26.38095238
611703.9705	-26.30687831
612463.548	-26.22222222
613253.5086	-26.14814815
614073.8523	-26.07407407
614863.813	-25.98941799
615623.3905	-25.89417989
616413.3511	-25.7989418
617203.3117	-25.71428571
617993.2724	-25.64021164
618783.233	-25.57671958
619573.1936	-25.5026455
620363.1542	-25.42857143
621183.4979	-25.36507937
622003.8417	-25.32275132
622793.8023	-25.28042328
623614.146	-25.21693122
624404.1066	-25.15343915
625224.4504	-25.11111111
626014.411	-25.05820106
626804.3716	-24.97354497
627594.3322	-24.86772487
628353.9098	-24.77248677
629143.8704	-24.6984127
629964.2141	-24.64550265
630723.7916	-24.57142857
631483.3692	-24.48677249
632303.7129	-24.41269841
633093.6735	-24.35978836
633883.6341	-24.2962963
634673.5947	-24.21164021
635463.5554	-24.13756614
636253.516	-24.05291005
637013.0935	-23.94708995
637772.671	-23.82010582
638532.2486	-23.7037037
639261.443	-23.57671958
639960.2543	-23.42857143
640689.4487	-23.29100529
641418.6432	-23.16402116
642178.2207	-23.04761905
642877.032	-22.91005291
643575.8433	-22.77248677
644335.4208	-22.66666667
645094.9984	-22.57142857
645854.5759	-22.48677249
646644.5365	-22.42328042
647434.4971	-22.35978836
648224.4578	-22.27513228
648984.0353	-22.16931217
649743.6128	-22.06349206
650533.5734	-21.96825397
651323.534	-21.89417989
652113.4947	-21.82010582
652903.4553	-21.75661376
653723.799	-21.68253968
654513.7596	-21.5978836
655303.7203	-21.52380952
656124.064	-21.48148148
656914.0246	-21.44973545
657734.3683	-21.40740741
658524.329	-21.36507937
659344.6727	-21.34391534
660165.0164	-21.33333333
660985.3601	-21.31216931
661805.7039	-21.29100529
662626.0476	-21.25925926
663446.3913	-21.23809524
664266.735	-21.23809524
665087.0788	-21.23809524
665907.4225	-21.23809524
666727.7662	-21.23809524
667548.1099	-21.23809524
668368.4537	-21.23809524
669188.7974	-21.23809524
670009.1411	-21.23809524
670829.4848	-21.23809524
671649.8285	-21.21693122
672439.7892	-21.17460317
673260.1329	-21.14285714
674080.4766	-21.11111111
674900.8203	-21.1005291
675721.1641	-21.1005291
676541.5078	-21.1005291
677361.8515	-21.07936508
678182.1952	-21.04761905
679002.539	-21.00529101
679822.8827	-20.97354497
680643.2264	-20.93121693
681433.187	-20.87830688
682253.5308	-20.82539683
683073.8745	-20.79365079
683894.2182	-20.76190476
684714.5619	-20.73015873
685534.9057	-20.70899471
686355.2494	-20.66666667
687175.5931	-20.62433862
687995.9368	-20.59259259
688816.2806	-20.56084656
689636.6243	-20.4973545
690396.2018	-20.42328042
691186.1624	-20.34920635
691976.1231	-20.27513228
692766.0837	-20.22222222
693586.4274	-20.19047619
694406.7711	-20.15873016
695227.1148	-20.0952381
695986.6924	-20.01058201
696776.653	-19.93650794
697596.9967	-19.87301587
698386.9573	-19.80952381
699176.918	-19.74603175
699966.8786	-19.68253968
700756.8392	-19.61904762
701577.1829	-19.56613757
702397.5267	-19.51322751
703187.4873	-19.43915344
703947.0648	-19.34391534
704737.0254	-19.24867725
705526.9861	-19.17460317
706316.9467	-19.11111111
707106.9073	-19.03703704
707896.8679	-18.96296296
708686.8285	-18.8994709
709476.7892	-18.82539683
710236.3667	-18.73015873
711026.3273	-18.63492063
711785.9048	-18.52910053
712545.4824	-18.43386243
713335.443	-18.35978836
714125.4036	-18.2962963
714945.7473	-18.23280423
715735.708	-18.16931217
716525.6686	-18.10582011
717315.6292	-18.03174603
718075.2067	-17.94708995
718834.7842	-17.85185185
719594.3618	-17.76719577
720414.7055	-17.71428571
721235.0492	-17.66137566
722055.3929	-17.60846561
722845.3536	-17.55555556
723665.6973	-17.51322751
724455.6579	-17.47089947
725245.6185	-17.40740741
726035.5792	-17.34391534
726825.5398	-17.28042328
727615.5004	-17.21693122
728405.461	-17.13227513
729165.0386	-17.04761905
729954.9992	-16.97354497
730775.3429	-16.92063492
731565.3035	-16.84656085
732324.8811	-16.76190476
733114.8417	-16.67724868
733904.8023	-16.61375661
734725.146	-16.57142857
735545.4897	-16.53968254
736365.8335	-16.50793651
737186.1772	-16.47619048
737976.1378	-16.42328042
738796.4815	-16.35978836
739586.4422	-16.30687831
740406.7859	-16.27513228
741196.7465	-16.23280423
742017.0902	-16.2010582
742837.434	-16.19047619
743657.7777	-16.19047619
744478.1214	-16.19047619
745298.4651	-16.17989418
746118.8089	-16.15873016
746939.1526	-16.15873016
747759.4963	-16.16931217
748579.84	-16.17989418
749400.1838	-16.19047619
750220.5275	-16.21164021
751040.8712	-16.24338624
751861.2149	-16.2962963
752651.1756	-16.35978836
753471.5193	-16.4021164
754291.863	-16.43386243
755112.2067	-16.45502646
755932.5505	-16.47619048
756752.8942	-16.51851852
757542.8548	-16.55026455
758363.1985	-16.57142857
759183.5422	-16.59259259
759973.5029	-16.62433862
760793.8466	-16.66666667
761614.1903	-16.6984127
762434.534	-16.74074074
763254.8778	-16.77248677
764075.2215	-16.8042328
764865.1821	-16.85714286
765655.1427	-16.92063492
766475.4865	-16.97354497
767295.8302	-17.01587302
768116.1739	-17.06878307
768906.1345	-17.13227513
769726.4783	-17.18518519
770546.822	-17.22751323
771367.1657	-17.24867725
772187.5094	-17.29100529
773007.8532	-17.35449735
773797.8138	-17.41798942
774618.1575	-17.47089947
775408.1181	-17.5026455
776228.4619	-17.55555556
777018.4225	-17.62962963
777808.3831	-17.69312169
778628.7268	-17.74603175
779418.6874	-17.7989418
780208.6481	-17.86243386
780998.6087	-17.93650794
781788.5693	-18
782578.5299	-18.06349206
783398.8737	-18.12698413
784188.8343	-18.2010582
784978.7949	-18.28571429
785768.7555	-18.37037037
786558.7162	-18.44444444
787348.6768	-18.52910053
788138.6374	-18.61375661
788928.598	-18.68783069
789718.5587	-18.77248677
790508.5193	-18.86772487
791298.4799	-18.96296296
792088.4405	-19.04761905
792848.018	-19.15343915
793577.2125	-19.26984127
794336.79	-19.37566138
795096.3675	-19.48148148
795825.5619	-19.60846561
796493.9902	-19.74603175
797192.8015	-19.87301587
797952.379	-20
798681.5734	-20.13756614
799350.0016	-20.2962963
799988.0468	-20.46560847
800656.475	-20.61375661
801355.2863	-20.76190476
802023.7145	-20.91005291
802692.1427	-21.06878307
803360.571	-21.24867725
804028.9992	-21.42857143
804727.8105	-21.57671958
805426.6218	-21.71428571
806155.8162	-21.84126984
806854.6276	-21.96825397
807614.2051	-22.07407407
808373.7826	-22.17989418
809072.5939	-22.31746032
809771.4053	-22.46560847
810500.5997	-22.59259259
811229.7941	-22.71957672
811958.9885	-22.84656085
812688.1829	-22.97354497
813417.3774	-23.1005291
814176.9549	-23.21693122
814936.5324	-23.32275132
815665.7268	-23.42857143
816394.9212	-23.53439153
817124.1157	-23.64021164
817914.0763	-23.73544974
818704.0369	-23.80952381
819493.9975	-23.87301587
820314.3413	-23.93650794
821104.3019	-24.01058201
821894.2625	-24.06349206
822714.6062	-24.06349206
823534.95	-24.03174603
824355.2937	-24.01058201
825175.6374	-24
825995.9811	-24
826816.3249	-24
827636.6686	-24
828457.0123	-24
829277.356	-24
830097.6998	-24
830918.0435	-24
831738.3872	-23.98941799
832558.7309	-23.98941799
833379.0747	-23.96825397
834169.0353	-23.92592593
834989.379	-23.9047619
835809.7227	-23.89417989
836630.0664	-23.86243386
837420.0271	-23.82010582
838240.3708	-23.77777778
839030.3314	-23.71428571
839820.292	-23.66137566
840640.6358	-23.60846561
841430.5964	-23.53439153
842220.557	-23.47089947
843040.9007	-23.41798942
843861.2445	-23.37566138
844681.5882	-23.34391534
845501.9319	-23.32275132
846322.2756	-23.28042328
847142.6194	-23.22751323
847932.58	-23.14285714
848692.1575	-23.04761905
849451.735	-22.97354497
850272.0788	-22.92063492
851062.0394	-22.84656085
851821.6169	-22.76190476
852611.5775	-22.6984127
853431.9212	-22.64550265
854252.265	-22.59259259
855072.6087	-22.53968254
855862.5693	-22.46560847
856652.5299	-22.38095238
857412.1075	-22.2962963
858202.0681	-22.22222222
859022.4118	-22.16931217
859812.3724	-22.10582011
860632.7162	-22.05291005
861453.0599	-22.01058201
862273.4036	-21.97883598
863063.3642	-21.92592593
863883.708	-21.87301587
864704.0517	-21.84126984
865524.3954	-21.80952381
866314.356	-21.76719577
867134.6998	-21.7037037
867924.6604	-21.62962963
868745.0041	-21.57671958
869565.3478	-21.54497354
870385.6916	-21.51322751
871206.0353	-21.48148148
871995.9959	-21.44973545
872816.3396	-21.42857143
873636.6833	-21.40740741
874457.0271	-21.36507937
875277.3708	-21.33333333
876097.7145	-21.3015873
876918.0582	-21.28042328
877738.402	-21.26984127
878558.7457	-21.25925926
879379.0894	-21.24867725
880199.4331	-21.23809524
881019.7769	-21.21693122
881809.7375	-21.1957672
882630.0812	-21.1957672
883450.4249	-21.21693122
884270.7687	-21.23809524
885091.1124	-21.23809524
885911.4561	-21.24867725
886731.7998	-21.25925926
887552.1436	-21.26984127
888372.4873	-21.28042328
889192.831	-21.28042328
890013.1747	-21.28042328
890833.5185	-21.28042328
891653.8622	-21.28042328
892474.2059	-21.28042328
893294.5496	-21.28042328
894114.8934	-21.28042328
894935.2371	-21.28042328
895755.5808	-21.28042328
896575.9245	-21.28042328
897396.2683	-21.26984127
898216.612	-21.24867725
899036.9557	-21.23809524
899857.2994	-21.23809524
900677.6432	-21.23809524
901497.9869	-21.23809524
902318.3306	-21.23809524
903138.6743	-21.23809524
903959.018	-21.23809524
904779.3618	-21.23809524
905599.7055	-21.23809524
906420.0492	-21.23809524
907240.3929	-21.23809524
908060.7367	-21.24867725
908881.0804	-21.28042328
909701.4241	-21.31216931
910521.7678	-21.34391534
911342.1116	-21.37566138
912162.4553	-21.41798942
912982.799	-21.46031746
913772.7596	-21.5026455
914593.1034	-21.53439153
915413.4471	-21.56613757
916203.4077	-21.61904762
917023.7514	-21.66137566
917813.7121	-21.7037037
918634.0558	-21.74603175
919454.3995	-21.78835979
920274.7432	-21.83068783
921064.7039	-21.87301587
921885.0476	-21.9047619
922705.3913	-21.92592593
923495.3519	-21.95767196
924315.6957	-21.97883598
925136.0394	-22
925956.3831	-22.03174603
926776.7268	-22.07407407
927597.0705	-22.11640212
928387.0312	-22.15873016
929207.3749	-22.19047619
930027.7186	-22.22222222
930817.6792	-22.27513228
931638.023	-22.31746032
932427.9836	-22.35978836
933248.3273	-22.4021164
934068.671	-22.43386243
934889.0148	-22.45502646
935709.3585	-22.46560847
936529.7022	-22.48677249
937350.0459	-22.48677249
938170.3897	-22.48677249
938990.7334	-22.50793651
939811.0771	-22.51851852
940631.4208	-22.51851852
941451.7646	-22.53968254
942272.1083	-22.56084656
943092.452	-22.56084656
943912.7957	-22.56084656
944733.1395	-22.56084656
945553.4832	-22.56084656
946373.8269	-22.56084656
947194.1706	-22.52910053
947984.1313	-22.48677249
948804.475	-22.45502646
949594.4356	-22.41269841
950414.7793	-22.37037037
951204.74	-22.31746032
952025.0837	-22.28571429
952845.4274	-22.25396825
953635.388	-22.19047619
954425.3486	-22.10582011
955215.3093	-22.02116402
956005.2699	-21.95767196
956825.6136	-21.9047619
957645.9573	-21.84126984
958435.918	-21.77777778
959256.2617	-21.72486772
960046.2223	-21.64021164
960775.4167	-21.53439153
961534.9943	-21.43915344
962324.9549	-21.35449735
963114.9155	-21.28042328
963904.8761	-21.21693122
964694.8368	-21.16402116
965515.1805	-21.11111111
966305.1411	-21.06878307
967125.4848	-21.03703704
967915.4454	-20.99470899
968735.7892	-20.93121693
969525.7498	-20.84656085
970315.7104	-20.77248677
971105.671	-20.70899471
971895.6317	-20.63492063
972685.5923	-20.55026455
973475.5529	-20.46560847
974235.1304	-20.39153439
975055.4742	-20.34920635
975875.8179	-20.32804233
976696.1616	-20.30687831
977516.5053	-20.25396825
978306.466	-20.19047619
979096.4266	-20.12698413
979886.3872	-20.06349206
980676.3478	-20
981466.3084	-19.93650794
982286.6522	-19.88359788
983076.6128	-19.84126984
983896.9565	-19.82010582
984717.3002	-19.80952381
985537.644	-19.77777778
986357.9877	-19.73544974
987147.9483	-19.69312169
987968.292	-19.67195767
988788.6358	-19.65079365
989608.9795	-19.62962963
990429.3232	-19.60846561
991249.6669	-19.5978836
992070.0107	-19.5978836
992890.3544	-19.5978836
993710.6981	-19.5978836
994531.0418	-19.5978836
995351.3856	-19.5978836
996171.7293	-19.58730159
996992.073	-19.5978836
997812.4167	-19.62962963
998632.7605	-19.67195767
999453.1042	-19.7037037
	
	
	
	
	
	
	
	
	
	
	
	
	
	
	
	
	
	
	
	
	
	
	
	
	
	
	
	
	
	
	
	
	
	
	
	
	
	
	
	
	
	
	
	
	
	
	
	
	
	
	
	
	
	
	
	
	
	
	
	
	
	
	
	
	
	
	
	
	
	
	
	
	
	
	
	
	
	
	
	
	
	
	
	
	
	
	
	
	
	
	
