   2.9000000e+01  -3.2179179e+01  -3.3242973e+01		
   3.8000000e+01  -3.4299025e+01  -3.5384787e+01		
   4.7000000e+01  -3.5916376e+01  -3.7232418e+01		
   5.6000000e+01  -3.7611478e+01  -3.8526624e+01		
   6.5000000e+01  -3.8810532e+01  -4.0272278e+01		
   7.4000000e+01  -4.0337058e+01  -4.1875777e+01		
   8.3000000e+01  -4.1503404e+01  -4.2975531e+01		
   9.2000000e+01  -4.2410137e+01  -4.3980315e+01		
   1.0100000e+02  -4.3525136e+01  -4.5372857e+01		
   1.1000000e+02  -4.4878092e+01  -4.6975652e+01		
   1.1900000e+02  -4.5848896e+01  -4.8083213e+01		
   1.2800000e+02  -4.7327796e+01  -4.9444069e+01		
   1.3700000e+02  -4.8775124e+01  -5.0708877e+01		
   1.4600000e+02  -4.9641418e+01  -5.1747068e+01		
   1.5500000e+02  -5.1528616e+01  -5.3850780e+01		
   1.6400000e+02  -5.2833418e+01  -5.5321732e+01		
   1.7300000e+02  -5.4255195e+01  -5.8193638e+01		
   1.8200000e+02  -5.5648815e+01  -6.1214833e+01		
   1.9100000e+02  -5.8593365e+01  -6.4180822e+01		
   2.0000000e+02  -6.1806649e+01  -6.9872623e+01		
   2.0324492e+02  -6.3756485e+01  -7.1403942e+01		
   2.0654248e+02  -6.5638357e+01  -7.3076387e+01		
   2.0989355e+02  -6.7474914e+01  -7.2740336e+01		
   2.1329899e+02  -6.9215594e+01  -6.9812394e+01		
   2.1675968e+02  -7.2296159e+01  -6.9673814e+01		
   2.2027651e+02  -7.2592850e+01  -6.7738597e+01		
   2.2385041e+02  -7.2161669e+01  -6.5963522e+01		
   2.2748229e+02  -6.8879958e+01  -6.4430615e+01		
   2.3117310e+02  -6.7193735e+01  -6.1103955e+01		
   2.3492379e+02  -6.5729183e+01  -6.0871612e+01		
   2.3873533e+02  -6.3900326e+01  -5.8842431e+01		
   2.4260871e+02  -6.1914463e+01  -5.8226412e+01		
   2.4654494e+02  -6.1520251e+01  -5.7598913e+01		
   2.5054503e+02  -5.9479544e+01  -5.7017898e+01		
   2.5461002e+02  -5.9062211e+01  -5.6425077e+01		
   2.5874097e+02  -5.8565698e+01  -5.5850391e+01		
   2.6293893e+02  -5.6551034e+01  -5.5291439e+01		
   2.6720501e+02  -5.5997958e+01  -5.4730740e+01		
   2.7154030e+02  -5.5387521e+01  -5.4179231e+01		
   2.7594593e+02  -5.4799232e+01  -5.3614393e+01		
   2.8042304e+02  -5.4248754e+01  -5.2998027e+01		
   2.8497279e+02  -5.3703676e+01  -5.2417844e+01		
   2.8959636e+02  -5.3144512e+01  -5.1886827e+01		
   2.9429494e+02  -5.2601878e+01  -5.1341617e+01		
   2.9906976e+02  -5.2056801e+01  -5.0815865e+01		
   3.0392204e+02  -5.1502150e+01  -5.0344024e+01		
   3.0885305e+02  -5.0999030e+01  -4.9872520e+01		
   3.1386407e+02  -5.0577881e+01  -4.9441151e+01		
   3.1895638e+02  -5.0203012e+01  -4.9034131e+01		
   3.2413132e+02  -4.9800487e+01  -4.8595124e+01		
   3.2939022e+02  -5.0121544e+01  -4.8234636e+01		
   3.3473444e+02  -4.9703650e+01  -4.8523599e+01		
   3.4016537e+02  -4.9201862e+01  -4.8156674e+01		
   3.4568441e+02  -4.8715862e+01  -4.7813528e+01		
   3.5129300e+02  -4.8220102e+01  -4.7428466e+01		
   3.5699259e+02  -4.7798919e+01  -4.7021309e+01		
   3.6278465e+02  -4.7477574e+01  -4.6641344e+01		
   3.6867068e+02  -4.7153887e+01  -4.6214675e+01		
   3.7465221e+02  -4.6747566e+01  -4.5747613e+01		
   3.8073079e+02  -4.7068739e+01  -4.6149520e+01		
   3.8690799e+02  -4.6675726e+01  -4.5680232e+01		
   3.9318541e+02  -4.6210268e+01  -4.5249050e+01		
   3.9956469e+02  -4.5808422e+01  -4.4886887e+01		
   4.0604746e+02  -4.5417506e+01  -4.4529157e+01		
   4.1263541e+02  -4.5057472e+01  -4.4135343e+01		
   4.1933025e+02  -4.4757325e+01  -4.3779046e+01		
   4.2613372e+02  -4.4431124e+01  -4.3445831e+01		
   4.3304756e+02  -4.4688333e+01  -4.3086827e+01		
   4.4007358e+02  -4.4359382e+01  -4.3376199e+01		
   4.4721360e+02  -4.3925990e+01  -4.2998161e+01		
   4.5446945e+02  -4.3515294e+01  -4.2559929e+01		
   4.6184303e+02  -4.3228829e+01  -4.2166837e+01		
   4.6933625e+02  -4.3015792e+01  -4.1813304e+01		
   4.7695104e+02  -4.2777181e+01  -4.1457222e+01		
   4.8468937e+02  -4.2491243e+01  -4.1065645e+01		
   4.9255326e+02  -4.2707478e+01  -4.0671989e+01		
   5.0054474e+02  -4.2395340e+01  -4.0310837e+01		
   5.0866587e+02  -4.2021244e+01  -4.0588875e+01		
   5.1691877e+02  -4.1652239e+01  -4.0236605e+01		
   5.2530556e+02  -4.1339244e+01  -3.9944836e+01		
   5.3382843e+02  -4.1011414e+01  -3.9620323e+01		
   5.4248958e+02  -4.0676875e+01  -3.9216083e+01		
   5.5129125e+02  -4.0934052e+01  -3.8827704e+01		
   5.6023572e+02  -4.0605721e+01  -3.8546039e+01		
   5.6932532e+02  -4.0299157e+01  -3.8724909e+01		
   5.7856239e+02  -3.9951819e+01  -3.8472898e+01		
   5.8794933e+02  -3.9563573e+01  -3.8209850e+01		
   5.9748857e+02  -3.9182549e+01  -3.7905770e+01		
   6.0718257e+02  -3.8785920e+01  -3.7559830e+01		
   6.1703386e+02  -3.8448204e+01  -3.7193420e+01		
   6.2704498e+02  -3.8705276e+01  -3.6911471e+01		
   6.3721853e+02  -3.8377999e+01  -3.6694115e+01		
   6.4755714e+02  -3.8070668e+01  -3.6842787e+01		
   6.5806349e+02  -3.7722283e+01  -3.6608504e+01		
   6.6874030e+02  -3.7333241e+01  -3.6251509e+01		
   6.7959034e+02  -3.6926171e+01  -3.5818249e+01		
   6.9061642e+02  -3.6488053e+01  -3.5385035e+01		
   7.0182139e+02  -3.6111277e+01  -3.4990066e+01		
   7.1320815e+02  -3.6400365e+01  -3.4647289e+01		
   7.2477966e+02  -3.6048824e+01  -3.4311897e+01		
   7.3653892e+02  -3.5763649e+01  -3.4559272e+01		
   7.4848896e+02  -3.5485676e+01  -3.4220815e+01		
   7.6063289e+02  -3.5182111e+01  -3.3806017e+01		
   7.7297385e+02  -3.4819784e+01  -3.3323927e+01		
   7.8551503e+02  -3.4452487e+01  -3.2792453e+01		
   7.9825969e+02  -3.4730636e+01  -3.2304682e+01		
   8.1121113e+02  -3.4369990e+01  -3.1884634e+01		
   8.2437270e+02  -3.4044067e+01  -3.1485842e+01		
   8.3774781e+02  -3.3671292e+01  -3.1053643e+01		
   8.5133992e+02  -3.3211741e+01  -3.0557940e+01		
   8.6515256e+02  -3.2761390e+01  -2.9946588e+01		
   8.7918931e+02  -3.2344641e+01  -2.9367043e+01		
   8.9345380e+02  -3.1927361e+01  -2.8842313e+01		
   9.0794972e+02  -3.1520842e+01  -2.8232914e+01		
   9.2268083e+02  -3.1855530e+01  -2.7586856e+01		
   9.3765095e+02  -3.1442534e+01  -2.6963895e+01		
   9.5286396e+02  -3.0987259e+01  -2.6340959e+01		
   9.6832379e+02  -3.0477374e+01  -2.5718048e+01		
   9.8403444e+02  -2.9973286e+01  -2.5105923e+01		
   1.0000000e+03  -2.9487805e+01  -2.4517254e+01		
   1.0110250e+03  -2.8883020e+01  -2.3662386e+01		
   1.0221716e+03  -2.9145948e+01  -2.2827572e+01		
   1.0334411e+03  -2.8531664e+01  -2.2024066e+01		
   1.0448348e+03  -2.7831094e+01  -2.2493258e+01		
   1.0563541e+03  -2.8187834e+01  -2.1634772e+01		
   1.0680004e+03  -2.7455469e+01  -2.0742233e+01		
   1.0797752e+03  -2.6736525e+01  -1.9825174e+01		
   1.0916797e+03  -2.7127833e+01  -2.0399767e+01		
   1.1037155e+03  -2.6411020e+01  -1.9483165e+01		
   1.1158840e+03  -2.5724476e+01  -1.9047672e+01		
   1.1281866e+03  -2.6057957e+01  -1.9138949e+01		
   1.1406249e+03  -2.5370502e+01  -1.9177431e+01		
   1.1532003e+03  -2.4583454e+01  -1.9803576e+01		
   1.1659144e+03  -2.5076738e+01  -1.9365102e+01		
   1.1787686e+03  -2.4323013e+01  -2.0136954e+01		
   1.1917646e+03  -2.3437833e+01  -2.1013915e+01		
   1.2049038e+03  -2.2543732e+01  -2.1920221e+01		
   1.2181879e+03  -2.1689110e+01  -2.1400632e+01		
   1.2316185e+03  -2.0886530e+01  -2.2219436e+01		
   1.2451971e+03  -2.1404889e+01  -2.3030111e+01		
   1.2589254e+03  -2.0603655e+01  -2.3805754e+01		
   1.2728051e+03  -1.9798332e+01  -2.4648359e+01		
   1.2868378e+03  -1.8949571e+01  -2.5534648e+01		
   1.3010252e+03  -1.9445015e+01  -2.6416744e+01		
   1.3153691e+03  -1.8601963e+01  -2.7322960e+01		
   1.3298710e+03  -1.8264668e+01  -2.6683840e+01		
   1.3445329e+03  -1.8308446e+01  -2.7591954e+01		
   1.3593564e+03  -1.8442343e+01  -2.8425743e+01		
   1.3743433e+03  -1.9180399e+01  -2.9108333e+01		
   1.3894955e+03  -1.8688047e+01  -2.8812011e+01		
   1.4048147e+03  -1.9515472e+01  -2.9486251e+01		
   1.4203028e+03  -2.0371287e+01  -3.0292825e+01		
   1.4359617e+03  -2.1137758e+01  -2.9800085e+01		
   1.4517932e+03  -2.1930614e+01  -3.0606375e+01		
   1.4677993e+03  -2.2727701e+01  -3.1354790e+01		
   1.4839818e+03  -2.3573825e+01  -3.2108652e+01		
   1.5003427e+03  -2.4410188e+01  -3.1711320e+01		
   1.5168840e+03  -2.5269896e+01  -3.2496031e+01		
   1.5336077e+03  -2.6132589e+01  -3.3290932e+01		
   1.5505158e+03  -2.5611646e+01  -3.2847507e+01		
   1.5676103e+03  -2.6476906e+01  -3.3631193e+01		
   1.5848932e+03  -2.7338960e+01  -3.4357185e+01		
   1.6023667e+03  -2.8145342e+01  -3.3999670e+01		
   1.6200328e+03  -2.7679541e+01  -3.4722170e+01		
   1.6378937e+03  -2.8453619e+01  -3.5448256e+01		
   1.6559515e+03  -2.9240617e+01  -3.5090721e+01		
   1.6742084e+03  -3.0092412e+01  -3.5827404e+01		
   1.6926666e+03  -2.9572151e+01  -3.6557396e+01		
   1.7113283e+03  -3.0396002e+01  -3.6183724e+01		
   1.7301957e+03  -3.1235406e+01  -3.6915556e+01		
   1.7492712e+03  -3.2107793e+01  -3.7711014e+01		
   1.7685569e+03  -3.2979327e+01  -3.8473058e+01		
   1.7880553e+03  -3.3892041e+01  -3.8075606e+01		
   1.8077687e+03  -3.3183504e+01  -3.8852043e+01		
   1.8276994e+03  -3.4072781e+01  -3.9593245e+01		
   1.8478498e+03  -3.4946589e+01  -3.9236425e+01		
   1.8682224e+03  -3.5814523e+01  -3.9932649e+01		
   1.8888196e+03  -3.6698384e+01  -4.0635070e+01		
   1.9096439e+03  -3.7613178e+01  -4.0278490e+01		
   1.9306977e+03  -3.6975048e+01  -4.1013223e+01		
   1.9519837e+03  -3.7869987e+01  -4.1791837e+01		
   1.9735044e+03  -3.8715000e+01  -4.1348552e+01		
   1.9952623e+03  -3.9552628e+01  -4.2153369e+01		
   2.0172601e+03  -3.9059961e+01  -4.3003858e+01		
   2.0395005e+03  -3.9857550e+01  -4.3882439e+01		
   2.0619860e+03  -4.0645078e+01  -4.4740002e+01		
   2.0847195e+03  -4.1468020e+01  -4.4101322e+01		
   2.1077035e+03  -4.2312353e+01  -4.4958962e+01		
   2.1309410e+03  -4.3160269e+01  -4.5780047e+01		
   2.1544347e+03  -4.4040301e+01  -4.6603814e+01		
   2.1781874e+03  -4.4926384e+01  -4.7467422e+01		
   2.2022019e+03  -4.5770488e+01  -4.8318131e+01		
   2.2264813e+03  -4.6516786e+01  -4.9210331e+01		
   2.2510283e+03  -4.5872419e+01  -5.0074603e+01		
   2.2758459e+03  -4.6753483e+01  -5.0626948e+01		
   2.3009372e+03  -4.7657148e+01  -5.0378252e+01		
   2.3263051e+03  -4.8301614e+01  -5.0594158e+01		
   2.3519526e+03  -4.8063462e+01  -5.0029513e+01		
   2.3778830e+03  -4.8273508e+01  -5.0402306e+01		
   2.4040992e+03  -4.7657838e+01  -4.9672536e+01		
   2.4306044e+03  -4.8101280e+01  -4.8839028e+01		
   2.4574019e+03  -4.7329109e+01  -4.7967128e+01		
   2.4844948e+03  -4.6437435e+01  -4.7154850e+01		
   2.5118864e+03  -4.5546036e+01  -4.6374226e+01		
   2.5395800e+03  -4.4702854e+01  -4.5587568e+01		
   2.5675790e+03  -4.3830822e+01  -4.4722214e+01		
   2.5958866e+03  -4.4438429e+01  -4.3837318e+01		
   2.6245063e+03  -4.3607842e+01  -4.2972203e+01		
   2.6534415e+03  -4.2743959e+01  -4.2195512e+01		
   2.6826958e+03  -4.1873168e+01  -4.1438436e+01		
   2.7122726e+03  -4.1029036e+01  -4.0838885e+01		
   2.7421754e+03  -4.0192308e+01  -3.8600409e+01		
   2.7724080e+03  -4.0711491e+01  -3.7934913e+01		
   2.8029739e+03  -3.9871208e+01  -3.7120286e+01		
   2.8338767e+03  -3.9019148e+01  -3.6298960e+01		
   2.8651203e+03  -3.8165412e+01  -3.5433911e+01		
   2.8967083e+03  -3.7311804e+01  -3.4602242e+01		
   2.9286446e+03  -3.6488209e+01  -3.3967970e+01		
   2.9609329e+03  -3.7096397e+01  -3.3283116e+01		
   2.9935773e+03  -3.6227648e+01  -3.2503833e+01		
   3.0265816e+03  -3.5463289e+01  -3.1613028e+01		
   3.0599497e+03  -3.4683158e+01  -3.0750136e+01		
   3.0936857e+03  -3.5126136e+01  -2.9910668e+01		
   3.1277937e+03  -3.4330116e+01  -3.0380055e+01		
   3.1622777e+03  -3.3516955e+01  -2.9507897e+01		
   3.1971418e+03  -3.2631108e+01  -2.8655827e+01		
   3.2323904e+03  -3.3238943e+01  -2.9037356e+01		
   3.2680276e+03  -3.2419894e+01  -2.8409651e+01		
   3.3040577e+03  -3.1573786e+01  -2.8511085e+01		
   3.3404850e+03  -3.0772933e+01  -2.8351404e+01		
   3.3773139e+03  -2.9970118e+01  -2.8859345e+01		
   3.4145489e+03  -3.0488615e+01  -2.9711275e+01		
   3.4521944e+03  -2.9659817e+01  -2.9215726e+01		
   3.4902549e+03  -2.8795455e+01  -3.0084395e+01		
   3.5287350e+03  -2.7912212e+01  -3.0967371e+01		
   3.5676394e+03  -2.8521038e+01  -3.1807565e+01		
   3.6069727e+03  -2.7702716e+01  -3.2680500e+01		
   3.6467397e+03  -2.6848490e+01  -3.2132937e+01		
   3.6869451e+03  -2.5994391e+01  -3.3043472e+01		
   3.7275937e+03  -2.5123255e+01  -3.3909560e+01		
   3.7686905e+03  -2.4232500e+01  -3.4701422e+01		
   3.8102404e+03  -2.3389616e+01  -3.4258285e+01		
   3.8522484e+03  -2.2481382e+01  -3.5043267e+01		
   3.8947195e+03  -2.3157121e+01  -3.5863801e+01		
   3.9376589e+03  -2.0704062e+01  -3.6696210e+01		
   3.9810717e+03  -2.0148467e+01  -3.7571364e+01		
   4.0249631e+03  -1.9584971e+01  -3.8353576e+01		
   4.0693384e+03  -1.8800180e+01  -3.7806908e+01		
   4.1142030e+03  -1.7924355e+01  -3.8664823e+01		
   4.1595622e+03  -1.6972205e+01  -3.9528985e+01		
   4.2054214e+03  -1.6315882e+01  -4.0360472e+01		
   4.2517863e+03  -1.6426817e+01  -3.9891865e+01		
   4.2986623e+03  -1.6284403e+01  -4.0715994e+01		
   4.3460552e+03  -1.6832746e+01  -4.1487728e+01		
   4.3939706e+03  -1.7755007e+01  -4.1089374e+01		
   4.4424142e+03  -1.7116433e+01  -4.1852333e+01		
   4.4913919e+03  -1.7982260e+01  -4.2694070e+01		
   4.5409096e+03  -1.8880745e+01  -4.3557757e+01		
   4.5909732e+03  -1.9710543e+01  -4.3037747e+01		
   4.6415888e+03  -2.0561943e+01  -4.3876536e+01		
   4.6927625e+03  -2.1406756e+01  -4.4744190e+01		
   4.7445003e+03  -2.2157268e+01  -4.5574785e+01		
   4.7968085e+03  -2.2993031e+01  -4.6390422e+01		
   4.8496934e+03  -2.3847850e+01  -4.7122821e+01		
   4.9031614e+03  -2.3327021e+01  -4.6706484e+01		
   4.9572189e+03  -2.4205557e+01  -4.7436571e+01		
   5.0118723e+03  -2.4983843e+01  -4.8090393e+01		
   5.0671283e+03  -2.5659275e+01  -4.7794496e+01		
   5.1229936e+03  -2.5326391e+01  -4.8375772e+01		
   5.1794747e+03  -2.6023924e+01  -4.8156377e+01		
   5.2365785e+03  -2.6743008e+01  -4.8526624e+01		
   5.2943119e+03  -2.6369977e+01  -4.8314489e+01		
   5.3526818e+03  -2.7101858e+01  -4.8467292e+01		
   5.4116953e+03  -2.7865677e+01  -4.7952945e+01		
   5.4713593e+03  -2.7467755e+01  -4.8262765e+01		
   5.5316812e+03  -2.8239902e+01  -4.7608322e+01		
   5.5926681e+03  -2.9023157e+01  -4.6893192e+01		
   5.6543274e+03  -2.8624340e+01  -4.7250435e+01		
   5.7166665e+03  -2.9363070e+01  -4.6509923e+01		
   5.7796929e+03  -2.9905747e+01  -4.5671641e+01		
   5.8434141e+03  -2.9677579e+01  -4.4847072e+01		
   5.9078379e+03  -3.0178454e+01  -4.5394888e+01		
   5.9729720e+03  -3.0744909e+01  -4.4557239e+01		
   6.0388241e+03  -3.0471691e+01  -4.3734182e+01		
   6.1054023e+03  -3.1078365e+01  -4.2880266e+01		
   6.1727145e+03  -3.0815011e+01  -4.2026479e+01		
   6.2407688e+03  -3.1434063e+01  -4.1200239e+01		
   6.3095734e+03  -3.2110409e+01  -4.0362050e+01		
   6.3791366e+03  -3.1777157e+01  -3.9517109e+01		
   6.4494668e+03  -3.2445884e+01  -3.8702005e+01		
   6.5205723e+03  -3.2991772e+01  -3.9377847e+01		
   6.5924618e+03  -3.2763890e+01  -3.8457354e+01		
   6.6651438e+03  -3.3228845e+01  -3.7614161e+01		
   6.7386272e+03  -3.3059941e+01  -3.6790500e+01		
   6.8129207e+03  -3.3485815e+01  -3.7259827e+01		
   6.8880333e+03  -3.4004663e+01  -3.6445388e+01		
   6.9639740e+03  -3.3753969e+01  -3.5606231e+01		
   7.0407520e+03  -3.4311130e+01  -3.4770557e+01		
   7.1183765e+03  -3.4069487e+01  -3.3949168e+01		
   7.1968567e+03  -3.4621142e+01  -3.3033284e+01		
   7.2762022e+03  -3.5175239e+01  -3.3785977e+01		
   7.3564225e+03  -3.4934287e+01  -3.2984513e+01		
   7.4375273e+03  -3.5495258e+01  -3.2135301e+01		
   7.5195262e+03  -3.5984117e+01  -3.1284821e+01		
   7.6024291e+03  -3.5787681e+01  -3.0522152e+01		
   7.6862461e+03  -3.6163621e+01  -2.9694086e+01		
   7.7709871e+03  -3.6037282e+01  -2.8779251e+01		
   7.8566625e+03  -3.6327984e+01  -2.7973478e+01		
   7.9432823e+03  -3.6226338e+01  -2.7173376e+01		
   8.0308572e+03  -3.6504800e+01  -2.7596446e+01		
   8.1193976e+03  -3.6815257e+01  -2.6836638e+01		
   8.2089142e+03  -3.6689274e+01  -2.6532131e+01		
   8.2994176e+03  -3.7028237e+01  -2.6575885e+01		
   8.3909189e+03  -3.6880822e+01  -2.6685517e+01		
   8.4834290e+03  -3.7288813e+01  -2.6531811e+01		
   8.5769590e+03  -3.7098718e+01  -2.6962840e+01		
   8.6715202e+03  -3.7574653e+01  -2.7654427e+01		
   8.7671239e+03  -3.8022695e+01  -2.7296915e+01		
   8.8637816e+03  -3.7847657e+01  -2.8019429e+01		
   8.9615050e+03  -3.8235788e+01  -2.8800081e+01		
   9.0603058e+03  -3.8088031e+01  -2.9682584e+01		
   9.1601959e+03  -3.8469244e+01  -2.9074552e+01		
   9.2611873e+03  -3.8914396e+01  -2.9929645e+01		
   9.3632921e+03  -3.8709478e+01  -3.0711809e+01		
   9.4665226e+03  -3.9189054e+01  -3.1490900e+01		
   9.5708912e+03  -3.8969588e+01  -3.1047712e+01		
   9.6764105e+03  -3.9479840e+01  -3.1843815e+01		
   9.7830932e+03  -3.9957343e+01  -3.2639150e+01		
   9.8909520e+03  -3.9760532e+01  -3.3468624e+01		
   1.0000000e+04  -4.0198668e+01  -3.2950687e+01		
   1.0110250e+04  -4.0029894e+01  -3.3758689e+01		
   1.0221716e+04  -4.0476148e+01  -3.4609106e+01		
   1.0334411e+04  -4.1049396e+01  -3.5412189e+01		
   1.0448348e+04  -4.0776121e+01  -3.4969258e+01		
   1.0563541e+04  -4.1334681e+01  -3.5765259e+01		
   1.0680004e+04  -4.1115174e+01  -3.6518985e+01		
   1.0797752e+04  -4.1580302e+01  -3.6161607e+01		
   1.0916797e+04  -4.1942556e+01  -3.6884608e+01		
   1.1037155e+04  -4.1795501e+01  -3.7624284e+01		
   1.1158840e+04  -4.2155482e+01  -3.7206447e+01		
   1.1281866e+04  -4.2002037e+01  -3.7978109e+01		
   1.1406249e+04  -4.2343470e+01  -3.8641229e+01		
   1.1532003e+04  -4.2689356e+01  -3.8367109e+01		
   1.1659144e+04  -4.2542502e+01  -3.8968350e+01		
   1.1787686e+04  -4.2904927e+01  -3.9622996e+01		
   1.1917646e+04  -4.2757638e+01  -3.9274604e+01		
   1.2049038e+04  -4.3164391e+01  -3.9963823e+01		
   1.2181879e+04  -4.2966790e+01  -4.0663889e+01		
   1.2316185e+04  -4.3434014e+01  -4.0344512e+01		
   1.2451971e+04  -4.3907791e+01  -4.1025655e+01		
   1.2589254e+04  -4.3710755e+01  -4.1707487e+01		
   1.2728051e+04  -4.4213839e+01  -4.1374813e+01		
   1.2868378e+04  -4.3972128e+01  -4.2084980e+01		
   1.3010252e+04  -4.4548332e+01  -4.2805266e+01		
   1.3153691e+04  -4.5130343e+01  -4.2432199e+01		
   1.3298710e+04  -4.4889499e+01  -4.3115731e+01		
   1.3445329e+04  -4.5477630e+01  -4.3715700e+01		
   1.3593564e+04  -4.6212020e+01  -4.3442502e+01		
   1.3743433e+04  -4.5814342e+01  -4.4084194e+01		
   1.3894955e+04  -4.6582347e+01  -4.4806245e+01		
   1.4048147e+04  -4.7318125e+01  -4.4433951e+01		
   1.4203028e+04  -4.6945009e+01  -4.5138954e+01		
   1.4359617e+04  -4.7666304e+01  -4.5752696e+01		
   1.4517932e+04  -4.8489137e+01  -4.5479865e+01		
   1.4677993e+04  -4.9216651e+01  -4.6075390e+01		
   1.4839818e+04  -4.8825309e+01  -4.5789332e+01		
   1.5003427e+04  -4.9514797e+01  -4.6394163e+01		
   1.5168840e+04  -4.9981451e+01  -4.7087838e+01		
   1.5336077e+04  -4.9813295e+01  -4.6730507e+01		
   1.5505158e+04  -5.0301751e+01  -4.7450151e+01		
   1.5676103e+04  -5.0060487e+01  -4.8161382e+01		
   1.5848932e+04  -5.0674177e+01  -4.7787923e+01		
   1.6023667e+04  -5.1496948e+01  -4.8504905e+01		
   1.6200328e+04  -5.2268350e+01  -4.9191356e+01		
   1.6378937e+04  -5.1803423e+01  -4.8858052e+01		
   1.6559515e+04  -5.2592317e+01  -4.9551198e+01		
   1.6742084e+04  -5.3359572e+01  -5.0363767e+01		
   1.6926666e+04  -5.2961171e+01  -5.1303249e+01		
   1.7113283e+04  -5.3742869e+01  -5.0595088e+01		
   1.7301957e+04  -5.4603230e+01  -5.1482748e+01		
   1.7492712e+04  -5.5479421e+01  -5.2353194e+01		
   1.7685569e+04  -5.6315874e+01  -5.3175041e+01		
   1.7880553e+04  -5.7130383e+01  -5.3986659e+01		
   1.8077687e+04  -5.8006562e+01  -5.4817186e+01		
   1.8276994e+04  -5.8850788e+01  -5.5683186e+01		
   1.8478498e+04  -5.9689213e+01  -5.6544436e+01		
   1.8682224e+04  -6.0514623e+01  -5.7459377e+01		
   1.8888196e+04  -5.9910147e+01  -5.8295833e+01		
   1.9096439e+04  -6.0753755e+01  -5.8985930e+01		
   1.9306977e+04  -6.0941142e+01  -5.8438402e+01		
   1.9519837e+04  -6.1019504e+01  -5.9123891e+01		
   1.9735044e+04  -6.0751786e+01  -5.8473688e+01		
   1.9952623e+04  -6.0074053e+01  -5.9075561e+01		
   2.0172601e+04  -5.9960364e+01  -5.8130336e+01		
   2.0395005e+04  -5.9910693e+01  -5.7729610e+01		
   2.0619860e+04  -6.0255089e+01  -5.7804335e+01		
   2.0847195e+04  -6.1047334e+01  -5.7855822e+01		
   2.1077035e+04  -6.1870311e+01  -5.8497168e+01		
   2.1309410e+04  -6.2625321e+01  -5.9314826e+01		
   2.1544347e+04  -6.3451109e+01  -6.0277526e+01		
   2.1781874e+04  -6.3320467e+01  -6.1224884e+01		
   2.2022019e+04  -6.3839596e+01  -6.2120567e+01		
   2.2264813e+04  -6.2976848e+01  -6.2663155e+01		
   2.2510283e+04  -6.2135008e+01  -6.2439435e+01		
   2.2758459e+04  -6.2604619e+01  -6.2465510e+01		
   2.3009372e+04  -6.1782386e+01  -6.1618151e+01		
   2.3263051e+04  -6.0942105e+01  -6.2226265e+01		
   2.3519526e+04  -6.0084395e+01  -6.1477125e+01		
   2.3778830e+04  -6.0632317e+01  -6.0638248e+01		
   2.4040992e+04  -5.9845367e+01  -5.9781543e+01		
   2.4306044e+04  -5.9059681e+01  -5.8886812e+01		
   2.4574019e+04  -5.8200699e+01  -5.8011148e+01		
   2.4844948e+04  -5.7471829e+01  -5.7688791e+01		
   2.5118864e+04  -5.7661996e+01  -5.7966690e+01		
   2.5395800e+04  -5.7482405e+01  -5.8842079e+01		
   2.5675790e+04  -5.8303690e+01  -5.9688750e+01		
   2.5958866e+04  -5.9064517e+01  -6.0451143e+01		
   2.6245063e+04  -5.9772503e+01  -6.1327145e+01		
   2.6534415e+04  -6.0685715e+01  -6.2062938e+01		
   2.6826958e+04  -6.1427353e+01  -6.1541001e+01		
   2.7122726e+04  -6.1493643e+01  -6.1936561e+01		
   2.7421754e+04  -5.8804630e+01  -6.0452268e+01		
   2.7724080e+04  -5.6158422e+01  -5.7579187e+01		
   2.8029739e+04  -5.1733119e+01  -5.3359441e+01		
   2.8338767e+04  -4.9033188e+01  -5.0453953e+01		
   2.8651203e+04  -4.5561113e+01  -4.7480010e+01		
   2.8967083e+04  -4.3686972e+01  -4.4714430e+01		
   2.9286446e+04  -4.1451399e+01  -4.3117127e+01		
   2.9609329e+04  -4.1807292e+01  -4.1107976e+01		
   2.9935773e+04  -4.1331196e+01  -4.1368232e+01		
   3.0265816e+04  -4.1307409e+01  -4.1138100e+01		
   3.0599497e+04  -4.1286395e+01  -4.1095858e+01		
   3.0936857e+04  -4.1284756e+01  -4.1257436e+01		
   3.1277937e+04  -4.1305832e+01  -4.1382993e+01		
   3.1622777e+04  -4.1275046e+01  -4.1362793e+01		
   3.1971418e+04  -4.1275046e+01  -4.1414900e+01		
   3.2323904e+04  -4.1358973e+01  -4.1393020e+01		
   3.2680276e+04  -4.1776578e+01  -4.1556852e+01		
   3.3040577e+04  -4.1557926e+01  -4.2037963e+01		
   3.3404850e+04  -4.1997004e+01  -4.1797968e+01		
   3.3773139e+04  -4.1849345e+01  -4.1981092e+01		
   3.4145489e+04  -4.2096547e+01  -4.2021615e+01		
   3.4521944e+04  -4.1968473e+01  -4.1891032e+01		
   3.4902549e+04  -4.2049226e+01  -4.1951951e+01		
   3.5287350e+04  -4.1682113e+01  -4.1733724e+01		
   3.5676394e+04  -4.1878925e+01  -4.1315541e+01		
   3.6069727e+04  -4.1336535e+01  -4.1511927e+01		
   3.6467397e+04  -4.0735175e+01  -4.0975619e+01		
   3.6869451e+04  -4.1008043e+01  -4.1261497e+01		
   3.7275937e+04  -4.0434305e+01  -4.0644689e+01		
   3.7686905e+04  -4.0685541e+01  -4.0025785e+01		
   3.8102404e+04  -4.0099256e+01  -4.0299267e+01		
   3.8522484e+04  -3.9394004e+01  -3.9676311e+01		
   3.8947195e+04  -3.9767220e+01  -3.8991368e+01		
   3.9376589e+04  -3.8998070e+01  -3.9323714e+01		
   3.9810717e+04  -3.8226293e+01  -3.8620553e+01		
   4.0249631e+04  -3.8583173e+01  -3.7901748e+01		
   4.0693384e+04  -3.7984616e+01  -3.8274176e+01		
   4.1142030e+04  -3.8011978e+01  -3.7567793e+01		
   4.1595622e+04  -3.7893099e+01  -3.7022468e+01		
   4.2054214e+04  -3.8334074e+01  -3.7240732e+01		
   4.2517863e+04  -3.9180876e+01  -3.6897685e+01		
   4.2986623e+04  -4.0104693e+01  -3.6978763e+01		
   4.3460552e+04  -3.9435540e+01  -3.7012297e+01		
   4.3939706e+04  -4.0361497e+01  -3.6885675e+01		
   4.4424142e+04  -4.1277556e+01  -3.7314519e+01		
   4.4913919e+04  -4.2139668e+01  -3.8134770e+01		
   4.5409096e+04  -4.1715651e+01  -3.9030078e+01		
   4.5909732e+04  -4.2421761e+01  -3.9777005e+01		
   4.6415888e+04  -4.2480929e+01  -4.0360976e+01		
   4.6927625e+04  -4.2568634e+01  -4.1275577e+01		
   4.7445003e+04  -4.2202603e+01  -4.2035775e+01		
   4.7968085e+04  -4.1463455e+01  -4.2139011e+01		
   4.8496934e+04  -4.1861412e+01  -4.2204746e+01		
   4.9031614e+04  -4.1089969e+01  -4.1876254e+01		
   4.9572189e+04  -4.0316023e+01  -4.1211621e+01		
   5.0118723e+04  -4.0714583e+01  -4.1544348e+01		
   5.0671283e+04  -3.9978061e+01  -4.0894101e+01		
   5.1229936e+04  -3.9447893e+01  -4.0330432e+01		
   5.1794747e+04  -3.9644975e+01  -4.0570433e+01		
   5.2365785e+04  -3.9186040e+01  -4.0067872e+01		
   5.2943119e+04  -3.8691969e+01  -4.0264961e+01		
   5.3526818e+04  -3.8910164e+01  -3.9800824e+01		
   5.4116953e+04  -3.8429534e+01  -3.9990963e+01		
   5.4713593e+04  -3.8626634e+01  -3.9484325e+01		
   5.5316812e+04  -3.8167687e+01  -3.8850169e+01		
   5.5926681e+04  -3.7709689e+01  -3.9159639e+01		
   5.6543274e+04  -3.7906083e+01  -3.8530791e+01		
   5.7166665e+04  -3.7444866e+01  -3.7963562e+01		
   5.7796929e+04  -3.7634334e+01  -3.8214067e+01		
   5.8434141e+04  -3.7172673e+01  -3.7681879e+01		
   5.9078379e+04  -3.7370376e+01  -3.7901388e+01		
   5.9729720e+04  -3.6895677e+01  -3.7383373e+01		
   6.0388241e+04  -3.6474122e+01  -3.6803550e+01		
   6.1054023e+04  -3.6621393e+01  -3.7077252e+01		
   6.1727145e+04  -3.6305342e+01  -3.6510643e+01		
   6.2407688e+04  -3.6406902e+01  -3.6143633e+01		
   6.3095734e+04  -3.6166955e+01  -3.6269504e+01		
   6.3791366e+04  -3.6030950e+01  -3.6078089e+01		
   6.4494668e+04  -3.6071339e+01  -3.6118596e+01		
   6.5205723e+04  -3.5934813e+01  -3.6039497e+01		
   6.5924618e+04  -3.5995533e+01  -3.6059796e+01		
   6.6651438e+04  -3.5865152e+01  -3.5941252e+01		
   6.7386272e+04  -3.5905722e+01  -3.6022629e+01		
   6.8129207e+04  -3.5777245e+01  -3.5763458e+01		
   6.8880333e+04  -3.5838236e+01  -3.5368716e+01		
   6.9639740e+04  -3.5626900e+01  -3.5536818e+01		
   7.0407520e+04  -3.5316439e+01  -3.5176060e+01		
   7.1183765e+04  -3.5442427e+01  -3.5302510e+01		
   7.1968567e+04  -3.5103552e+01  -3.5012599e+01		
   7.2762022e+04  -3.5250974e+01  -3.5118286e+01		
   7.3564225e+04  -3.4870152e+01  -3.4843349e+01		
   7.4375273e+04  -3.4463071e+01  -3.4471104e+01		
   7.5195262e+04  -3.4637601e+01  -3.4639350e+01		
   7.6024291e+04  -3.4284934e+01  -3.4250021e+01		
   7.6862461e+04  -3.4406494e+01  -3.4397672e+01		
   7.7709871e+04  -3.4116458e+01  -3.4073680e+01		
   7.8566625e+04  -3.4217984e+01  -3.3919323e+01		
   7.9432823e+04  -3.3957752e+01  -3.3959728e+01		
   8.0308572e+04  -3.3771356e+01  -3.3855071e+01		
   8.1193976e+04  -3.3831921e+01  -3.3897138e+01		
   8.2089142e+04  -3.3642253e+01  -3.3767297e+01		
   8.2994176e+04  -3.3723185e+01  -3.3828218e+01		
   8.3909189e+04  -3.3486572e+01  -3.3630783e+01		
   8.4834290e+04  -3.3591901e+01  -3.3336200e+01		
   8.5769590e+04  -3.3288743e+01  -3.3462045e+01		
   8.6715202e+04  -3.3436641e+01  -3.3062680e+01		
   8.7671239e+04  -3.3048148e+01  -3.3259652e+01		
   8.8637816e+04  -3.2587515e+01  -3.2778048e+01		
   8.9615050e+04  -3.2776849e+01  -3.2997713e+01		
   9.0603058e+04  -3.2335091e+01  -3.2471945e+01		
   9.1601959e+04  -3.2503886e+01  -3.1941574e+01		
   9.2611873e+04  -3.2107915e+01  -3.2160452e+01		
   9.3632921e+04  -3.1848461e+01  -3.1734587e+01		
   9.4665226e+04  -3.1932433e+01  -3.1856546e+01		
   9.5708912e+04  -3.1753019e+01  -3.1638077e+01		
   9.6764105e+04  -3.1813823e+01  -3.1656687e+01		
   9.7830932e+04  -3.1631225e+01  -3.1636492e+01		
   9.8909520e+04  -3.1712477e+01  -3.1594611e+01		
   1.0000000e+05  -3.1501934e+01  -3.1635090e+01		
   1.0110250e+05  -3.1583368e+01  -3.1476577e+01		
   1.0221716e+05  -3.1372680e+01  -3.1560867e+01		
   1.0334411e+05  -3.1195671e+01  -3.1332123e+01		
   1.0448348e+05  -3.1258706e+01  -3.1437798e+01		
   1.0563541e+05  -3.1156727e+01  -3.1223889e+01		
   1.0680004e+05  -3.1177013e+01  -3.1151398e+01		
   1.0797752e+05  -3.1147541e+01  -3.1171626e+01		
   1.0916797e+05  -3.1147541e+01  -3.1090576e+01		
   1.1037155e+05  -3.1128510e+01  -3.1131121e+01		
   1.1158840e+05  -3.0970874e+01  -3.1026850e+01		
   1.1281866e+05  -3.1054810e+01  -3.1069064e+01		
   1.1406249e+05  -3.0816962e+01  -3.0945040e+01		
   1.1532003e+05  -3.0918258e+01  -3.0682818e+01		
   1.1659144e+05  -3.0607062e+01  -3.0808730e+01		
   1.1787686e+05  -3.0754713e+01  -3.0415489e+01		
   1.1917646e+05  -3.0372201e+01  -3.0620851e+01		
   1.2049038e+05  -2.9924099e+01  -3.0130940e+01		
   1.2181879e+05  -3.0120607e+01  -2.9547822e+01		
   1.2316185e+05  -2.9607192e+01  -2.9821054e+01		
   1.2451971e+05  -2.9848256e+01  -2.9203451e+01		
   1.2589254e+05  -2.9228361e+01  -2.8530527e+01		
   1.2728051e+05  -2.8555534e+01  -2.8862813e+01		
   1.2868378e+05  -2.8864767e+01  -2.8194595e+01		
   1.3010252e+05  -2.8380997e+01  -2.8491707e+01		
   1.3153691e+05  -2.8449660e+01  -2.7926549e+01		
   1.3298710e+05  -2.8365762e+01  -2.7862438e+01		
   1.3445329e+05  -2.8779114e+01  -2.7821997e+01		
   1.3593564e+05  -2.8528243e+01  -2.8150985e+01		
   1.3743433e+05  -2.9131244e+01  -2.7922749e+01		
   1.3894955e+05  -2.9721767e+01  -2.8477558e+01		
   1.4048147e+05  -2.9471248e+01  -2.9098452e+01		
   1.4203028e+05  -2.9836773e+01  -2.8824754e+01		
   1.4359617e+05  -2.9773472e+01  -2.9223710e+01		
   1.4517932e+05  -2.9778217e+01  -2.9181447e+01		
   1.4677993e+05  -2.9350587e+01  -2.9138797e+01		
   1.4839818e+05  -2.9578187e+01  -2.8554942e+01		
   1.5003427e+05  -2.8997053e+01  -2.8928748e+01		
   1.5168840e+05  -2.9282251e+01  -2.8222087e+01		
   1.5336077e+05  -2.8611910e+01  -2.7691809e+01		
   1.5505158e+05  -2.7976220e+01  -2.7867194e+01		
   1.5676103e+05  -2.8261762e+01  -2.7531371e+01		
   1.5848932e+05  -2.7739209e+01  -2.7612808e+01		
   1.6023667e+05  -2.7366955e+01  -2.7402117e+01		
   1.6200328e+05  -2.7513827e+01  -2.7160132e+01		
   1.6378937e+05  -2.7210659e+01  -2.7265196e+01		
   1.6559515e+05  -2.7315879e+01  -2.7059821e+01		
   1.6742084e+05  -2.7176685e+01  -2.7123046e+01		
   1.6926666e+05  -2.7176685e+01  -2.7074411e+01		
   1.7113283e+05  -2.7235833e+01  -2.7033717e+01		
   1.7301957e+05  -2.7356014e+01  -2.7188214e+01		
   1.7492712e+05  -2.7314045e+01  -2.7318337e+01		
   1.7685569e+05  -2.7300066e+01  -2.7298107e+01		
   1.7880553e+05  -2.7342159e+01  -2.7181046e+01		
   1.8077687e+05  -2.7143582e+01  -2.7282420e+01		
   1.8276994e+05  -2.7270235e+01  -2.6950686e+01		
   1.8478498e+05  -2.6922890e+01  -2.7119560e+01		
   1.8682224e+05  -2.6509901e+01  -2.6704599e+01		
   1.8888196e+05  -2.6684706e+01  -2.6290622e+01		
   1.9096439e+05  -2.6300102e+01  -2.6458646e+01		
   1.9306977e+05  -2.6447663e+01  -2.6072011e+01		
   1.9519837e+05  -2.6069124e+01  -2.6219467e+01		
   1.9735044e+05  -2.5661341e+01  -2.5878648e+01		
   1.9952623e+05  -2.5829254e+01  -2.6005413e+01		
   2.0172601e+05  -2.5414996e+01  -2.5677740e+01		
   2.0395005e+05  -2.5583406e+01  -2.5285242e+01		
   2.0619860e+05  -2.5127484e+01  -2.5460201e+01		
   2.0847195e+05  -2.5347146e+01  -2.5028221e+01		
   2.1077035e+05  -2.4845601e+01  -2.5225776e+01		
   2.1309410e+05  -2.4425168e+01  -2.4749692e+01		
   2.1544347e+05  -2.4572541e+01  -2.4333064e+01		
   2.1781874e+05  -2.4300728e+01  -2.4480225e+01		
   2.2022019e+05  -2.4361707e+01  -2.4193633e+01		
   2.2264813e+05  -2.4262295e+01  -2.4274820e+01		
   2.2510283e+05  -2.4297879e+01  -2.4130836e+01		
   2.2758459e+05  -2.4277685e+01  -2.4151178e+01		
   2.3009372e+05  -2.4267224e+01  -2.4116576e+01		
   2.3263051e+05  -2.4287463e+01  -2.4014144e+01		
   2.3519526e+05  -2.4152660e+01  -2.4074774e+01		
   2.3778830e+05  -2.4233797e+01  -2.3888046e+01		
   2.4040992e+05  -2.4048182e+01  -2.3972213e+01		
   2.4306044e+05  -2.4111540e+01  -2.3908894e+01		
   2.4574019e+05  -2.4100299e+01  -2.3864981e+01		
   2.4844948e+05  -2.4431621e+01  -2.4058131e+01		
   2.5118864e+05  -2.4278369e+01  -2.4313935e+01		
   2.5395800e+05  -2.4480874e+01  -2.4248254e+01		
   2.5675790e+05  -2.4480874e+01  -2.4206652e+01		
   2.5958866e+05  -2.4356800e+01  -2.3732562e+01		
   2.6245063e+05  -2.3796896e+01  -2.3993776e+01		
   2.6534415e+05  -2.4093720e+01  -2.3442853e+01		
   2.6826958e+05  -2.3442459e+01  -2.3684234e+01		
   2.7122726e+05  -2.2824163e+01  -2.3140445e+01		
   2.7421754e+05  -2.3097571e+01  -2.2569619e+01		
   2.7724080e+05  -2.2536518e+01  -2.2843032e+01		
   2.8029739e+05  -2.2756132e+01  -2.2242214e+01		
   2.8338767e+05  -2.2304427e+01  -2.1931743e+01		
   2.8651203e+05  -2.2185792e+01  -2.2015629e+01		
   2.8967083e+05  -2.2185792e+01  -2.2022457e+01		
   2.9286446e+05  -2.2298036e+01  -2.1959356e+01		
   2.9609329e+05  -2.2216927e+01  -2.2189529e+01		
   2.9935773e+05  -2.2379434e+01  -2.2062953e+01		
   3.0265816e+05  -2.2338789e+01  -2.2258652e+01		
   3.0599497e+05  -2.2327540e+01  -2.2052292e+01		
   3.0936857e+05  -2.1948011e+01  -2.2188824e+01		
   3.1277937e+05  -2.2136921e+01  -2.1757267e+01		
   3.1622777e+05  -2.1591862e+01  -2.1998539e+01		
   3.1971418e+05  -2.1865741e+01  -2.1428109e+01		
   3.2323904e+05  -2.1255454e+01  -2.0796782e+01		
   3.2680276e+05  -2.0643724e+01  -2.1093062e+01		
   3.3040577e+05  -2.0906183e+01  -2.0442126e+01		
   3.3404850e+05  -2.0366579e+01  -1.9898777e+01		
   3.3773139e+05  -2.0564150e+01  -2.0117022e+01		
   3.4145489e+05  -2.0255009e+01  -1.9862398e+01		
   3.4521944e+05  -2.0515973e+01  -1.9884303e+01		
   3.4902549e+05  -2.0341111e+01  -2.0037211e+01		
   3.5287350e+05  -2.0803758e+01  -2.0587490e+01		
   3.5676394e+05  -2.0592889e+01  -2.0302379e+01		
   3.6069727e+05  -2.0991019e+01  -2.0761938e+01		
   3.6467397e+05  -2.0879836e+01  -2.0630206e+01		
   3.6869451e+05  -2.0988975e+01  -2.0772217e+01		
   3.7275937e+05  -2.0547004e+01  -2.0324000e+01		
   3.7686905e+05  -2.0832976e+01  -2.0597557e+01		
   3.8102404e+05  -2.0211409e+01  -1.9983619e+01		
   3.8522484e+05  -1.9524903e+01  -1.9377082e+01		
   3.8947195e+05  -1.9858312e+01  -1.9639232e+01		
   3.9376589e+05  -1.9214949e+01  -1.9080489e+01		
   3.9810717e+05  -1.8727162e+01  -1.9299754e+01		
   4.0249631e+05  -1.8923929e+01  -1.8808669e+01		
   4.0693384e+05  -1.8465203e+01  -1.8349494e+01		
   4.1142030e+05  -1.8662697e+01  -1.8538493e+01		
   4.1595622e+05  -1.8196862e+01  -1.8075451e+01		
   4.2054214e+05  -1.7764666e+01  -1.8272664e+01		
   4.2517863e+05  -1.7932675e+01  -1.7870791e+01		
   4.2986623e+05  -1.7574097e+01  -1.7560401e+01		
   4.3460552e+05  -1.7700476e+01  -1.7681523e+01		
   4.3939706e+05  -1.7389457e+01  -1.7367310e+01		
   4.4424142e+05  -1.7516211e+01  -1.7493417e+01		
   4.4913919e+05  -1.7171828e+01  -1.7182597e+01		
   4.5409096e+05  -1.6725883e+01  -1.7309078e+01		
   4.5909732e+05  -1.6915055e+01  -1.7036981e+01		
   4.6415888e+05  -1.6448817e+01  -1.7118389e+01		
   4.6927625e+05  -1.6638550e+01  -1.6890572e+01		
   4.7445003e+05  -1.6151334e+01  -1.6529196e+01		
   4.7968085e+05  -1.5777525e+01  -1.6697239e+01		
   4.8496934e+05  -1.5903376e+01  -1.6231538e+01		
   4.9031614e+05  -1.5864830e+01  -1.6450721e+01		
   4.9572189e+05  -1.5801718e+01  -1.6039545e+01		
   5.0118723e+05  -1.6119279e+01  -1.6024950e+01		
   5.0671283e+05  -1.5890533e+01  -1.5982966e+01		
   5.1229936e+05  -1.6334142e+01  -1.6000761e+01		
   5.1794747e+05  -1.6381264e+01  -1.6022665e+01		
   5.2365785e+05  -1.6446979e+01  -1.5870319e+01		
   5.2943119e+05  -1.6153410e+01  -1.5400542e+01		
   5.3526818e+05  -1.5584410e+01  -1.5650904e+01		
   5.4116953e+05  -1.5846516e+01  -1.5095163e+01		
   5.4713593e+05  -1.5261756e+01  -1.5336486e+01		
   5.5316812e+05  -1.5502907e+01  -1.4783818e+01		
   5.5926681e+05  -1.4961170e+01  -1.4205890e+01		
   5.6543274e+05  -1.4452134e+01  -1.4491434e+01		
   5.7166665e+05  -1.4670576e+01  -1.3906577e+01		
   5.7796929e+05  -1.4134482e+01  -1.3416742e+01		
   5.8434141e+05  -1.4375656e+01  -1.3605578e+01		
   5.9078379e+05  -1.3804064e+01  -1.3169209e+01		
   5.9729720e+05  -1.3298479e+01  -1.3337561e+01		
   6.0388241e+05  -1.3495239e+01  -1.2903538e+01		
   6.1054023e+05  -1.3083148e+01  -1.3101165e+01		
   6.1727145e+05  -1.3230787e+01  -1.2625753e+01		
   6.2407688e+05  -1.2867788e+01  -1.2116481e+01		
   6.3095734e+05  -1.2470679e+01  -1.2335279e+01		
   6.3791366e+05  -1.2638559e+01  -1.1848753e+01		
   6.4494668e+05  -1.2142879e+01  -1.2046399e+01		
   6.5205723e+05  -1.2393875e+01  -1.1587088e+01		
   6.5924618e+05  -1.1832193e+01  -1.1098307e+01		
   6.6651438e+05  -1.1302780e+01  -1.1317125e+01		
   6.7386272e+05  -1.1521443e+01  -1.0784209e+01		
   6.8129207e+05  -1.1032072e+01  -1.1025799e+01		
   6.8880333e+05  -1.1221929e+01  -1.0464404e+01		
   6.9639740e+05  -1.0742796e+01  -9.8770608e+00		
   7.0407520e+05  -1.0202152e+01  -1.0150710e+01		
   7.1183765e+05  -1.0452636e+01  -9.6013227e+00		
   7.1968567e+05  -9.9450206e+00  -9.7914714e+00		
   7.2762022e+05  -1.0142563e+01  -9.3899625e+00		
   7.3564225e+05  -9.6765239e+00  -9.2258805e+00		
   7.4375273e+05  -9.3099183e+00  -9.2663509e+00		
   7.5195262e+05  -9.4359556e+00  -9.1889807e+00		
   7.6024291e+05  -9.2063899e+00  -9.2092610e+00		
   7.6862461e+05  -9.2672320e+00  -9.2040044e+00		
   7.7709871e+05  -9.1803279e+00  -9.1836788e+00		
   7.8566625e+05  -9.1803279e+00  -9.2924049e+00		
   7.9432823e+05  -9.3124583e+00  -9.6026084e+00		
   8.0308572e+05  -9.9081777e+00  -9.4611500e+00		
   8.1193976e+05  -9.5603193e+00  -9.9146525e+00		
   8.2089142e+05  -1.0266917e+01  -9.6957558e+00		
   8.2994176e+05  -1.1124637e+01  -1.0256759e+01		
   8.3909189e+05  -1.1995424e+01  -1.0985863e+01		
   8.4834290e+05  -1.2733616e+01  -1.0524999e+01		
   8.5769590e+05  -1.3406953e+01  -1.1193414e+01		
   8.6715202e+05  -1.4236617e+01  -1.1935774e+01		
   8.7671239e+05  -1.5186916e+01  -1.2793861e+01		
   8.8637816e+05  -1.5726703e+01  -1.3502611e+01		
   8.9615050e+05  -1.5645440e+01  -1.3167265e+01		
   9.0603058e+05  -1.5143389e+01  -1.2354457e+01		
   9.1601959e+05  -1.4233589e+01  -1.1476158e+01		
   9.2611873e+05  -1.3362044e+01  -1.2084113e+01		
   9.3632921e+05  -1.2500274e+01  -1.1257020e+01		
   9.4665226e+05  -1.1666960e+01  -1.0375306e+01		
   9.5708912e+05  -1.0843313e+01  -9.5252235e+00		
   9.6764105e+05  -1.0019203e+01  -8.8895521e+00		
   9.7830932e+05  -9.1809668e+00  -9.1627566e+00		
   9.8909520e+05  -9.7004462e+00  -8.6302207e+00		
   1.0000000e+06  -8.8547325e+00  -8.8277263e+00		
   1.0081204e+06  -8.1638174e+00  -8.3121897e+00		
   1.0163068e+06  -8.3480283e+00  -8.4521282e+00		
   1.0245596e+06  -8.5337351e+00  -7.9651254e+00		
   1.0328795e+06  -7.9330945e+00  -8.0891677e+00		
   1.0412669e+06  -8.0948899e+00  -7.6652945e+00		
   1.0497224e+06  -7.6055359e+00  -7.7735283e+00		
   1.0582466e+06  -7.7141719e+00  -7.8826410e+00		
   1.0668400e+06  -7.5082910e+00  -7.5763454e+00		
   1.0755032e+06  -7.5231884e+00  -7.6212338e+00		
   1.0842367e+06  -7.5382068e+00  -7.6032453e+00		
   1.0930412e+06  -7.7145070e+00  -7.5734250e+00		
   1.1019172e+06  -7.5689356e+00  -7.5433627e+00		
   1.1108652e+06  -8.0723113e+00  -7.7026705e+00		
   1.1198859e+06  -7.9142928e+00  -7.6404303e+00		
   1.1289798e+06  -8.1837108e+00  -7.7327489e+00		
   1.1381476e+06  -8.0070327e+00  -7.7495708e+00		
   1.1473899e+06  -7.5854776e+00  -7.3846953e+00		
   1.1567071e+06  -6.8838638e+00  -7.6269613e+00		
   1.1661001e+06  -7.4394977e+00  -6.8216933e+00		
   1.1755693e+06  -6.4051692e+00  -5.7545001e+00		
   1.1851154e+06  -5.4225583e+00  -6.2470162e+00		
   1.1947391e+06  -5.8265807e+00  -5.2253984e+00		
   1.2044409e+06  -4.8749667e+00  -5.5889077e+00		
   1.2142214e+06  -5.1691579e+00  -4.6932824e+00		
   1.2240814e+06  -4.3684899e+00  -4.9689022e+00		
   1.2340215e+06  -4.5624665e+00  -4.1866853e+00		
   1.2440422e+06  -3.9142362e+00  -4.4055162e+00		
   1.2541444e+06  -4.0991419e+00  -3.7583524e+00		
   1.2643286e+06  -3.4519576e+00  -3.9196755e+00		
   1.2745954e+06  -3.6534033e+00  -3.4171175e+00		
   1.2849457e+06  -3.1495436e+00  -3.5409105e+00		
   1.2953800e+06  -3.2577900e+00  -3.6657087e+00		
   1.3058990e+06  -3.3669155e+00  -3.2109773e+00		
   1.3165035e+06  -2.9652371e+00  -3.3404522e+00		
   1.3271940e+06  -3.0740576e+00  -2.8567991e+00		
   1.3379714e+06  -2.6167563e+00  -2.9965156e+00		
   1.3488363e+06  -2.7619115e+00  -2.4210233e+00		
   1.3597894e+06  -2.1212638e+00  -2.6056366e+00		
   1.3708315e+06  -2.3392972e+00  -1.9898912e+00		
   1.3819632e+06  -1.5764375e+00  -2.1742576e+00		
   1.3931853e+06  -1.8212135e+00  -2.3601212e+00		
   1.4044986e+06  -2.0679772e+00  -1.7225293e+00		
   1.4159037e+06  -1.3435766e+00  -1.9250184e+00		
   1.4274014e+06  -1.5292028e+00  -1.2520234e+00		
   1.4389925e+06  -9.7309799e-01  -1.4542417e+00		
   1.4506778e+06  -1.0974565e+00  -8.2922014e-01		
   1.4624579e+06  -7.2716531e-01  -9.9071931e-01		
   1.4743337e+06  -8.0467224e-01  -5.4435428e-01		
   1.4863059e+06  -5.8769025e-01  -6.3730038e-01		
   1.4983753e+06  -6.3233058e-01  -4.0186381e-01		
   1.5105427e+06  -6.7733340e-01  -4.4647427e-01		
   1.5228090e+06  -5.0352672e-01  -4.9144700e-01		
   1.5351748e+06  -5.4837108e-01  -4.5609202e-01		
   1.5476411e+06  -4.7358834e-01  -4.2621577e-01		
   1.5602086e+06  -4.7358834e-01  -7.4539449e-01		
   1.5728781e+06  -4.7358834e-01  -6.1668941e-01		
   1.5856506e+06  -6.3870654e-01  -4.8693919e-01		
   1.5985267e+06  -5.2549913e-01  -1.0555077e+00		
   1.6115074e+06  -1.1449974e+00  -8.0902979e-01		
   1.6245936e+06  -8.3713622e-01  -1.6132599e+00		
   1.6377859e+06  -1.7736848e+00  -2.6500192e+00		
   1.6510854e+06  -2.8604818e+00  -2.1209666e+00		
   1.6644930e+06  -2.2412474e+00  -3.1432260e+00		
   1.6780093e+06  -3.3283583e+00  -4.2183450e+00		
   1.6916355e+06  -4.3303608e+00  -3.5994874e+00		
   1.7053723e+06  -3.8551592e+00  -4.6699484e+00		
   1.7192206e+06  -4.8479350e+00  -5.7173673e+00		
   1.7331814e+06  -5.8949289e+00  -5.1617050e+00		
   1.7472556e+06  -6.8442838e+00  -6.1962062e+00		
   1.7614440e+06  -6.3149746e+00  -7.2101611e+00		
   1.7757477e+06  -7.3082583e+00  -6.7106838e+00		
   1.7901675e+06  -8.2297227e+00  -7.7571315e+00		
   1.8047044e+06  -7.8848719e+00  -8.6044545e+00		
   1.8193594e+06  -8.8493073e+00  -8.3300248e+00		
   1.8341333e+06  -8.5041629e+00  -9.1468054e+00		
   1.8490273e+06  -9.4366404e+00  -8.8723424e+00		
		
		
		
		
		
		
		
		
		
		
		
		
		
		
		
		
		
		
		
		
		
		
		
		
		
		
		
		
		
		
		
		
		
		
		
		
		
		
		
		
		
		
		
		
		
		
		
		
		
		
		
		
		
		
		
		
		
		
		
		
		
		
		
		
		
		
		
		
		
		
		
		
		
		
		
		
		
		
		
		
		
		
		
		
		
		
		
		
		
		
		
		
		
		
		
		
		
		
		
		
		
		
		
		
		
		
		
		
		
		
		
		
		
		
		
		
		
		
		
		
		
		
		
		
		
		
		
		
		
		
		
		
		
		
		
		
		
		
		
