   0.0000000e+00   0.0000000e+00   0.0000000e+00
   2.9000000e+01  -4.5915609e+01  -1.7266187e+00
   3.8000000e+01  -4.8858159e+01  -1.7266187e+00
   4.7000000e+01  -5.0491568e+01  -1.7452540e+00
   5.6000000e+01  -5.2055877e+01  -2.0046273e+00
   6.5000000e+01  -5.3711883e+01  -1.8807199e+00
   7.4000000e+01  -5.4576072e+01  -2.0143885e+00
   8.3000000e+01  -5.5531433e+01  -1.9304949e+00
   9.2000000e+01  -5.7056524e+01  -2.0143885e+00
   1.0100000e+02  -5.7893817e+01  -2.0143885e+00
   1.1000000e+02  -5.9226344e+01  -2.0143885e+00
   1.1900000e+02  -6.0430758e+01  -2.0623501e+00
   1.2800000e+02  -6.1785430e+01  -2.1103118e+00
   1.3700000e+02  -6.2476453e+01  -2.2136441e+00
   1.4600000e+02  -6.4298378e+01  -2.4173425e+00
   1.5500000e+02  -6.5289377e+01  -2.4460432e+00
   1.6400000e+02  -6.6329402e+01  -2.4460432e+00
   1.7300000e+02  -6.7458793e+01  -2.4460432e+00
   1.8200000e+02  -6.8750020e+01  -2.4460432e+00
   1.9100000e+02  -7.0096285e+01  -2.4665595e+00
   2.0000000e+02  -7.1573594e+01  -2.7917032e+00
   2.0000000e+02  -7.1573594e+01  -2.7917032e+00
   2.0000000e+02  -7.1573594e+01  -2.7917032e+00
   2.0000000e+02  -7.1573594e+01  -2.7917032e+00
   2.0324492e+02  -7.2598592e+01  -2.7386447e+00
   2.0654248e+02  -7.3573223e+01  -2.8297362e+00
   2.0989355e+02  -7.4442684e+01  -2.8297362e+00
   2.1329899e+02  -7.5453768e+01  -2.8297362e+00
   2.1675968e+02  -7.6518013e+01  -2.8705162e+00
   2.2027651e+02  -7.7690025e+01  -2.8441789e+00
   2.2385041e+02  -7.8703456e+01  -2.9856827e+00
   2.2748229e+02  -8.1674118e+01  -2.9064381e+00
   2.3117310e+02  -8.4390365e+01  -3.0839744e+00
   2.3492379e+02  -8.4823725e+01  -3.0309889e+00
   2.3873533e+02  -8.7075044e+01  -3.1702711e+00
   2.4260871e+02  -8.7077360e+01  -3.2612080e+00
   2.4654494e+02  -8.6146720e+01  -3.2349843e+00
   2.5054503e+02  -8.3358621e+01  -3.3904340e+00
   2.5461002e+02  -8.2605524e+01  -3.3115311e+00
   2.5874097e+02  -8.1729584e+01  -3.5199836e+00
   2.6293893e+02  -7.8694801e+01  -3.4408481e+00
   2.6720501e+02  -7.8034437e+01  -3.5157172e+00
   2.7154030e+02  -7.4923268e+01  -3.5421735e+00
   2.7594593e+02  -7.5858155e+01  -3.5011990e+00
   2.8042304e+02  -7.4772073e+01  -3.5011990e+00
   2.8497279e+02  -7.3603889e+01  -3.5469463e+00
   2.8959636e+02  -7.2443481e+01  -3.6841049e+00
   2.9429494e+02  -7.1475352e+01  -3.6315184e+00
   2.9906976e+02  -7.1909760e+01  -3.8479027e+00
   3.0392204e+02  -7.1008450e+01  -3.7424197e+00
   3.0885305e+02  -7.0110184e+01  -4.0183933e+00
   3.1386407e+02  -7.0543453e+01  -3.9084705e+00
   3.1895638e+02  -6.9605858e+01  -4.1314307e+00
   3.2413132e+02  -6.8549185e+01  -4.0783203e+00
   3.2939022e+02  -6.9125142e+01  -4.1726619e+00
   3.3473444e+02  -6.8043798e+01  -4.2605981e+00
   3.4016537e+02  -6.6996668e+01  -4.2080270e+00
   3.4568441e+02  -6.7540849e+01  -4.3861626e+00
   3.5129300e+02  -6.6545004e+01  -4.3070736e+00
   3.5699259e+02  -6.5762004e+01  -4.5156783e+00
   3.6278465e+02  -6.6088679e+01  -4.4363562e+00
   3.6867068e+02  -6.5322172e+01  -4.5859539e+00
   3.7465221e+02  -6.4562382e+01  -4.5594352e+00
   3.8073079e+02  -6.4874321e+01  -4.6290975e+00
   3.8690799e+02  -6.4133297e+01  -4.8370707e+00
   3.9318541e+02  -6.4446834e+01  -4.7320733e+00
   3.9956469e+02  -6.3704716e+01  -5.0512700e+00
   4.0604746e+02  -6.4019859e+01  -4.9196365e+00
   4.1263541e+02  -6.3289440e+01  -5.1938707e+00
   4.1933025e+02  -6.2552394e+01  -5.1146578e+00
   4.2613372e+02  -6.2853804e+01  -5.3233640e+00
   4.3304756e+02  -6.2225687e+01  -5.2439176e+00
   4.4007358e+02  -6.2418267e+01  -5.4257774e+00
   4.4721360e+02  -6.2008256e+01  -5.3726570e+00
   4.5446945e+02  -6.1637442e+01  -5.4676259e+00
   4.6184303e+02  -6.1807647e+01  -5.5112885e+00
   4.6933625e+02  -6.1289772e+01  -5.4849980e+00
   4.7695104e+02  -6.1546387e+01  -5.6711317e+00
   4.8468937e+02  -6.0910264e+01  -5.5656599e+00
   4.9255326e+02  -6.1196852e+01  -5.8438158e+00
   5.0054474e+02  -6.0540964e+01  -5.7380331e+00
   5.0866587e+02  -5.9934748e+01  -6.0164435e+00
   5.1691877e+02  -6.0191166e+01  -5.9103489e+00
   5.2530556e+02  -5.9584055e+01  -6.1853475e+00
   5.3382843e+02  -5.9841788e+01  -6.4595309e+00
   5.4248958e+02  -5.9268845e+01  -6.3544000e+00
   5.5129125e+02  -5.8874329e+01  -6.6309348e+00
   5.6023572e+02  -5.9005845e+01  -6.5213790e+00
   5.6932532e+02  -5.8584906e+01  -6.7979028e+00
   5.7856239e+02  -5.8776778e+01  -6.6920366e+00
   5.8794933e+02  -5.8265989e+01  -6.9673992e+00
   5.9748857e+02  -5.8486155e+01  -7.1932368e+00
   6.0718257e+02  -5.7921717e+01  -7.1145582e+00
   6.1703386e+02  -5.7315821e+01  -7.3228271e+00
   6.2704498e+02  -5.7571769e+01  -7.2439167e+00
   6.3721853e+02  -5.6964980e+01  -7.4889150e+00
   6.4755714e+02  -5.7222239e+01  -7.3792727e+00
   6.5806349e+02  -5.6606301e+01  -7.6560625e+00
   6.6874030e+02  -5.5991725e+01  -7.5501127e+00
   6.7959034e+02  -5.6247200e+01  -7.8253421e+00
   6.9061642e+02  -5.5711109e+01  -8.0527189e+00
   7.0182139e+02  -5.5903044e+01  -7.9739783e+00
   7.1320815e+02  -5.5511482e+01  -8.1822980e+00
   7.2477966e+02  -5.5617465e+01  -8.1033253e+00
   7.3653892e+02  -5.5316950e+01  -8.3832540e+00
   7.4848896e+02  -5.4837816e+01  -8.2460929e+00
   7.6063289e+02  -5.5056055e+01  -8.5621797e+00
   7.7297385e+02  -5.4469426e+01  -8.4561463e+00
   7.8551503e+02  -5.4715935e+01  -8.7312424e+00
   7.9825969e+02  -5.4041809e+01  -9.0052329e+00
   8.1121113e+02  -5.4356586e+01  -8.9001625e+00
   8.2437270e+02  -5.3649642e+01  -9.2167959e+00
   8.3774781e+02  -5.3164881e+01  -9.0799300e+00
   8.5133992e+02  -5.3322585e+01  -9.4253420e+00
   8.6515256e+02  -5.2946743e+01  -9.2930855e+00
   8.7918931e+02  -5.3083695e+01  -9.6092089e+00
   8.9345380e+02  -5.2708854e+01  -9.4989504e+00
   9.0794972e+02  -5.2873859e+01  -9.7776354e+00
   9.2268083e+02  -5.2483160e+01  -1.0055278e+01
   9.3765095e+02  -5.2088903e+01  -9.9501245e+00
   9.5286396e+02  -5.2252408e+01  -1.0228020e+01
   9.6832379e+02  -5.1840169e+01  -1.0122557e+01
   9.8403444e+02  -5.1998168e+01  -1.0400705e+01
   1.0000000e+03  -5.1581105e+01  -1.0294931e+01
   1.0110250e+03  -5.1688786e+01  -1.0606790e+01
   1.0221716e+03  -5.1797654e+01  -1.0535070e+01
   1.0334411e+03  -5.1392380e+01  -1.0462560e+01
   1.0448348e+03  -5.1467242e+01  -1.0774857e+01
   1.0563541e+03  -5.1118193e+01  -1.0702876e+01
   1.0680004e+03  -5.1211189e+01  -1.1013636e+01
   1.0797752e+03  -5.1305210e+01  -1.0939391e+01
   1.0916797e+03  -5.0918393e+01  -1.0864327e+01
   1.1037155e+03  -5.1011829e+01  -1.1211456e+01
   1.1158840e+03  -5.0710692e+01  -1.1121712e+01
   1.1281866e+03  -5.0764313e+01  -1.1510593e+01
   1.1406249e+03  -5.0818525e+01  -1.1418025e+01
   1.1532003e+03  -5.0658491e+01  -1.1324437e+01
   1.1659144e+03  -5.0676430e+01  -1.1631565e+01
   1.1787686e+03  -5.0694567e+01  -1.1577857e+01
   1.1917646e+03  -5.0556452e+01  -1.1523557e+01
   1.2049038e+03  -5.0612574e+01  -1.1757643e+01
   1.2181879e+03  -5.0297837e+01  -1.1703739e+01
   1.2316185e+03  -5.0387300e+01  -1.1937167e+01
   1.2451971e+03  -5.0477750e+01  -1.1883656e+01
   1.2589254e+03  -5.0055454e+01  -1.1829555e+01
   1.2728051e+03  -5.0167408e+01  -1.2103598e+01
   1.2868378e+03  -4.9703976e+01  -1.2031989e+01
   1.3010252e+03  -4.9811056e+01  -1.1959590e+01
   1.3153691e+03  -4.9919315e+01  -1.2303399e+01
   1.3298710e+03  -4.9451709e+01  -1.2210055e+01
   1.3445329e+03  -4.9559180e+01  -1.2595814e+01
   1.3593564e+03  -4.9667835e+01  -1.2503050e+01
   1.3743433e+03  -4.9170041e+01  -1.2409262e+01
   1.3894955e+03  -4.9300793e+01  -1.2761096e+01
   1.4048147e+03  -4.8804068e+01  -1.2689333e+01
   1.4203028e+03  -4.8915445e+01  -1.2616779e+01
   1.4359617e+03  -4.9028049e+01  -1.2929149e+01
   1.4517932e+03  -4.8564214e+01  -1.2857124e+01
   1.4677993e+03  -4.8676119e+01  -1.3210353e+01
   1.4839818e+03  -4.8167405e+01  -1.3117490e+01
   1.5003427e+03  -4.8297150e+01  -1.3023602e+01
   1.5168840e+03  -4.8428325e+01  -1.3479331e+01
   1.5336077e+03  -4.7890320e+01  -1.3348705e+01
   1.5505158e+03  -4.8025969e+01  -1.3843602e+01
   1.5676103e+03  -4.7537701e+01  -1.3732334e+01
   1.5848932e+03  -4.7648864e+01  -1.3619838e+01
   1.6023667e+03  -4.7761253e+01  -1.4046405e+01
   1.6200328e+03  -4.7297755e+01  -1.3953241e+01
   1.6378937e+03  -4.7409445e+01  -1.4386317e+01
   1.6559515e+03  -4.7522367e+01  -1.4275215e+01
   1.6742084e+03  -4.7058035e+01  -1.4162888e+01
   1.6926666e+03  -4.7170255e+01  -1.4548274e+01
   1.7113283e+03  -4.6746994e+01  -1.4476650e+01
   1.7301957e+03  -4.6836439e+01  -1.4404236e+01
   1.7492712e+03  -4.6926870e+01  -1.4716374e+01
   1.7685569e+03  -4.6539262e+01  -1.4644488e+01
   1.7880553e+03  -4.6632537e+01  -1.5001236e+01
   1.8077687e+03  -4.6246440e+01  -1.4908552e+01
   1.8276994e+03  -4.6335654e+01  -1.4814846e+01
   1.8478498e+03  -4.6425852e+01  -1.5201170e+01
   1.8682224e+03  -4.5998371e+01  -1.5108047e+01
   1.8888196e+03  -4.6110013e+01  -1.5013897e+01
   1.9096439e+03  -4.6222885e+01  -1.5404322e+01
   1.9306977e+03  -4.5695760e+01  -1.5314272e+01
   1.9519837e+03  -4.5845322e+01  -1.5660389e+01
   1.9735044e+03  -4.5311721e+01  -1.5586083e+01
   1.9952623e+03  -4.5423195e+01  -1.5510958e+01
   2.0172601e+03  -4.5535898e+01  -1.5822336e+01
   2.0395005e+03  -4.5105887e+01  -1.5750481e+01
   2.0619860e+03  -4.5199223e+01  -1.6108021e+01
   2.0847195e+03  -4.4813477e+01  -1.6015377e+01
   2.1077035e+03  -4.4906233e+01  -1.5921713e+01
   2.1309410e+03  -4.5000011e+01  -1.6346546e+01
   2.1544347e+03  -4.4611424e+01  -1.6234846e+01
   2.1781874e+03  -4.4701119e+01  -1.6121916e+01
   2.2022019e+03  -4.4791804e+01  -1.6586261e+01
   2.2264813e+03  -4.4435002e+01  -1.6474032e+01
   2.2510283e+03  -4.4509832e+01  -1.6896175e+01
   2.2758459e+03  -4.4241067e+01  -1.6803232e+01
   2.3009372e+03  -4.4294746e+01  -1.6709264e+01
   2.3263051e+03  -4.4349016e+01  -1.7065121e+01
   2.3519526e+03  -4.4081755e+01  -1.6993220e+01
   2.3778830e+03  -4.4156391e+01  -1.7258955e+01
   2.4040992e+03  -4.3802612e+01  -1.7205422e+01
   2.4306044e+03  -4.3895328e+01  -1.7151299e+01
   2.4574019e+03  -4.3989065e+01  -1.7423425e+01
   2.4844948e+03  -4.3602691e+01  -1.7348992e+01
   2.5118864e+03  -4.3695846e+01  -1.7273738e+01
   2.5395800e+03  -4.3310344e+01  -1.7617682e+01
   2.5675790e+03  -4.3399443e+01  -1.7527710e+01
   2.5958866e+03  -4.3489525e+01  -1.7916169e+01
   2.6245063e+03  -4.3059652e+01  -1.7823367e+01
   2.6534415e+03  -4.3171150e+01  -1.7729542e+01
   2.6826958e+03  -4.3283877e+01  -1.8118360e+01
   2.7122726e+03  -4.2786227e+01  -1.8028620e+01
   2.7421754e+03  -4.2916925e+01  -1.7937891e+01
   2.7724080e+03  -4.2420983e+01  -1.8354444e+01
   2.8029739e+03  -4.2532313e+01  -1.8242145e+01
   2.8338767e+03  -4.2644871e+01  -1.8705503e+01
   2.8651203e+03  -4.2141844e+01  -1.8593902e+01
   2.8967083e+03  -4.2267444e+01  -1.8481070e+01
   2.9286446e+03  -4.2394429e+01  -1.8916207e+01
   2.9609329e+03  -4.1912445e+01  -1.8826274e+01
   2.9935773e+03  -4.2006001e+01  -1.9214806e+01
   3.0265816e+03  -4.1659320e+01  -1.9122044e+01
   3.0599497e+03  -4.1730906e+01  -1.9028260e+01
   3.0936857e+03  -4.1803282e+01  -1.9380022e+01
   3.1277937e+03  -4.1458890e+01  -1.9308262e+01
   3.1622777e+03  -4.1552205e+01  -1.9235710e+01
   3.1971418e+03  -4.1255903e+01  -1.9605891e+01
   3.2323904e+03  -4.1309454e+01  -1.9493640e+01
   3.2680276e+03  -4.1363595e+01  -1.9956922e+01
   3.3040577e+03  -4.1129773e+01  -1.9845369e+01
   3.3404850e+03  -4.1183520e+01  -1.9732586e+01
   3.3773139e+03  -4.1237859e+01  -2.0196700e+01
   3.4145489e+03  -4.0904299e+01  -2.0084618e+01
   3.4521944e+03  -4.1012185e+01  -2.0590948e+01
   3.4902549e+03  -4.0457056e+01  -2.0460998e+01
   3.5287350e+03  -4.0611448e+01  -2.0329616e+01
   3.5676394e+03  -4.0767543e+01  -2.0800124e+01
   3.6069727e+03  -4.0120455e+01  -2.0706863e+01
   3.6467397e+03  -4.0295159e+01  -2.1046975e+01
   3.6869451e+03  -3.9649676e+01  -2.0975615e+01
   3.7275937e+03  -3.9798148e+01  -2.0903467e+01
   3.7686905e+03  -3.9948256e+01  -2.1213919e+01
   3.8102404e+03  -3.9401469e+01  -2.1139503e+01
   3.8522484e+03  -3.9513351e+01  -2.1064265e+01
   3.8947195e+03  -3.9050274e+01  -2.1440793e+01
   3.9376589e+03  -3.9157285e+01  -2.1332851e+01
   3.9810717e+03  -3.9265476e+01  -2.1799047e+01
   4.0249631e+03  -3.8719397e+01  -2.1687710e+01
   4.0693384e+03  -3.8868189e+01  -2.1575145e+01
   4.1142030e+03  -3.9018620e+01  -2.2038918e+01
   4.1595622e+03  -3.8431886e+01  -2.1927053e+01
   4.2054214e+03  -3.8562696e+01  -2.2389733e+01
   4.2517863e+03  -3.8106848e+01  -2.2278563e+01
   4.2986623e+03  -3.8196215e+01  -2.2166167e+01
   4.3460552e+03  -3.8286568e+01  -2.2629676e+01
   4.3939706e+03  -3.7935358e+01  -2.2517979e+01
   4.4424142e+03  -3.8009914e+01  -2.2405050e+01
   4.4913919e+03  -3.7701357e+01  -2.2842065e+01
   4.5409096e+03  -3.7772666e+01  -2.2752055e+01
   4.5909732e+03  -3.7844762e+01  -2.3140444e+01
   4.6415888e+03  -3.7452398e+01  -2.3047603e+01
   4.6927625e+03  -3.7563943e+01  -2.2953738e+01
   4.7445003e+03  -3.7676718e+01  -2.3375279e+01
   4.7968085e+03  -3.7183981e+01  -2.3263342e+01
   4.8496934e+03  -3.7320038e+01  -2.3770913e+01
   4.9031614e+03  -3.6783060e+01  -2.3635866e+01
   4.9572189e+03  -3.6913141e+01  -2.3499330e+01
   5.0118723e+03  -3.7044656e+01  -2.4003021e+01
   5.0671283e+03  -3.6533675e+01  -2.3891131e+01
   5.1229936e+03  -3.6641494e+01  -2.4446221e+01
   5.1794747e+03  -3.6175070e+01  -2.4297960e+01
   5.2365785e+03  -3.6286280e+01  -2.4148064e+01
   5.2943119e+03  -3.6398717e+01  -2.4800783e+01
   5.3526818e+03  -3.5973132e+01  -2.4626400e+01
   5.4116953e+03  -3.6066247e+01  -2.5220298e+01
   5.4713593e+03  -3.6160388e+01  -2.5090624e+01
   5.5316812e+03  -3.5743407e+01  -2.4959520e+01
   5.5926681e+03  -3.5855675e+01  -2.5424105e+01
   5.6543274e+03  -3.5313738e+01  -2.5334537e+01
   5.7166665e+03  -3.5468533e+01  -2.5243982e+01
   5.7796929e+03  -3.5625035e+01  -2.5664106e+01
   5.8434141e+03  -3.4975637e+01  -2.5552022e+01
   5.9078379e+03  -3.5143968e+01  -2.6143157e+01
   5.9729720e+03  -3.4490340e+01  -2.5969297e+01
   6.0388241e+03  -3.4639038e+01  -2.5793520e+01
   6.1054023e+03  -3.4789376e+01  -2.6482844e+01
   6.1727145e+03  -3.4170618e+01  -2.6307970e+01
   6.2407688e+03  -3.4320022e+01  -2.6871629e+01
   6.3095734e+03  -3.3615217e+01  -2.6760167e+01
   6.3791366e+03  -3.3800811e+01  -2.6647475e+01
   6.4494668e+03  -3.3988451e+01  -2.7079876e+01
   6.5205723e+03  -3.3220391e+01  -2.6990056e+01
   6.5924618e+03  -3.3414430e+01  -2.7471801e+01
   6.6651438e+03  -3.2783320e+01  -2.7342097e+01
   6.7386272e+03  -3.2918449e+01  -2.7210963e+01
   6.8129207e+03  -3.3055068e+01  -2.7863500e+01
   6.8880333e+03  -3.2582073e+01  -2.7669778e+01
   6.9639740e+03  -3.2671868e+01  -2.8386472e+01
   7.0407520e+03  -3.2236100e+01  -2.8219779e+01
   7.1183765e+03  -3.2347243e+01  -2.8051249e+01
   7.1968567e+03  -3.2459611e+01  -2.8743228e+01
   7.2762022e+03  -3.1879109e+01  -2.8568951e+01
   7.3564225e+03  -3.2046614e+01  -2.9256076e+01
   7.4375273e+03  -3.2215966e+01  -2.9082694e+01
   7.5195262e+03  -3.1495391e+01  -2.8907401e+01
   7.6024291e+03  -3.1689976e+01  -2.9561499e+01
   7.6862461e+03  -3.0885737e+01  -2.9412526e+01
   7.7709871e+03  -3.1098682e+01  -2.9261911e+01
   7.8566625e+03  -3.1313974e+01  -2.9911204e+01
   7.9432823e+03  -3.0406597e+01  -2.9742815e+01
   8.0308572e+03  -3.0703225e+01  -3.0435088e+01
   8.1193976e+03  -2.9611333e+01  -3.0260957e+01
   8.2089142e+03  -2.9981919e+01  -3.0084905e+01
   8.2994176e+03  -2.8762656e+01  -3.0774631e+01
   8.3909189e+03  -2.9200291e+01  -3.0599484e+01
   8.4834290e+03  -2.7893679e+01  -3.1396143e+01
   8.5769590e+03  -2.8380335e+01  -3.1143335e+01
   8.6715202e+03  -2.7081457e+01  -3.2041944e+01
   8.7671239e+03  -2.7495447e+01  -3.1800524e+01
   8.8637816e+03  -2.6276278e+01  -3.1556441e+01
   8.9615050e+03  -2.6630203e+01  -3.2473849e+01
   9.0603058e+03  -2.5391477e+01  -3.2240608e+01
   9.1601959e+03  -2.5808038e+01  -3.3154701e+01
   9.2611873e+03  -2.4497311e+01  -3.2912858e+01
   9.3632921e+03  -2.4913532e+01  -3.2668349e+01
   9.4665226e+03  -2.3699569e+01  -3.3623179e+01
   9.5708912e+03  -2.4015656e+01  -3.3326562e+01
   9.6764105e+03  -2.3113496e+01  -3.4332722e+01
   9.7830932e+03  -2.2927444e+01  -3.4045474e+01
   9.8909520e+03  -2.3008300e+01  -3.5042092e+01
   1.0000000e+04  -2.3109892e+01  -3.4733336e+01
   1.0110250e+04  -2.4146329e+01  -3.5771496e+01
   1.0221716e+04  -2.3659692e+01  -3.5476885e+01
   1.0334411e+04  -2.5000911e+01  -3.6613754e+01
   1.0448348e+04  -2.6479500e+01  -3.6262609e+01
   1.0563541e+04  -2.7854475e+01  -3.5907592e+01
   1.0680004e+04  -2.8925170e+01  -3.7084858e+01
   1.0797752e+04  -2.9841892e+01  -3.6670269e+01
   1.0916797e+04  -3.0636062e+01  -3.7908641e+01
   1.1037155e+04  -3.3642895e+01  -3.7513904e+01
   1.1158840e+04  -3.4460495e+01  -3.8790719e+01
   1.1281866e+04  -3.5511652e+01  -3.8327610e+01
   1.1406249e+04  -3.6889218e+01  -3.9669256e+01
   1.1532003e+04  -3.8294128e+01  -4.1099373e+01
   1.1659144e+04  -3.9667552e+01  -4.0535322e+01
   1.1787686e+04  -4.0843497e+01  -4.1974344e+01
   1.1917646e+04  -4.0333616e+01  -4.1375334e+01
   1.2049038e+04  -4.1487267e+01  -4.2769546e+01
   1.2181879e+04  -4.1213709e+01  -4.2130509e+01
   1.2316185e+04  -4.1536506e+01  -4.3378232e+01
   1.2451971e+04  -4.1558452e+01  -4.4689872e+01
   1.2589254e+04  -4.1580640e+01  -4.6004601e+01
   1.2728051e+04  -4.1156597e+01  -4.7310338e+01
   1.2868378e+04  -3.9836333e+01  -4.8640364e+01
   1.3010252e+04  -4.0434684e+01  -4.7943691e+01
   1.3153691e+04  -3.9005289e+01  -4.9153942e+01
   1.3298710e+04  -3.9572080e+01  -4.8876482e+01
   1.3445329e+04  -3.8123299e+01  -4.9116449e+01
   1.3593564e+04  -3.8691471e+01  -4.9226653e+01
   1.3743433e+04  -3.7271492e+01  -4.8354315e+01
   1.3894955e+04  -3.5858135e+01  -4.8868153e+01
   1.4048147e+04  -3.6457043e+01  -4.7650796e+01
   1.4203028e+04  -3.5099439e+01  -4.6329424e+01
   1.4359617e+04  -3.5536610e+01  -4.5036792e+01
   1.4517932e+04  -3.4331731e+01  -4.3736070e+01
   1.4677993e+04  -3.4662649e+01  -4.4595238e+01
   1.4839818e+04  -3.3589706e+01  -4.3114513e+01
   1.5003427e+04  -3.3884414e+01  -4.1731549e+01
   1.5168840e+04  -3.2793001e+01  -4.2241265e+01
   1.5336077e+04  -3.3107818e+01  -4.0843905e+01
   1.5505158e+04  -3.3426106e+01  -4.1382958e+01
   1.5676103e+04  -3.2302394e+01  -3.9970364e+01
   1.5848932e+04  -3.2619734e+01  -4.0537748e+01
   1.6023667e+04  -3.1505432e+01  -3.9087935e+01
   1.6200328e+04  -3.1836388e+01  -3.7615118e+01
   1.6378937e+04  -3.0763031e+01  -3.8325989e+01
   1.6559515e+04  -3.1057772e+01  -3.6930071e+01
   1.6742084e+04  -3.0281913e+01  -3.5647110e+01
   1.6926666e+04  -3.0430217e+01  -3.6130412e+01
   1.7113283e+04  -3.0580156e+01  -3.4835875e+01
   1.7301957e+04  -3.0301510e+01  -3.5271197e+01
   1.7492712e+04  -3.0282884e+01  -3.4064693e+01
   1.7685569e+04  -3.0264053e+01  -3.4416180e+01
   1.7880553e+04  -3.0565237e+01  -3.4771542e+01
   1.8077687e+04  -3.0382575e+01  -3.3697674e+01
   1.8276994e+04  -3.1199615e+01  -3.3920958e+01
   1.8478498e+04  -3.0925266e+01  -3.3258989e+01
   1.8682224e+04  -3.1697912e+01  -3.3370834e+01
   1.8888196e+04  -3.1543219e+01  -3.3001778e+01
   1.9096439e+04  -3.1386820e+01  -3.3073094e+01
   1.9306977e+04  -3.1750600e+01  -3.3145197e+01
   1.9519837e+04  -3.1750600e+01  -3.2712457e+01
   1.9735044e+04  -3.1497950e+01  -3.2842606e+01
   1.9952623e+04  -3.1613921e+01  -3.2974190e+01
   2.0172601e+04  -3.1731171e+01  -3.2284477e+01
   2.0395005e+04  -3.1175874e+01  -3.2527593e+01
   2.0619860e+04  -3.1350846e+01  -3.1553309e+01
   2.0847195e+04  -3.0580820e+01  -3.1861808e+01
   2.1077035e+04  -3.0793575e+01  -3.0782837e+01
   2.1309410e+04  -3.1008676e+01  -3.1098229e+01
   2.1544347e+04  -3.0124131e+01  -2.9978295e+01
   2.1781874e+04  -3.0399326e+01  -3.0307220e+01
   2.2022019e+04  -2.9490035e+01  -3.0639772e+01
   2.2264813e+04  -2.9712405e+01  -2.9530535e+01
   2.2510283e+04  -2.8964561e+01  -2.9862455e+01
   2.2758459e+04  -2.9138419e+01  -2.8744419e+01
   2.3009372e+04  -2.9314194e+01  -2.9061133e+01
   2.3263051e+04  -2.8657761e+01  -2.7945021e+01
   2.3519526e+04  -2.8813203e+01  -2.8275324e+01
   2.3778830e+04  -2.8241947e+01  -2.7168722e+01
   2.4040992e+04  -2.8371984e+01  -2.7498399e+01
   2.4306044e+04  -2.8503456e+01  -2.6344839e+01
   2.4574019e+04  -2.7865200e+01  -2.6680383e+01
   2.4844948e+04  -2.8059420e+01  -2.7019627e+01
   2.5118864e+04  -2.7169985e+01  -2.5916886e+01
   2.5395800e+04  -2.7431784e+01  -2.6191700e+01
   2.5675790e+04  -2.7696469e+01  -2.5553818e+01
   2.5958866e+04  -2.6710853e+01  -2.5631295e+01
   2.6245063e+04  -2.6974465e+01  -2.5800021e+01
   2.6534415e+04  -2.6210902e+01  -2.5679519e+01
   2.6826958e+04  -2.6346542e+01  -2.5557688e+01
   2.7122726e+04  -2.6185867e+01  -2.6186114e+01
   2.7421754e+04  -2.6167341e+01  -2.5963663e+01
   2.7724080e+04  -2.6148611e+01  -2.6544364e+01
   2.8029739e+04  -2.6342283e+01  -2.6451508e+01
   2.8338767e+04  -2.6267827e+01  -2.6357629e+01
   2.8651203e+04  -2.6192550e+01  -2.6431958e+01
   2.8967083e+04  -2.6410342e+01  -2.6506595e+01
   2.9286446e+04  -2.6392342e+01  -2.5884119e+01
   2.9609329e+04  -2.6169034e+01  -2.6105334e+01
   2.9935773e+04  -2.6284948e+01  -2.6328988e+01
   3.0265816e+04  -2.6402141e+01  -2.5488473e+01
   3.0599497e+04  -2.5753780e+01  -2.5702194e+01
   3.0936857e+04  -2.5996809e+01  -2.4985592e+01
   3.1277937e+04  -2.5128347e+01  -2.5134198e+01
   3.1622777e+04  -2.5350219e+01  -2.5284442e+01
   3.1971418e+04  -2.4800832e+01  -2.4974839e+01
   3.2323904e+04  -2.4897204e+01  -2.4956876e+01
   3.2680276e+04  -2.4994638e+01  -2.5453043e+01
   3.3040577e+04  -2.4833429e+01  -2.5252106e+01
   3.3404850e+04  -2.4814798e+01  -2.5048954e+01
   3.3773139e+04  -2.4939671e+01  -2.5956497e+01
   3.4145489e+04  -2.4904032e+01  -2.5625055e+01
   3.4521944e+04  -2.4867999e+01  -2.6769387e+01
   3.4902549e+04  -2.4940048e+01  -2.6416520e+01
   3.5287350e+04  -2.4940048e+01  -2.7362922e+01
   3.5676394e+04  -2.4940048e+01  -2.7161362e+01
   3.6069727e+04  -2.4832242e+01  -2.6957580e+01
   3.6467397e+04  -2.4886093e+01  -2.7464472e+01
   3.6869451e+04  -2.4461583e+01  -2.7446460e+01
   3.7275937e+04  -2.4591187e+01  -2.7229372e+01
   3.7686905e+04  -2.4722220e+01  -2.7340838e+01
   3.8102404e+04  -2.4101945e+01  -2.7453532e+01
   3.8522484e+04  -2.4269369e+01  -2.6858714e+01
   3.8947195e+04  -2.4438638e+01  -2.7052943e+01
   3.9376589e+04  -2.3779382e+01  -2.6288609e+01
   3.9810717e+04  -2.3934975e+01  -2.6481840e+01
   4.0249631e+04  -2.3401864e+01  -2.6677201e+01
   4.0693384e+04  -2.3513433e+01  -2.5911207e+01
   4.1142030e+04  -2.3626233e+01  -2.6105565e+01
   4.1595622e+04  -2.3125500e+01  -2.5302638e+01
   4.2054214e+04  -2.3251369e+01  -2.5524317e+01
   4.2517863e+04  -2.2707357e+01  -2.5748439e+01
   4.2986623e+04  -2.2837185e+01  -2.4885734e+01
   4.3460552e+04  -2.2968445e+01  -2.5129239e+01
   4.3939706e+04  -2.2464389e+01  -2.4220562e+01
   4.4424142e+04  -2.2576198e+01  -2.4463079e+01
   4.4913919e+04  -2.2113483e+01  -2.3639041e+01
   4.5409096e+04  -2.2220424e+01  -2.3824634e+01
   4.5909732e+04  -2.2328543e+01  -2.4012272e+01
   4.6415888e+04  -2.1862677e+01  -2.3279500e+01
   4.6927625e+04  -2.1974198e+01  -2.3454133e+01
   4.7445003e+04  -2.2086948e+01  -2.2766486e+01
   4.7968085e+04  -2.1656161e+01  -2.2940222e+01
   4.8496934e+04  -2.1749535e+01  -2.3115874e+01
   4.9031614e+04  -2.1406905e+01  -2.2392613e+01
   4.9572189e+04  -2.1478352e+01  -2.2586779e+01
   5.0118723e+04  -2.1550587e+01  -2.1822537e+01
   5.0671283e+04  -2.1240296e+01  -2.2015706e+01
   5.1229936e+04  -2.1314803e+01  -2.2211005e+01
   5.1794747e+04  -2.1390132e+01  -2.1478050e+01
   5.2365785e+04  -2.1047427e+01  -2.1652916e+01
   5.2943119e+04  -2.1137488e+01  -2.0964928e+01
   5.3526818e+04  -2.0665177e+01  -2.1138895e+01
   5.4116953e+04  -2.0795228e+01  -2.1314781e+01
   5.4713593e+04  -2.0926712e+01  -2.0569268e+01
   5.5316812e+04  -2.0295136e+01  -2.0792168e+01
   5.5926681e+04  -2.0497579e+01  -1.9921092e+01
   5.6543274e+04  -1.9778491e+01  -2.0163269e+01
   5.7166665e+04  -1.9952598e+01  -1.9301504e+01
   5.7796929e+04  -2.0128624e+01  -1.9513639e+01
   5.8434141e+04  -1.9438935e+01  -1.9728112e+01
   5.9078379e+04  -1.9614057e+01  -1.8921998e+01
   5.9729720e+04  -1.8925693e+01  -1.9115973e+01
   6.0388241e+04  -1.9099915e+01  -1.8396906e+01
   6.1054023e+04  -1.9276059e+01  -1.8570586e+01
   6.1727145e+04  -1.8557006e+01  -1.8746182e+01
   6.2407688e+04  -1.8751716e+01  -1.8161184e+01
   6.3095734e+04  -1.8098818e+01  -1.8277646e+01
   6.3791366e+04  -1.8229129e+01  -1.7949392e+01
   6.4494668e+04  -1.8360876e+01  -1.8002975e+01
   6.5205723e+04  -1.8033573e+01  -1.8057148e+01
   6.5924618e+04  -1.8033573e+01  -1.7937650e+01
   6.6651438e+04  -1.8163128e+01  -1.7937650e+01
   6.7386272e+04  -1.8109517e+01  -1.7937650e+01
   6.8129207e+04  -1.8055315e+01  -1.8002014e+01
   6.8880333e+04  -1.8177458e+01  -1.7966031e+01
   6.9639740e+04  -1.8177458e+01  -1.8033573e+01
   7.0407520e+04  -1.8177458e+01  -1.8033573e+01
   7.1183765e+04  -1.8054803e+01  -1.8033573e+01
   7.1968567e+04  -1.8129618e+01  -1.7842794e+01
   7.2762022e+04  -1.7658167e+01  -1.7932422e+01
   7.3564225e+04  -1.7812900e+01  -1.8023039e+01
   7.4375273e+04  -1.7969338e+01  -1.7515358e+01
   7.5195262e+04  -1.7294925e+01  -1.7690423e+01
   7.6024291e+04  -1.7489468e+01  -1.6925850e+01
   7.6862461e+04  -1.6649303e+01  -1.7147710e+01
   7.7709871e+04  -1.6891365e+01  -1.6316215e+01
   7.8566625e+04  -1.5938462e+01  -1.6528221e+01
   7.9432823e+04  -1.6211134e+01  -1.6742565e+01
   8.0308572e+04  -1.6486813e+01  -1.5863859e+01
   8.1193976e+04  -1.5536384e+01  -1.6096487e+01
   8.2089142e+04  -1.5779395e+01  -1.5180957e+01
   8.2994176e+04  -1.4907402e+01  -1.5422165e+01
   8.3909189e+04  -1.5120268e+01  -1.5666032e+01
   8.4834290e+04  -1.5335481e+01  -1.4817401e+01
   8.5769590e+04  -1.4576137e+01  -1.5011597e+01
   8.6715202e+04  -1.4725781e+01  -1.4546433e+01
   8.7671239e+04  -1.4477494e+01  -1.4600041e+01
   8.8637816e+04  -1.4458904e+01  -1.4654240e+01
   8.9615050e+04  -1.4440110e+01  -1.4753993e+01
   9.0603058e+04  -1.4795137e+01  -1.4642186e+01
   9.1601959e+04  -1.4583656e+01  -1.5577139e+01
   9.2611873e+04  -1.5617713e+01  -1.5209291e+01
   9.3632921e+04  -1.5131700e+01  -1.4837389e+01
   9.4665226e+04  -1.6456038e+01  -1.5965404e+01
   9.5708912e+04  -1.7864255e+01  -1.7366075e+01
   9.6764105e+04  -1.9251843e+01  -1.8788661e+01
   9.7830932e+04  -1.8385840e+01  -2.0121769e+01
   9.8909520e+04  -1.9959267e+01  -1.9425301e+01
   1.0000000e+05  -1.9421082e+01  -2.0696223e+01
   1.0110250e+05  -2.0672304e+01  -2.0372615e+01
   1.0221716e+05  -2.0439617e+01  -2.0825100e+01
   1.0334411e+05  -2.0690590e+01  -2.0847134e+01
   1.0448348e+05  -2.0812058e+01  -2.0152946e+01
   1.0563541e+05  -2.0057238e+01  -2.0540432e+01
   1.0680004e+05  -2.0572665e+01  -1.9150745e+01
   1.0797752e+05  -1.9374600e+01  -1.9848710e+01
   1.0916797e+05  -1.7946344e+01  -1.8434005e+01
   1.1037155e+05  -1.8615590e+01  -1.7060316e+01
   1.1158840e+05  -1.7119784e+01  -1.7698534e+01
   1.1281866e+05  -1.5804660e+01  -1.6303734e+01
   1.1406249e+05  -1.6218638e+01  -1.6698116e+01
   1.1532003e+05  -1.6637180e+01  -1.5582708e+01
   1.1659144e+05  -1.5397521e+01  -1.5825702e+01
   1.1787686e+05  -1.5694181e+01  -1.4994089e+01
   1.1917646e+05  -1.4737962e+01  -1.5187590e+01
   1.2049038e+05  -1.4960554e+01  -1.5383223e+01
   1.2181879e+05  -1.4166742e+01  -1.4609798e+01
   1.2316185e+05  -1.4360110e+01  -1.4796839e+01
   1.2451971e+05  -1.4555610e+01  -1.4068418e+01
   1.2589254e+05  -1.3878212e+01  -1.4242496e+01
   1.2728051e+05  -1.4009051e+01  -1.4418492e+01
   1.2868378e+05  -1.3594857e+01  -1.3785447e+01
   1.3010252e+05  -1.3666367e+01  -1.3916321e+01
   1.3153691e+05  -1.3738666e+01  -1.3458559e+01
   1.3298710e+05  -1.3428493e+01  -1.3547971e+01
   1.3445329e+05  -1.3503065e+01  -1.3638368e+01
   1.3593564e+05  -1.3147707e+01  -1.3284568e+01
   1.3743433e+05  -1.3236864e+01  -1.3356358e+01
   1.3894955e+05  -1.3327004e+01  -1.3428940e+01
   1.4048147e+05  -1.2898330e+01  -1.3116524e+01
   1.4203028e+05  -1.3009899e+01  -1.3188577e+01
   1.4359617e+05  -1.3122699e+01  -1.2794142e+01
   1.4517932e+05  -1.2658558e+01  -1.2905621e+01
   1.4677993e+05  -1.2770657e+01  -1.3018328e+01
   1.4839818e+05  -1.2392987e+01  -1.2588242e+01
   1.5003427e+05  -1.2464466e+01  -1.2681581e+01
   1.5168840e+05  -1.2536732e+01  -1.2295167e+01
   1.5336077e+05  -1.2224839e+01  -1.2384442e+01
   1.5505158e+05  -1.2296579e+01  -1.2474702e+01
   1.5676103e+05  -1.2369110e+01  -1.2048496e+01
   1.5848932e+05  -1.1997926e+01  -1.2160214e+01
   1.6023667e+05  -1.2110144e+01  -1.2273165e+01
   1.6200328e+05  -1.1688174e+01  -1.1808789e+01
   1.6378937e+05  -1.1781109e+01  -1.1921037e+01
   1.6559515e+05  -1.1875068e+01  -1.1456147e+01
   1.6742084e+05  -1.1485588e+01  -1.1563508e+01
   1.6926666e+05  -1.1575455e+01  -1.1672053e+01
   1.7113283e+05  -1.1095578e+01  -1.1276272e+01
   1.7301957e+05  -1.1225350e+01  -1.1350911e+01
   1.7492712e+05  -1.1356553e+01  -1.0951399e+01
   1.7685569e+05  -1.0781389e+01  -1.1058483e+01
   1.7880553e+05  -1.0936449e+01  -1.1166748e+01
   1.8077687e+05  -1.0371237e+01  -1.0662132e+01
   1.8276994e+05  -1.0500955e+01  -1.0792414e+01
   1.8478498e+05  -1.0632103e+01  -1.0924132e+01
   1.8682224e+05  -1.0091311e+01  -1.0387263e+01
   1.8888196e+05  -1.0221645e+01  -1.0523472e+01
   1.9096439e+05  -1.0353415e+01  -1.0023599e+01
   1.9306977e+05  -9.8116507e+00  -1.0131029e+01
   1.9519837e+05  -9.9426023e+00  -1.0239644e+01
   1.9735044e+05  -9.3635417e+00  -9.7373527e+00
   1.9952623e+05  -9.5183041e+00  -9.8631464e+00
   2.0172601e+05  -9.6747728e+00  -9.3195797e+00
   2.0395005e+05  -9.1493482e+00  -9.4545934e+00
   2.0619860e+05  -9.2428460e+00  -9.5910957e+00
   2.0847195e+05  -9.1065681e+00  -9.1601798e+00
   2.1077035e+05  -9.0886828e+00  -9.2347552e+00
   2.1309410e+05  -9.0706002e+00  -9.2991153e+00
   2.1544347e+05  -9.3252232e+00  -9.2250033e+00
   2.1781874e+05  -9.2133154e+00  -9.1500741e+00
   2.2022019e+05  -9.6760616e+00  -9.5363389e+00
   2.2264813e+05  -9.5648491e+00  -9.4246435e+00
   2.2510283e+05  -9.4524105e+00  -9.3117167e+00
   2.2758459e+05  -9.7649134e+00  -9.6235991e+00
   2.3009372e+05  -9.7290658e+00  -9.6055975e+00
   2.3263051e+05  -9.6928229e+00  -9.4683354e+00
   2.3519526e+05  -9.6252647e+00  -9.5426068e+00
   2.3778830e+05  -9.7187217e+00  -9.6176970e+00
   2.4040992e+05  -9.1234988e+00  -9.2034412e+00
   2.4306044e+05  -9.3167866e+00  -9.3340326e+00
   2.4574019e+05  -9.5122055e+00  -8.7039771e+00
   2.4844948e+05  -8.6905621e+00  -8.8776059e+00
   2.5118864e+05  -8.9337132e+00  -9.0531490e+00
   2.5395800e+05  -7.9482387e+00  -8.2650015e+00
   2.5675790e+05  -8.2307638e+00  -8.5076910e+00
   2.5958866e+05  -7.1279617e+00  -7.4818590e+00
   2.6245063e+05  -7.4427175e+00  -7.8118149e+00
   2.6534415e+05  -7.7609435e+00  -6.7948643e+00
   2.6826958e+05  -6.7837128e+00  -7.0677253e+00
   2.7122726e+05  -6.9863080e+00  -7.3435946e+00
   2.7421754e+05  -6.5394591e+00  -6.5688158e+00
   2.7724080e+05  -6.5766690e+00  -6.6809302e+00
   2.8029739e+05  -6.6142891e+00  -6.5608589e+00
   2.8338767e+05  -6.5860196e+00  -6.5251147e+00
   2.8651203e+05  -6.5486332e+00  -6.4889763e+00
   2.8967083e+05  -6.7034492e+00  -6.9007708e+00
   2.9286446e+05  -6.6676907e+00  -6.7330332e+00
   2.9609329e+05  -6.6315379e+00  -7.6142963e+00
   2.9935773e+05  -6.7510725e+00  -7.3416632e+00
   3.0265816e+05  -6.7331279e+00  -7.0660243e+00
   3.0599497e+05  -6.7149854e+00  -8.0396402e+00
   3.0936857e+05  -6.8540738e+00  -7.7648225e+00
   3.1277937e+05  -6.8000431e+00  -8.7431121e+00
   3.1622777e+05  -7.2439568e+00  -8.4806724e+00
   3.1971418e+05  -7.0953432e+00  -9.4632157e+00
   3.2323904e+05  -6.9450912e+00  -9.2018411e+00
   3.2680276e+05  -7.7433769e+00  -8.9375847e+00
   3.3040577e+05  -7.4475036e+00  -9.9986069e+00
   3.3404850e+05  -8.6677043e+00  -9.6448565e+00
   3.3773139e+05  -8.1277614e+00  -1.0893729e+01
   3.4145489e+05  -9.4836064e+00  -1.0407454e+01
   3.4521944e+05  -1.0890234e+01  -1.1816480e+01
   3.4902549e+05  -1.0223232e+01  -1.3223609e+01
   3.5287350e+05  -1.1724286e+01  -1.2714853e+01
   3.5676394e+05  -1.3022088e+01  -1.3639535e+01
   3.6069727e+05  -1.2564085e+01  -1.3441869e+01
   3.6467397e+05  -1.3266315e+01  -1.3242024e+01
   3.6869451e+05  -1.3156471e+01  -1.3559130e+01
   3.7275937e+05  -1.2853975e+01  -1.3643881e+01
   3.7686905e+05  -1.3051318e+01  -1.3078718e+01
   3.8102404e+05  -1.3250836e+01  -1.3332213e+01
   3.8522484e+05  -1.2376546e+01  -1.2317937e+01
   3.8947195e+05  -1.2730572e+01  -1.2633862e+01
   3.9376589e+05  -1.1538114e+01  -1.1471016e+01
   3.9810717e+05  -1.1875921e+01  -1.1822461e+01
   4.0249631e+05  -1.0759391e+01  -1.2177782e+01
   4.0693384e+05  -1.1054092e+01  -1.0967583e+01
   4.1142030e+05  -1.0008302e+01  -1.1344394e+01
   4.1595622e+05  -1.0302125e+01  -1.0135838e+01
   4.2054214e+05  -1.0599187e+01  -1.0453086e+01
   4.2517863e+05  -9.5199961e+00  -9.3673215e+00
   4.2986623e+05  -9.8373291e+00  -9.6625382e+00
   4.3460552e+05  -8.7148303e+00  -8.5737687e+00
   4.3939706e+05  -9.0312180e+00  -8.8891301e+00
   4.4424142e+05  -7.9901831e+00  -9.2079682e+00
   4.4913919e+05  -8.2520355e+00  -8.1376444e+00
   4.5409096e+05  -8.5167748e+00  -8.4131476e+00
   4.5909732e+05  -7.5416969e+00  -7.4397039e+00
   4.6415888e+05  -7.8169751e+00  -7.7143865e+00
   4.6927625e+05  -6.9003449e+00  -6.8497395e+00
   4.7445003e+05  -7.1137678e+00  -7.0433405e+00
   4.7968085e+05  -6.3610687e+00  -7.2390759e+00
   4.8496934e+05  -6.5280181e+00  -6.5246328e+00
   4.9031614e+05  -6.6968081e+00  -6.6743437e+00
   4.9572189e+05  -6.0012374e+00  -6.0565663e+00
   5.0118723e+05  -6.1689786e+00  -6.2053470e+00
   5.0671283e+05  -5.4753489e+00  -6.3557679e+00
   5.1229936e+05  -5.6488102e+00  -5.6855436e+00
   5.1794747e+05  -5.8241839e+00  -5.8881933e+00
   5.2365785e+05  -5.1354511e+00  -5.1274689e+00
   5.2943119e+05  -5.3099240e+00  -5.3211178e+00
   5.3526818e+05  -4.6225116e+00  -4.6054677e+00
   5.4116953e+05  -4.7960883e+00  -4.7788565e+00
   5.4713593e+05  -4.9715787e+00  -4.9541569e+00
   5.5316812e+05  -4.2469369e+00  -4.2655315e+00
   5.5926681e+05  -4.4409247e+00  -4.4399315e+00
   5.6543274e+05  -3.6769440e+00  -3.7526260e+00
   5.7166665e+05  -3.8699354e+00  -3.9261302e+00
   5.7796929e+05  -4.0650545e+00  -4.1015473e+00
   5.8434141e+05  -3.3292826e+00  -3.4087199e+00
   5.9078379e+05  -3.4971770e+00  -3.5764326e+00
   5.9729720e+05  -2.8486092e+00  -2.9301441e+00
   6.0388241e+05  -2.9969214e+00  -3.0843057e+00
   6.1054023e+05  -3.1468687e+00  -3.2401669e+00
   6.1727145e+05  -2.5663485e+00  -2.5907913e+00
   6.2407688e+05  -2.6967372e+00  -2.7652344e+00
   6.3095734e+05  -2.8285634e+00  -2.0316280e+00
   6.3791366e+05  -2.2919219e+00  -2.2244581e+00
   6.4494668e+05  -2.4282434e+00  -2.4194143e+00
   6.5205723e+05  -1.8926799e+00  -1.6540142e+00
   6.5924618e+05  -2.0283013e+00  -1.8479689e+00
   6.6651438e+05  -1.5402849e+00  -1.1280969e+00
   6.7386272e+05  -1.6472516e+00  -1.2949895e+00
   6.8129207e+05  -1.7553976e+00  -1.4637220e+00
   6.8880333e+05  -1.2078485e+00  -8.0544967e-01
   6.9639740e+05  -1.3565785e+00  -9.5450221e-01
   7.0407520e+05  -1.5069482e+00  -2.9013773e-01
   7.1183765e+05  -8.8814067e-01  -4.6353995e-01
   7.1968567e+05  -1.0375761e+00  -6.3885394e-01
   7.2762022e+05  -5.0598932e-01   1.5545185e-02
   7.3564225e+05  -6.1318598e-01  -1.3344510e-01
   7.4375273e+05  -7.2156448e-01  -2.8407800e-01
   7.5195262e+05  -3.2904599e-01   2.7533659e-01
   7.6024291e+05  -4.0077166e-01   1.6306387e-01
   7.6862461e+05  -4.7328810e-01   6.6682850e-01
   7.7709871e+05  -1.9267766e-01   5.3665753e-01
   7.8566625e+05  -2.4666854e-01   4.0505142e-01
   7.9432823e+05   1.1667021e-01   1.0307912e+00
   8.0308572e+05   5.2920808e-03   8.2816023e-01
   8.1193976e+05  -1.0731399e-01   1.6621854e+00
   8.2089142e+05   4.2333995e-01   1.4200151e+00
   8.2994176e+05   2.6807862e-01   2.2808425e+00
   8.3909189e+05   1.0112884e+00   2.0597539e+00
   8.4834290e+05   7.9890060e-01   1.8362278e+00
   8.5769590e+05   5.8417123e-01   2.7030152e+00
   8.6715202e+05   1.5102751e+00   2.4601581e+00
   8.7671239e+05   1.2144228e+00   3.4047335e+00
   8.8637816e+05   2.2931674e+00   3.1311648e+00
   8.9615050e+05   1.9625818e+00   4.1021512e+00
   9.0603058e+05   3.0318901e+00   3.8293974e+00
   9.1601959e+05   2.7374791e+00   3.5536365e+00
   9.2611873e+05   3.7356104e+00   4.5583849e+00
   9.3632921e+05   3.4745421e+00   4.2622963e+00
   9.4665226e+05   3.2105955e+00   5.2050034e+00
   9.5708912e+05   4.1533787e+00   4.9828407e+00
   9.6764105e+05   3.9000366e+00   5.7723748e+00
   9.7830932e+05   4.7609640e+00   5.5869031e+00
   9.8909520e+05   4.5391936e+00   5.3993866e+00
   1.0000000e+06   5.3224079e+00   6.0246625e+00
   1.0081204e+06   5.1805090e+00   5.9423088e+00
   1.0163068e+06   5.0374579e+00   5.8592864e+00
   1.0245596e+06   4.8932451e+00   6.0474959e+00
   1.0328795e+06   5.6743604e+00   6.0606545e+00
   1.0412669e+06   5.5509815e+00   6.0739200e+00
   1.0497224e+06   5.4266006e+00   6.0872933e+00
   1.0582466e+06   6.0740894e+00   5.7405168e+00
   1.0668400e+06   5.9785014e+00   5.8546853e+00
   1.0755032e+06   5.8821372e+00   5.9697810e+00
   1.0842367e+06   5.7849905e+00   5.0670480e+00
   1.0930412e+06   6.1687797e+00   5.2838414e+00
   1.1019172e+06   6.1423844e+00   5.5023953e+00
   1.1108652e+06   6.1157747e+00   4.2911323e+00
   1.1198859e+06   5.9058745e+00   4.5387352e+00
   1.1289798e+06   5.9877420e+00   4.7883488e+00
   1.1381476e+06   6.0702743e+00   3.5088273e+00
   1.1473899e+06   6.1534768e+00   3.7801302e+00
   1.1567071e+06   5.3957634e+00   4.0536362e+00
   1.1661001e+06   5.5974499e+00   2.7508272e+00
   1.1755693e+06   5.8007742e+00   3.0395240e+00
   1.1851154e+06   4.6024847e+00   3.3305651e+00
   1.1947391e+06   4.8781877e+00   1.9080990e+00
   1.2044409e+06   5.1561296e+00   2.3055985e+00
   1.2142214e+06   3.7523686e+00   7.1223710e-01
   1.2240814e+06   4.1098980e+00   1.2360493e+00
   1.2340215e+06   2.5547149e+00  -3.5287182e-01
   1.2440422e+06   3.0226718e+00   1.3790007e-01
   1.2541444e+06   3.4944287e+00  -1.3836235e+00
   1.2643286e+06   1.9483972e+00  -9.8792822e-01
   1.2745954e+06   2.4196094e+00  -5.8901975e-01
   1.2849457e+06   8.3535189e-01  -2.1460223e+00
   1.2953800e+06   1.2532692e+00  -1.7285574e+00
   1.3058990e+06  -3.4250768e-01  -3.2837493e+00
   1.3165035e+06   7.4023787e-02  -2.9085422e+00
   1.3271940e+06   4.9393767e-01  -2.5302883e+00
   1.3379714e+06  -1.0484372e+00  -4.0120791e+00
   1.3488363e+06  -7.2592854e-01  -3.6902683e+00
   1.3597894e+06  -2.0039846e+00  -3.3658444e+00
   1.3708315e+06  -1.7612611e+00  -4.7557566e+00
   1.3819632e+06  -1.5165666e+00  -4.4657015e+00
   1.3931853e+06  -2.7929727e+00  -5.8478134e+00
   1.4044986e+06  -2.5045050e+00  -5.5272782e+00
   1.4159037e+06  -2.2136948e+00  -5.2041401e+00
   1.4274014e+06  -3.6175246e+00  -6.6083740e+00
   1.4389925e+06  -3.2602532e+00  -6.2870044e+00
   1.4506778e+06  -2.9000806e+00  -5.9630252e+00
   1.4624579e+06  -4.4065480e+00  -7.3223375e+00
   1.4743337e+06  -3.9879661e+00  -7.0622519e+00
   1.4863059e+06  -5.5846790e+00  -6.8000543e+00
   1.4983753e+06  -5.1674851e+00  -8.0417252e+00
   1.5105427e+06  -6.6732435e+00  -7.7977892e+00
   1.5228090e+06  -6.3170283e+00  -7.5518724e+00
   1.5351748e+06  -5.9579204e+00  -8.7813784e+00
   1.5476411e+06  -7.3656312e+00  -8.5210673e+00
   1.5602086e+06  -7.0765169e+00  -8.2586423e+00
   1.5728781e+06  -6.7850550e+00  -9.5672509e+00
   1.5856506e+06  -8.1012790e+00  -9.2905504e+00
   1.5985267e+06  -7.8412872e+00  -1.0642421e+01
   1.6115074e+06  -7.5791842e+00  -1.0367830e+01
   1.6245936e+06  -8.8547883e+00  -1.0091010e+01
   1.6377859e+06  -8.5946838e+00  -1.1395416e+01
   1.6510854e+06  -8.3324672e+00  -1.1124407e+01
   1.6644930e+06  -9.6640994e+00  -1.0851197e+01
   1.6780093e+06  -9.3572480e+00  -1.2115376e+01
   1.6916355e+06  -1.0727855e+01  -1.1856433e+01
   1.7053723e+06  -1.0439950e+01  -1.1595388e+01
   1.7192206e+06  -1.0149706e+01  -1.2868941e+01
   1.7331814e+06  -1.1407015e+01  -1.2609886e+01
   1.7472556e+06  -1.1174970e+01  -1.2348728e+01
   1.7614440e+06  -1.0941042e+01  -1.3659714e+01
   1.7757477e+06  -1.2055408e+01  -1.3371080e+01
   1.7901675e+06  -1.1862912e+01  -1.3080101e+01
   1.8047044e+06  -1.1668853e+01  -1.4451189e+01
   1.8193594e+06  -1.1473219e+01  -1.4129634e+01
   1.8341333e+06  -1.2493834e+01  -1.3805467e+01
   1.8490273e+06  -1.2315013e+01  -1.5158619e+01
   1.8640422e+06  -1.2134739e+01  -1.4885843e+01
   1.8791790e+06  -1.3107503e+01  -1.6100526e+01
   1.8944387e+06  -1.2928991e+01  -1.5868817e+01
   1.9098223e+06  -1.2749030e+01  -1.5635226e+01
   1.9253309e+06  -1.3605550e+01  -1.5399738e+01
   1.9409654e+06  -1.3482313e+01  -1.6516246e+01
   1.9567268e+06  -1.3358076e+01  -1.6337373e+01
