   2.0487905e+01  -2.1101695e+01
   2.0987712e+01  -2.1101695e+01
   2.1499712e+01  -2.1337100e+01
   2.2024203e+01  -2.1525424e+01
   2.2561488e+01  -2.1807910e+01
   2.3111881e+01  -2.1949153e+01
   2.3675701e+01  -2.2184557e+01
   2.4253276e+01  -2.2372881e+01
   2.4844940e+01  -2.2655367e+01
   2.5451038e+01  -2.2796610e+01
   2.6071922e+01  -2.3079096e+01
   2.6707953e+01  -2.3267420e+01
   2.7359500e+01  -2.3455744e+01
   2.8026941e+01  -2.3644068e+01
   2.8710665e+01  -2.3691149e+01
   2.9411069e+01  -2.4067797e+01
   3.0128559e+01  -2.4067797e+01
   3.0863552e+01  -2.4114878e+01
   3.1616476e+01  -2.4397363e+01
   3.2387767e+01  -2.4538606e+01
   3.3177874e+01  -2.4915254e+01
   3.3987256e+01  -2.4962335e+01
   3.4816384e+01  -2.5244821e+01
   3.5665738e+01  -2.5244821e+01
   3.6535812e+01  -2.5338983e+01
   3.7427112e+01  -2.5762712e+01
   3.8340155e+01  -2.5998117e+01
   3.9275472e+01  -2.6186441e+01
   4.0233606e+01  -2.6610169e+01
   4.1215115e+01  -2.6657250e+01
   4.2220567e+01  -2.6939736e+01
   4.3250548e+01  -2.7033898e+01
   4.4305655e+01  -2.7316384e+01
   4.5386502e+01  -2.7457627e+01
   4.6493717e+01  -2.7740113e+01
   4.7627942e+01  -2.7881356e+01
   4.8789837e+01  -2.8116761e+01
   4.9980077e+01  -2.8305085e+01
   5.1199353e+01  -2.8728814e+01
   5.2448373e+01  -2.9011299e+01
   5.3727863e+01  -2.9152542e+01
   5.5038567e+01  -2.9152542e+01
   5.6381246e+01  -2.9340866e+01
   5.7756680e+01  -2.9340866e+01
   5.9165668e+01  -2.9576271e+01
   6.0609029e+01  -3.0000000e+01
   6.2087600e+01  -3.0329567e+01
   6.3602242e+01  -3.0423729e+01
   6.5153834e+01  -3.0800377e+01
   6.6743277e+01  -3.1035782e+01
   6.8371495e+01  -3.1271186e+01
   7.0039434e+01  -3.1553672e+01
   7.1748062e+01  -3.1600753e+01
   7.3498373e+01  -3.1741996e+01
   7.5291384e+01  -3.1836158e+01
   7.7128135e+01  -3.2071563e+01
   7.9009694e+01  -3.2401130e+01
   8.0937154e+01  -3.2542373e+01
   8.2911635e+01  -3.2542373e+01
   8.4934284e+01  -3.2966102e+01
   8.7006276e+01  -3.3107345e+01
   8.9128815e+01  -3.3436911e+01
   9.1303134e+01  -3.3813559e+01
   9.3530495e+01  -3.4048964e+01
   9.5812194e+01  -3.4284369e+01
   9.8149555e+01  -3.4613936e+01
   1.0054394e+02  -3.4661017e+01
   1.0299673e+02  -3.4755179e+01
   1.0550936e+02  -3.4943503e+01
   1.0808329e+02  -3.5084746e+01
   1.1072000e+02  -3.5273070e+01
   1.1342104e+02  -3.5508475e+01
   1.1618798e+02  -3.5508475e+01
   1.1902241e+02  -3.5838041e+01
   1.2192599e+02  -3.5979284e+01
   1.2490040e+02  -3.6355932e+01
   1.2794738e+02  -3.6355932e+01
   1.3106868e+02  -3.6403013e+01
   1.3426614e+02  -3.6826742e+01
   1.3754159e+02  -3.7203390e+01
   1.4089695e+02  -3.7203390e+01
   1.4433417e+02  -3.7532957e+01
   1.4785523e+02  -3.7627119e+01
   1.5146219e+02  -3.7815443e+01
   1.5515715e+02  -3.7956685e+01
   1.5894225e+02  -3.8239171e+01
   1.6281968e+02  -3.8521657e+01
   1.6679170e+02  -3.8898305e+01
   1.7086063e+02  -3.9180791e+01
   1.7502881e+02  -3.9322034e+01
   1.7929868e+02  -3.9463277e+01
   1.8367272e+02  -3.9745763e+01
   1.8815346e+02  -3.9887006e+01
   1.9274350e+02  -4.0122411e+01
   1.9744553e+02  -4.0216573e+01
   2.0226226e+02  -4.0593220e+01
   2.0719649e+02  -4.1016949e+01
   2.1225110e+02  -4.1064030e+01
   2.1742902e+02  -4.1393597e+01
   2.2273325e+02  -4.1534840e+01
   2.2816688e+02  -4.1911488e+01
   2.3373307e+02  -4.2005650e+01
   2.3943504e+02  -4.2099812e+01
   2.4527611e+02  -4.2288136e+01
   2.5125968e+02  -4.2429379e+01
   2.5738922e+02  -4.2711864e+01
   2.6366829e+02  -4.2853107e+01
   2.7010054e+02  -4.3135593e+01
   2.7668971e+02  -4.3229755e+01
   2.8343962e+02  -4.3465160e+01
   2.9035420e+02  -4.3559322e+01
   2.9743746e+02  -4.4030132e+01
   3.0469352e+02  -4.4736347e+01
   3.1212659e+02  -4.4924670e+01
   3.1974099e+02  -4.5254237e+01
   3.2754115e+02  -4.5301318e+01
   3.3553159e+02  -4.5630885e+01
   3.4371696e+02  -4.5677966e+01
   3.5210202e+02  -4.6054614e+01
   3.6069163e+02  -4.6242938e+01
   3.6949079e+02  -4.6525424e+01
   3.7850461e+02  -4.6902072e+01
   3.8773831e+02  -4.6996234e+01
   3.9719728e+02  -4.7278719e+01
   4.0688701e+02  -4.7372881e+01
   4.1681311e+02  -4.7608286e+01
   4.2698136e+02  -4.7796610e+01
   4.3739768e+02  -4.7937853e+01
   4.4806810e+02  -4.8220339e+01
   4.5899882e+02  -4.8220339e+01
   4.7019621e+02  -4.8267420e+01
   4.8166676e+02  -4.8314501e+01
   4.9341713e+02  -4.8314501e+01
   5.0545416e+02  -4.9161959e+01
   5.1778483e+02  -5.1374765e+01
   5.3041632e+02  -5.3069680e+01
   5.4335595e+02  -5.4623352e+01
   5.5661125e+02  -5.5800377e+01
   5.7018991e+02  -5.6365348e+01
   5.8409983e+02  -5.6741996e+01
   5.9834908e+02  -5.7118644e+01
   6.1294595e+02  -5.7542373e+01
   6.2789891e+02  -5.7777778e+01
   6.4321665e+02  -5.8013183e+01
   6.5890808e+02  -5.8625235e+01
   6.7498230e+02  -5.9143126e+01
   6.9144865e+02  -5.9566855e+01
   7.0831670e+02  -6.0178908e+01
   7.2559626e+02  -6.0979284e+01
   7.4329735e+02  -6.1826742e+01
   7.6143027e+02  -6.2627119e+01
   7.8000554e+02  -6.3662900e+01
   7.9903396e+02  -6.4839925e+01
   8.1852658e+02  -6.6064030e+01
   8.3849473e+02  -6.7241055e+01
   8.5895001e+02  -6.8465160e+01
   8.7990430e+02  -6.9642185e+01
   9.0136977e+02  -7.0442561e+01
   9.2335890e+02  -7.0677966e+01
   9.4588446e+02  -7.0207156e+01
   9.6895954e+02  -6.8653484e+01
   9.9259753e+02  -6.7335217e+01
   1.0168122e+03  -6.5922787e+01
   1.0416176e+03  -6.5075330e+01
   1.0670281e+03  -6.4180791e+01
   1.0930585e+03  -6.2815443e+01
   1.1197239e+03  -6.1732580e+01
   1.1470398e+03  -6.0932203e+01
   1.1750221e+03  -6.0273070e+01
   1.2036871e+03  -5.9519774e+01
   1.2330513e+03  -5.8531073e+01
   1.2631319e+03  -5.7589454e+01
   1.2939463e+03  -5.7118644e+01
   1.3255124e+03  -5.6600753e+01
   1.3578486e+03  -5.6129944e+01
   1.3909736e+03  -5.5612053e+01
   1.4249068e+03  -5.5141243e+01
   1.4596677e+03  -5.4623352e+01
   1.4952767e+03  -5.4152542e+01
   1.5317543e+03  -5.3634652e+01
   1.5691218e+03  -5.3116761e+01
   1.6074009e+03  -5.2693032e+01
   1.6466138e+03  -5.2316384e+01
   1.6867833e+03  -5.1986817e+01
   1.7279328e+03  -5.1516008e+01
   1.7700862e+03  -5.1092279e+01
   1.8132678e+03  -5.0762712e+01
   1.8575029e+03  -5.0433145e+01
   1.9028172e+03  -5.0150659e+01
   1.9492368e+03  -4.9915254e+01
   1.9967889e+03  -4.9491525e+01
   2.0455011e+03  -4.9114878e+01
   2.0954015e+03  -4.8926554e+01
   2.1465194e+03  -4.8644068e+01
   2.1988842e+03  -4.8220339e+01
   2.2525265e+03  -4.7796610e+01
   2.3074774e+03  -4.7702448e+01
   2.3637689e+03  -4.7372881e+01
   2.4214336e+03  -4.7090395e+01
   2.4805050e+03  -4.6854991e+01
   2.5410176e+03  -4.6525424e+01
   2.6030063e+03  -4.6101695e+01
   2.6665072e+03  -4.5772128e+01
   2.7315573e+03  -4.5677966e+01
   2.7981943e+03  -4.5442561e+01
   2.8664569e+03  -4.5254237e+01
   2.9363848e+03  -4.4877589e+01
   3.0080186e+03  -4.4595104e+01
   3.0813999e+03  -4.4218456e+01
   3.1565714e+03  -4.3983051e+01
   3.2335767e+03  -4.3747646e+01
   3.3124606e+03  -4.3559322e+01
   3.3932689e+03  -4.3182674e+01
   3.4760485e+03  -4.3135593e+01
   3.5608475e+03  -4.2947269e+01
   3.6477152e+03  -4.2711864e+01
   3.7367021e+03  -4.2382298e+01
   3.8278598e+03  -4.2335217e+01
   3.9212414e+03  -4.2288136e+01
   4.0169010e+03  -4.1817326e+01
   4.1148942e+03  -4.1346516e+01
   4.2152781e+03  -4.1016949e+01
   4.3181108e+03  -4.0640301e+01
   4.4234521e+03  -4.0593220e+01
   4.5313633e+03  -4.0310734e+01
   4.6419069e+03  -4.0169492e+01
   4.7551474e+03  -3.9839925e+01
   4.8711503e+03  -3.9745763e+01
   4.9899832e+03  -3.9369115e+01
   5.1117150e+03  -3.9180791e+01
   5.2364165e+03  -3.8851224e+01
   5.3641601e+03  -3.8615819e+01
   5.4950201e+03  -3.8474576e+01
   5.6290724e+03  -3.8333333e+01
   5.7663950e+03  -3.8050847e+01
   5.9070675e+03  -3.7862524e+01
   6.0511718e+03  -3.7627119e+01
   6.1987916e+03  -3.7627119e+01
   6.3500126e+03  -3.7203390e+01
   6.5049227e+03  -3.6967985e+01
   6.6636118e+03  -3.6732580e+01
   6.8261722e+03  -3.6355932e+01
   6.9926983e+03  -3.6261770e+01
   7.1632868e+03  -3.6073446e+01
   7.3380369e+03  -3.5885122e+01
   7.5170500e+03  -3.5508475e+01
   7.7004303e+03  -3.5508475e+01
   7.8882841e+03  -3.5178908e+01
   8.0807206e+03  -3.5084746e+01
   8.2778517e+03  -3.4849341e+01
   8.4797919e+03  -3.4661017e+01
   8.6866584e+03  -3.4613936e+01
   8.8985715e+03  -3.4566855e+01
   9.1156543e+03  -3.4237288e+01
   9.3380328e+03  -3.3813559e+01
   9.5658364e+03  -3.3672316e+01
   9.7991972e+03  -3.3342750e+01
   1.0038251e+04  -3.3013183e+01
   1.0283136e+04  -3.2966102e+01
   1.0533996e+04  -3.2683616e+01
   1.0790975e+04  -3.2542373e+01
   1.1054224e+04  -3.2306968e+01
   1.1323894e+04  -3.2306968e+01
   1.1600143e+04  -3.2118644e+01
   1.1883131e+04  -3.2118644e+01
   1.2173023e+04  -3.2118644e+01
   1.2469987e+04  -3.2118644e+01
   1.2774195e+04  -3.2118644e+01
   1.3085825e+04  -3.2118644e+01
   1.3405057e+04  -3.2118644e+01
   1.3732076e+04  -3.2118644e+01
   1.4067074e+04  -3.2024482e+01
   1.4410243e+04  -3.1883239e+01
   1.4761784e+04  -3.1694915e+01
   1.5121902e+04  -3.1694915e+01
   1.5490804e+04  -3.1553672e+01
   1.5868706e+04  -3.0847458e+01
   1.6255827e+04  -2.8258004e+01
   1.6652391e+04  -2.6092279e+01
   1.7058630e+04  -2.4303202e+01
   1.7474780e+04  -2.3079096e+01
   1.7901081e+04  -2.2608286e+01
   1.8337782e+04  -2.2325800e+01
   1.8785137e+04  -2.2278719e+01
   1.9243405e+04  -2.2231638e+01
   1.9712852e+04  -2.2278719e+01
   2.0193752e+04  -2.2372881e+01
   2.0686383e+04  -2.2372881e+01
   2.1191032e+04  -2.1996234e+01
   2.1707993e+04  -2.1949153e+01
   2.2237564e+04  -2.1619586e+01
   2.2780055e+04  -2.1525424e+01
   2.3335780e+04  -2.1384181e+01
   2.3905062e+04  -2.1101695e+01
   2.4488231e+04  -2.0772128e+01
   2.5085628e+04  -2.0489642e+01
   2.5697597e+04  -2.0160075e+01
   2.6324496e+04  -1.9642185e+01
   2.6966689e+04  -1.9406780e+01
   2.7624548e+04  -1.8983051e+01
   2.8298455e+04  -1.8559322e+01
   2.8988802e+04  -1.8323917e+01
   2.9695991e+04  -1.7711864e+01
   3.0420432e+04  -1.7099812e+01
   3.1162546e+04  -1.6676083e+01
   3.1922763e+04  -1.6205273e+01
   3.2701527e+04  -1.5593220e+01
   3.3499288e+04  -1.4792844e+01
   3.4316511e+04  -1.3898305e+01
   3.5153671e+04  -1.3474576e+01
   3.6011253e+04  -1.3333333e+01
   3.6889756e+04  -1.3757062e+01
   3.7789690e+04  -1.4604520e+01
   3.8711579e+04  -1.5451977e+01
   3.9655957e+04  -1.5734463e+01
   4.0623373e+04  -1.5593220e+01
   4.1614390e+04  -1.4745763e+01
   4.2629583e+04  -1.2438795e+01
   4.3669542e+04  -1.1261770e+01
   4.4734871e+04  -1.0838041e+01
   4.5826188e+04  -1.1026365e+01
   4.6944129e+04  -1.1685499e+01
   4.8089342e+04  -1.2580038e+01
   4.9262493e+04  -1.3192090e+01
   5.0464263e+04  -1.4086629e+01
   5.1695351e+04  -1.5028249e+01
   5.2956471e+04  -1.6393597e+01
   5.4248357e+04  -1.9030132e+01
   5.5571759e+04  -2.1572505e+01
   5.6927445e+04  -2.3644068e+01
   5.8316203e+04  -2.5150659e+01
   5.9738841e+04  -2.6374765e+01
   6.1196184e+04  -2.7410546e+01
   6.2689080e+04  -2.7693032e+01
   6.4218395e+04  -2.7787194e+01
   6.5785018e+04  -2.7787194e+01
   6.7389859e+04  -2.7881356e+01
   6.9033850e+04  -2.7881356e+01
   7.0717947e+04  -2.7881356e+01
   7.2443129e+04  -2.7787194e+01
   7.4210396e+04  -2.7881356e+01
   7.6020776e+04  -2.7881356e+01
   7.7875321e+04  -2.7881356e+01
   7.9775108e+04  -2.7457627e+01
   8.1721240e+04  -2.6986817e+01
   8.3714850e+04  -2.4774011e+01
   8.5757093e+04  -2.0772128e+01
   8.7849158e+04  -1.5828625e+01
   8.9992259e+04  -1.3945386e+01
   9.2187641e+04  -1.2627119e+01
   9.4436581e+04  -1.2768362e+01
   9.6740383e+04  -1.3239171e+01
   9.9100388e+04  -1.4039548e+01
   1.0151797e+05  -1.6016949e+01
   1.0399452e+05  -1.8465160e+01
   1.0653149e+05  -2.1996234e+01
   1.0913035e+05  -2.4114878e+01
   1.1179261e+05  -2.3644068e+01
   1.1451982e+05  -2.1949153e+01
   1.1731356e+05  -2.0819209e+01
   1.2017545e+05  -2.0065913e+01
   1.2310716e+05  -1.9406780e+01
   1.2611039e+05  -1.8653484e+01
   1.2918688e+05  -1.7806026e+01
   1.3233843e+05  -1.7288136e+01
   1.3556685e+05  -1.6864407e+01
   1.3887404e+05  -1.6252354e+01
   1.4226190e+05  -1.5687382e+01
   1.4573242e+05  -1.5310734e+01
   1.4928759e+05  -1.4839925e+01
   1.5292950e+05  -1.4416196e+01
   1.5666025e+05  -1.4180791e+01
   1.6048201e+05  -1.3898305e+01
   1.6439701e+05  -1.3521657e+01
   1.6840752e+05  -1.3474576e+01
   1.7251586e+05  -1.3239171e+01
   1.7672442e+05  -1.3003766e+01
   1.7958702e+05  -1.3050847e+01
   1.8103566e+05  -1.5357815e+01
   1.8545206e+05  -2.1760829e+01
   1.8845603e+05  -2.6610169e+01
   1.8997621e+05  -2.4915254e+01
   1.9305346e+05  -1.8135593e+01
   1.9461073e+05  -1.1544256e+01
   1.9618055e+05  -4.5762712e+00
   1.9935830e+05  -3.9171375e+00
   2.0422169e+05  -2.8342750e+00
   2.0920373e+05  -2.4576271e+00
   2.1430730e+05  -2.9755179e+00
   2.1953538e+05  -4.0583804e+00
   2.2489100e+05  -5.3766478e+00
   2.3037727e+05  -6.5065913e+00
   2.3599738e+05  -7.4482109e+00
   2.4175459e+05  -8.0602637e+00
   2.4765225e+05  -7.8719397e+00
   2.5369379e+05  -6.7890772e+00
   2.5988271e+05  -5.8003766e+00
   2.6622261e+05  -6.6949153e+00
   2.7271717e+05  -8.1073446e+00
   2.7937017e+05  -8.3898305e+00
   2.8618547e+05  -6.9303202e+00
   2.9316703e+05  -3.8700565e+00
   3.0031891e+05  -1.7043315e+00
   3.0764526e+05  -6.2146893e-01
   3.1515034e+05   8.4745763e-02
   3.2283851e+05  -2.9190207e-01
   3.3071423e+05  -1.0922787e+00
   3.3878208e+05  -4.6704331e+00
   3.4704675e+05  -8.2956685e+00
   3.5551304e+05  -1.1638418e+01
   3.6418587e+05  -1.4981168e+01
   3.7307027e+05  -1.1967985e+01
   3.8217140e+05  -8.7193974e+00
   3.9149457e+05  -7.6836158e+00
   4.0104517e+05  -7.3069680e+00
   4.1082876e+05  -8.4369115e+00
   4.2085103e+05  -1.1167608e+01
   4.3111779e+05  -1.2956685e+01
   4.4163501e+05  -1.4557439e+01
   4.5240880e+05  -1.6817326e+01
   4.6344542e+05  -1.8559322e+01
   4.7475128e+05  -1.9971751e+01
   4.8633295e+05  -2.0772128e+01
   4.9819716e+05  -2.1337100e+01
   5.1035079e+05  -2.2561205e+01
   5.2280092e+05  -2.3644068e+01
   5.3555478e+05  -2.4067797e+01
   5.4861976e+05  -2.5480226e+01
   5.6200347e+05  -2.9058380e+01
   5.7571368e+05  -3.0941620e+01
   5.8975835e+05  -3.1694915e+01
   6.0414565e+05  -3.1647834e+01
   6.1888392e+05  -3.0659134e+01
   6.3398174e+05  -2.8681733e+01
   6.4944788e+05  -2.5480226e+01
   6.6529131e+05  -2.2796610e+01
   6.8152125e+05  -2.0630885e+01
   6.9814712e+05  -1.9406780e+01
   7.1517859e+05  -2.0160075e+01
   7.3262554e+05  -2.1525424e+01
   7.5049811e+05  -2.3832392e+01
   7.6880669e+05  -2.0819209e+01
   7.8756191e+05  -1.6817326e+01
   8.0677467e+05  -1.3474576e+01
   8.2645613e+05  -1.3851224e+01
   8.4661773e+05  -1.5310734e+01
   8.6727117e+05  -1.6393597e+01
   8.8842845e+05  -1.7523540e+01
   9.1010188e+05  -1.8841808e+01
   9.3230403e+05  -2.0395480e+01
   9.5504781e+05  -1.9877589e+01
   9.7834642e+05  -1.7853107e+01
   1.0022134e+06  -1.6205273e+01
   1.0266626e+06  -1.4792844e+01
   1.0517083e+06  -1.4745763e+01
   1.0773650e+06  -1.5922787e+01
   1.1036476e+06  -1.7947269e+01
   1.1305713e+06  -1.6299435e+01
   1.1581519e+06  -1.4463277e+01
   1.1864053e+06  -1.2485876e+01
   1.2153479e+06  -1.1355932e+01
   1.2449966e+06  -1.2062147e+01
   1.2753686e+06  -1.3945386e+01
   1.3064815e+06  -1.6205273e+01
   1.3383534e+06  -1.7853107e+01
   1.3710029e+06  -1.7099812e+01
   1.4044488e+06  -1.7099812e+01
   1.4387107e+06  -1.8465160e+01
   1.4738084e+06  -2.1572505e+01
   1.5097623e+06  -2.9905838e+01
   1.5219408e+06  -3.3389831e+01
   1.5342175e+06  -3.8898305e+01
   1.5465933e+06  -4.3983051e+01
   1.5590689e+06  -4.1864407e+01
   1.5716451e+06  -4.0169492e+01
   1.5843228e+06  -3.6497175e+01
   1.6099858e+06  -3.1694915e+01
   1.6229727e+06  -2.7316384e+01
   1.6360644e+06  -2.5338983e+01
   1.6492618e+06  -2.4915254e+01
   1.6625655e+06  -2.4774011e+01
   1.7031242e+06  -2.5574388e+01
   1.7446723e+06  -2.6186441e+01
   1.7872340e+06  -2.6610169e+01
   1.8308340e+06  -2.6751412e+01
   1.8754977e+06  -2.7269303e+01
   1.9212509e+06  -2.8587571e+01
   1.9681202e+06  -3.0188324e+01
