   2.0000000e+01  -2.3366151e+01
   2.0488250e+01  -2.3647445e+01
   2.0988419e+01  -2.3788092e+01
   2.1500798e+01  -2.4116268e+01
   2.2025686e+01  -2.4444444e+01
   2.2563387e+01  -2.4678856e+01
   2.3114215e+01  -2.4866385e+01
   2.3678491e+01  -2.5100797e+01
   2.4256541e+01  -2.5147679e+01
   2.4848704e+01  -2.5288326e+01
   2.5455322e+01  -2.5475856e+01
   2.6076750e+01  -2.5616503e+01
   2.6713348e+01  -2.5710267e+01
   2.7365487e+01  -2.5944679e+01
   2.8033546e+01  -2.6225973e+01
   2.8717915e+01  -2.6507267e+01
   2.9418990e+01  -2.6694796e+01
   3.0137181e+01  -2.6976090e+01
   3.0872904e+01  -2.7116737e+01
   3.1626588e+01  -2.7257384e+01
   3.2398671e+01  -2.7491796e+01
   3.3189603e+01  -2.7538678e+01
   3.3999844e+01  -2.8007501e+01
   3.4829864e+01  -2.8288795e+01
   3.5680148e+01  -2.8523207e+01
   3.6551189e+01  -2.8710736e+01
   3.7443494e+01  -2.9038912e+01
   3.8357582e+01  -2.9226442e+01
   3.9293986e+01  -2.9367089e+01
   4.0253250e+01  -2.9601500e+01
   4.1235931e+01  -2.9835912e+01
   4.2242602e+01  -3.0023441e+01
   4.3273849e+01  -3.0210970e+01
   4.4330271e+01  -3.0351617e+01
   4.5412483e+01  -3.0492264e+01
   4.6521114e+01  -3.0632911e+01
   4.7656810e+01  -3.0820441e+01
   4.8820231e+01  -3.1148617e+01
   5.0012054e+01  -3.1289264e+01
   5.1232972e+01  -3.1383029e+01
   5.2483696e+01  -3.1617440e+01
   5.3764953e+01  -3.1851852e+01
   5.5077489e+01  -3.2180028e+01
   5.6422067e+01  -3.2508204e+01
   5.7799469e+01  -3.2695734e+01
   5.9210498e+01  -3.2883263e+01
   6.0655973e+01  -3.3258322e+01
   6.2136735e+01  -3.3398969e+01
   6.3653647e+01  -3.3445851e+01
   6.5207590e+01  -3.3727145e+01
   6.6799469e+01  -3.3820910e+01
   6.8430210e+01  -3.4149086e+01
   7.0100761e+01  -3.4149086e+01
   7.1812094e+01  -3.4289733e+01
   7.3565206e+01  -3.4617909e+01
   7.5361115e+01  -3.4852321e+01
   7.7200866e+01  -3.5086732e+01
   7.9085531e+01  -3.5321144e+01
   8.1016205e+01  -3.5555556e+01
   8.2994011e+01  -3.5743085e+01
   8.5020101e+01  -3.5930614e+01
   8.7095652e+01  -3.6118143e+01
   8.9221873e+01  -3.6305673e+01
   9.1400000e+01  -3.6399437e+01
   9.3631301e+01  -3.6680731e+01
   9.5917073e+01  -3.6821378e+01
   9.8258647e+01  -3.6962025e+01
   1.0065738e+02  -3.7243319e+01
   1.0311468e+02  -3.7383966e+01
   1.0563197e+02  -3.7759025e+01
   1.0821070e+02  -3.7993436e+01
   1.1085239e+02  -3.8180966e+01
   1.1355858e+02  -3.8509142e+01
   1.1633082e+02  -3.8743554e+01
   1.1917075e+02  -3.8884201e+01
   1.2208000e+02  -3.9165495e+01
   1.2506028e+02  -3.9306142e+01
   1.2811331e+02  -3.9353024e+01
   1.3124087e+02  -3.9540553e+01
   1.3444479e+02  -3.9774965e+01
   1.3772692e+02  -4.0103141e+01
   1.4108917e+02  -4.0431317e+01
   1.4453351e+02  -4.0665729e+01
   1.4806193e+02  -4.0900141e+01
   1.5167649e+02  -4.1040788e+01
   1.5537929e+02  -4.1322082e+01
   1.5917248e+02  -4.1603376e+01
   1.6305828e+02  -4.1744023e+01
   1.6703893e+02  -4.1931552e+01
   1.7111677e+02  -4.2119081e+01
   1.7529415e+02  -4.2353493e+01
   1.7957352e+02  -4.2541022e+01
   1.8395735e+02  -4.2775434e+01
   1.8844821e+02  -4.3009845e+01
   1.9304869e+02  -4.3150492e+01
   1.9776149e+02  -4.3525551e+01
   2.0258934e+02  -4.3572433e+01
   2.0753505e+02  -4.3806845e+01
   2.1260149e+02  -4.3994374e+01
   2.1779162e+02  -4.4041256e+01
   2.2310846e+02  -4.4322550e+01
   2.2855509e+02  -4.4697609e+01
   2.3413468e+02  -4.4978903e+01
   2.3985049e+02  -4.5166432e+01
   2.4570584e+02  -4.5541491e+01
   2.5170412e+02  -4.5682138e+01
   2.5784885e+02  -4.5963432e+01
   2.6414358e+02  -4.6244726e+01
   2.7059197e+02  -4.6432255e+01
   2.7719780e+02  -4.6713549e+01
   2.8396488e+02  -4.7135490e+01
   2.9089717e+02  -4.7416784e+01
   2.9799869e+02  -4.7744960e+01
   3.0527358e+02  -4.7932489e+01
   3.1272606e+02  -4.8260666e+01
   3.2036048e+02  -4.8541960e+01
   3.2818127e+02  -4.8917018e+01
   3.3619299e+02  -4.9104548e+01
   3.4440030e+02  -4.9245195e+01
   3.5280796e+02  -4.9479606e+01
   3.6142088e+02  -4.9714018e+01
   3.7024406e+02  -4.9948429e+01
   3.7928263e+02  -5.0182841e+01
   3.8854186e+02  -5.0464135e+01
   3.9802713e+02  -5.0698547e+01
   4.0774396e+02  -5.1026723e+01
   4.1769800e+02  -5.1120488e+01
   4.2789505e+02  -5.1308017e+01
   4.3834102e+02  -5.1589311e+01
   4.4904202e+02  -5.1776840e+01
   4.6000424e+02  -5.2011252e+01
   4.7123409e+02  -5.2151899e+01
   4.8273808e+02  -5.2198781e+01
   4.9452291e+02  -5.2526957e+01
   5.0659545e+02  -5.2667604e+01
   5.1896270e+02  -5.3183310e+01
   5.3163186e+02  -5.3464604e+01
   5.4461031e+02  -5.3558368e+01
   5.5790560e+02  -5.3652133e+01
   5.7152546e+02  -5.3839662e+01
   5.8547781e+02  -5.4120956e+01
   5.9977078e+02  -5.5386779e+01
   6.1441267e+02  -5.8481013e+01
   6.2941201e+02  -6.1856540e+01
   6.4477751e+02  -6.5325832e+01
   6.6051813e+02  -6.9076418e+01
   6.7664302e+02  -7.3061416e+01
   6.9316155e+02  -7.4889827e+01
   7.1008334e+02  -7.4702297e+01
   7.2741824e+02  -7.3155180e+01
   7.4517632e+02  -7.1420534e+01
   7.6336792e+02  -6.9732771e+01
   7.8200363e+02  -6.8185654e+01
   8.0109427e+02  -6.7154243e+01
   8.2065097e+02  -6.5888420e+01
   8.4068509e+02  -6.4716362e+01
   8.6120830e+02  -6.3731833e+01
   8.8223253e+02  -6.2606657e+01
   9.0377002e+02  -6.1715893e+01
   9.2583328e+02  -6.0778247e+01
   9.4843517e+02  -6.0262541e+01
   9.7158882e+02  -5.9465541e+01
   9.9530771e+02  -5.8856071e+01
   1.0196056e+03  -5.8527895e+01
   1.0444967e+03  -5.8199719e+01
   1.0699955e+03  -5.7684013e+01
   1.0961167e+03  -5.7215190e+01
   1.1228757e+03  -5.6558837e+01
   1.1502878e+03  -5.5761838e+01
   1.1783692e+03  -5.5246132e+01
   1.2071361e+03  -5.4824191e+01
   1.2366053e+03  -5.4402250e+01
   1.2667939e+03  -5.4074074e+01
   1.2977195e+03  -5.3886545e+01
   1.3294001e+03  -5.3464604e+01
   1.3618540e+03  -5.2995781e+01
   1.3951002e+03  -5.2386310e+01
   1.4291581e+03  -5.1917487e+01
   1.4640474e+03  -5.1495546e+01
   1.4997884e+03  -5.1026723e+01
   1.5364020e+03  -5.0604782e+01
   1.5739094e+03  -5.0323488e+01
   1.6123324e+03  -4.9995312e+01
   1.6516934e+03  -4.9760900e+01
   1.6920153e+03  -4.9573371e+01
   1.7333216e+03  -4.9292077e+01
   1.7756363e+03  -4.9057665e+01
   1.8189840e+03  -4.8917018e+01
   1.8633899e+03  -4.8635724e+01
   1.9088799e+03  -4.8354430e+01
   1.9554804e+03  -4.8166901e+01
   2.0032185e+03  -4.7885607e+01
   2.0521220e+03  -4.7604313e+01
   2.1022194e+03  -4.7323019e+01
   2.1535398e+03  -4.7041725e+01
   2.2061130e+03  -4.6713549e+01
   2.2599697e+03  -4.6432255e+01
   2.3151412e+03  -4.6197843e+01
   2.3716595e+03  -4.6010314e+01
   2.4295576e+03  -4.5635256e+01
   2.4888691e+03  -4.5260197e+01
   2.5496286e+03  -4.5166432e+01
   2.6118714e+03  -4.4791374e+01
   2.6756336e+03  -4.4603844e+01
   2.7409525e+03  -4.4416315e+01
   2.8078659e+03  -4.4275668e+01
   2.8764129e+03  -4.3900609e+01
   2.9466332e+03  -4.3572433e+01
   3.0185679e+03  -4.3197375e+01
   3.0922586e+03  -4.2962963e+01
   3.1677483e+03  -4.2869198e+01
   3.2450809e+03  -4.2634787e+01
   3.3243014e+03  -4.2353493e+01
   3.4054558e+03  -4.2165963e+01
   3.4885914e+03  -4.1978434e+01
   3.5737566e+03  -4.1837787e+01
   3.6610008e+03  -4.1837787e+01
   3.7503749e+03  -4.1603376e+01
   3.8419309e+03  -4.1462729e+01
   3.9357220e+03  -4.1368964e+01
   4.0318027e+03  -4.1040788e+01
   4.1302290e+03  -4.0665729e+01
   4.2310581e+03  -4.0478200e+01
   4.3343487e+03  -4.0337553e+01
   4.4401609e+03  -4.0103141e+01
   4.5485563e+03  -3.9915612e+01
   4.6595978e+03  -3.9728083e+01
   4.7733501e+03  -3.9353024e+01
   4.8898794e+03  -3.9212377e+01
   5.0092535e+03  -3.9165495e+01
   5.1315418e+03  -3.8790436e+01
   5.2568155e+03  -3.8649789e+01
   5.3851474e+03  -3.8321613e+01
   5.5166122e+03  -3.8040319e+01
   5.6512864e+03  -3.7946554e+01
   5.7892483e+03  -3.7805907e+01
   5.9305782e+03  -3.7571496e+01
   6.0753583e+03  -3.7337084e+01
   6.2236728e+03  -3.7102672e+01
   6.3756081e+03  -3.6774496e+01
   6.5312525e+03  -3.6352555e+01
   6.6906966e+03  -3.6024379e+01
   6.8540331e+03  -3.5930614e+01
   7.0213570e+03  -3.5696203e+01
   7.1927658e+03  -3.5414909e+01
   7.3683590e+03  -3.5414909e+01
   7.5482389e+03  -3.5368026e+01
   7.7325101e+03  -3.5086732e+01
   7.9212799e+03  -3.4852321e+01
   8.1146580e+03  -3.4711674e+01
   8.3127569e+03  -3.4571027e+01
   8.5156919e+03  -3.4430380e+01
   8.7235810e+03  -3.4242850e+01
   8.9365453e+03  -3.4008439e+01
   9.1547085e+03  -3.3820910e+01
   9.3781976e+03  -3.3445851e+01
   9.6071427e+03  -3.3117675e+01
   9.8416769e+03  -3.2930145e+01
   1.0081937e+04  -3.2836381e+01
   1.0328062e+04  -3.2695734e+01
   1.0580195e+04  -3.2601969e+01
   1.0838484e+04  -3.2226910e+01
   1.1103078e+04  -3.2086263e+01
   1.1374132e+04  -3.2039381e+01
   1.1651803e+04  -3.1898734e+01
   1.1936252e+04  -3.1898734e+01
   1.2227646e+04  -3.1898734e+01
   1.2526153e+04  -3.1898734e+01
   1.2831947e+04  -3.1992499e+01
   1.3145207e+04  -3.1898734e+01
   1.3466114e+04  -3.1804970e+01
   1.3794855e+04  -3.1758087e+01
   1.4131622e+04  -3.1758087e+01
   1.4476610e+04  -3.1664323e+01
   1.4830020e+04  -3.1664323e+01
   1.5192057e+04  -3.1476793e+01
   1.5562933e+04  -3.0820441e+01
   1.5942863e+04  -3.0023441e+01
   1.6332068e+04  -2.7491796e+01
   1.6730774e+04  -2.5335209e+01
   1.7139214e+04  -2.3975621e+01
   1.7557624e+04  -2.2850445e+01
   1.7986249e+04  -2.2240975e+01
   1.8425338e+04  -2.2240975e+01
   1.8875146e+04  -2.2194093e+01
   1.9335936e+04  -2.2147211e+01
   1.9807974e+04  -2.2147211e+01
   2.0291535e+04  -2.2053446e+01
   2.0786902e+04  -2.1912799e+01
   2.1294362e+04  -2.1865917e+01
   2.1814210e+04  -2.1631505e+01
   2.2346749e+04  -2.1350211e+01
   2.2892289e+04  -2.1350211e+01
   2.3451146e+04  -2.1209564e+01
   2.4023647e+04  -2.0928270e+01
   2.4610124e+04  -2.0740741e+01
   2.5210918e+04  -2.0271917e+01
   2.5826379e+04  -1.9896859e+01
   2.6456865e+04  -1.9521800e+01
   2.7102742e+04  -1.9052977e+01
   2.7764387e+04  -1.8771683e+01
   2.8442185e+04  -1.8584154e+01
   2.9136529e+04  -1.8068448e+01
   2.9847824e+04  -1.7271449e+01
   3.0576484e+04  -1.6708861e+01
   3.1322931e+04  -1.6240038e+01
   3.2087602e+04  -1.5958744e+01
   3.2870940e+04  -1.5255509e+01
   3.3673401e+04  -1.4411627e+01
   3.4495452e+04  -1.3473980e+01
   3.5337571e+04  -1.3333333e+01
   3.6200249e+04  -1.3239569e+01
   3.7083987e+04  -1.3567745e+01
   3.7989299e+04  -1.4646038e+01
   3.8916712e+04  -1.5536803e+01
   3.9866765e+04  -1.5864979e+01
   4.0840012e+04  -1.5536803e+01
   4.1837018e+04  -1.3755274e+01
   4.2858363e+04  -1.1879981e+01
   4.3904642e+04  -1.0661041e+01
   4.4976463e+04  -1.0614158e+01
   4.6074450e+04  -1.1129864e+01
   4.7199242e+04  -1.1879981e+01
   4.8351492e+04  -1.2770745e+01
   4.9531872e+04  -1.3614627e+01
   5.0741068e+04  -1.4364744e+01
   5.1979783e+04  -1.5583685e+01
   5.3248739e+04  -1.7505860e+01
   5.4548672e+04  -2.0928270e+01
   5.5880341e+04  -2.4960150e+01
   5.7244518e+04  -2.8992030e+01
   5.8641999e+04  -3.2367557e+01
   6.0073596e+04  -3.2977028e+01
   6.1540141e+04  -3.3352086e+01
   6.3042488e+04  -3.3070792e+01
   6.4581512e+04  -2.9835912e+01
   6.6158107e+04  -2.7398031e+01
   6.7773190e+04  -2.6225973e+01
   6.9427702e+04  -2.5616503e+01
   7.1122604e+04  -2.5288326e+01
   7.2858883e+04  -2.4913268e+01
   7.4637549e+04  -2.4397562e+01
   7.6459637e+04  -2.4491327e+01
   7.8326206e+04  -2.4491327e+01
   8.0238343e+04  -2.4069386e+01
   8.2197160e+04  -2.2756681e+01
   8.4203796e+04  -2.0459447e+01
   8.6259420e+04  -1.7318331e+01
   8.8365226e+04  -1.5161744e+01
   9.0522440e+04  -1.3192686e+01
   9.2732317e+04  -1.2489451e+01
   9.4996143e+04  -1.2676981e+01
   9.7315235e+04  -1.4130333e+01
   9.9690941e+04  -1.7224566e+01
   1.0212464e+05  -2.0928270e+01
   1.0461776e+05  -2.3225504e+01
   1.0717174e+05  -2.2897328e+01
   1.0978807e+05  -2.1959681e+01
   1.1246827e+05  -2.0740741e+01
   1.1521389e+05  -1.9521800e+01
   1.1802655e+05  -1.8631036e+01
   1.2090787e+05  -1.8115331e+01
   1.2385953e+05  -1.7318331e+01
   1.2688325e+05  -1.6802625e+01
   1.2998079e+05  -1.6333802e+01
   1.3315394e+05  -1.5864979e+01
   1.3640456e+05  -1.5958744e+01
   1.3973453e+05  -1.5630567e+01
   1.4314580e+05  -1.5208626e+01
   1.4664034e+05  -1.4739803e+01
   1.5022019e+05  -1.4083451e+01
   1.5388744e+05  -1.3755274e+01
   1.5764422e+05  -1.3520863e+01
   1.6149270e+05  -1.3098922e+01
   1.6543514e+05  -1.3052039e+01
   1.6947382e+05  -1.2676981e+01
   1.7361110e+05  -1.2489451e+01
   1.7784937e+05  -1.2676981e+01
   1.8219112e+05  -1.4552274e+01
   1.8366179e+05  -1.7130802e+01
   1.8663886e+05  -2.2194093e+01
   1.8814543e+05  -1.9662447e+01
   1.8966417e+05  -1.6708861e+01
   1.9119517e+05  -1.4692921e+01
   1.9429435e+05  -9.9578059e+00
   1.9586272e+05  -6.3009845e+00
   1.9744376e+05  -3.6286920e+00
   2.0064422e+05  -2.9723394e+00
   2.0554244e+05  -2.7848101e+00
   2.1056024e+05  -2.8785748e+00
   2.1570054e+05  -3.3942804e+00
   2.2096632e+05  -4.3319269e+00
   2.2636066e+05  -5.9728083e+00
   2.3188668e+05  -7.1448664e+00
   2.3754761e+05  -7.6605720e+00
   2.4334674e+05  -7.9418659e+00
   2.4928743e+05  -7.5668073e+00
   2.5537316e+05  -6.2072199e+00
   2.6160745e+05  -6.0196906e+00
   2.6799394e+05  -6.9104548e+00
   2.7453633e+05  -8.1762775e+00
   2.8123845e+05  -8.0825129e+00
   2.8810417e+05  -6.1603376e+00
   2.9513751e+05  -3.2536334e+00
   3.0234255e+05  -1.2845757e+00
   3.0972348e+05  -2.0628223e-01
   3.1728460e+05  -6.5635256e-02
   3.2503030e+05  -2.5316456e-01
   3.3296510e+05  -1.7065166e+00
   3.4109360e+05  -5.2695734e+00
   3.4942054e+05  -9.0670417e+00
   3.5795076e+05  -1.2583216e+01
   3.6084020e+05  -1.4177215e+01
   3.6375296e+05  -1.5021097e+01
   3.6668923e+05  -1.3849039e+01
   3.7564102e+05  -1.0098453e+01
   3.8481135e+05  -8.0825129e+00
   3.8791761e+05  -7.4261603e+00
   3.9738764e+05  -7.0042194e+00
   4.0708886e+05  -7.4261603e+00
   4.1037494e+05  -8.2700422e+00
   4.1368755e+05  -9.1608064e+00
   4.2378669e+05  -1.1411158e+01
   4.3413238e+05  -1.3473980e+01
   4.4473062e+05  -1.5630567e+01
   4.5558760e+05  -1.7037037e+01
   4.6670962e+05  -1.8631036e+01
   4.7810316e+05  -2.0318800e+01
   4.8977485e+05  -2.0037506e+01
   5.0173146e+05  -1.9803094e+01
   5.1397997e+05  -2.0084388e+01
   5.2652750e+05  -2.0693858e+01
   5.3938134e+05  -2.1725270e+01
   5.5254898e+05  -2.2803563e+01
   5.6603807e+05  -2.4631974e+01
   5.7985646e+05  -2.6929208e+01
   5.9401219e+05  -2.8288795e+01
   6.0851350e+05  -2.7866854e+01
   6.2336883e+05  -2.6882325e+01
   6.3858680e+05  -2.3178622e+01
   6.5417629e+05  -2.0084388e+01
   6.7014636e+05  -1.8865448e+01
   6.8650629e+05  -1.7787154e+01
   7.0326561e+05  -1.8162213e+01
   7.2043407e+05  -1.8443507e+01
   7.3802165e+05  -1.7693390e+01
   7.5603859e+05  -1.6615096e+01
   7.7449536e+05  -1.4411627e+01
   7.9340272e+05  -1.3052039e+01
   8.1277164e+05  -1.2817628e+01
   8.3261341e+05  -1.3989686e+01
   8.5293957e+05  -1.5161744e+01
   8.7376194e+05  -1.6193155e+01
   8.9509264e+05  -1.7880919e+01
   9.1694407e+05  -2.0131271e+01
   9.3932895e+05  -2.1256446e+01
   9.6226029e+05  -2.1115799e+01
   9.8575145e+05  -1.8584154e+01
   1.0098161e+06  -1.5302391e+01
   1.0344682e+06  -1.4786685e+01
   1.0597221e+06  -1.6708861e+01
   1.0855926e+06  -1.9146742e+01
   1.1031895e+06  -2.0928270e+01
   1.1210716e+06  -1.8818565e+01
   1.1392436e+06  -1.6755743e+01
   1.1670553e+06  -1.3286451e+01
   1.1955460e+06  -1.1411158e+01
   1.2247323e+06  -1.1458040e+01
   1.2546310e+06  -1.3614627e+01
   1.2852597e+06  -1.7037037e+01
   1.3166361e+06  -1.8959212e+01
   1.3487784e+06  -1.8537271e+01
   1.3817054e+06  -1.6568214e+01
   1.4154363e+06  -1.6099391e+01
   1.4499906e+06  -1.8443507e+01
   1.4853885e+06  -2.1584623e+01
   1.5216505e+06  -2.4538209e+01
   1.5587978e+06  -2.4491327e+01
   1.5968519e+06  -2.3694327e+01
   1.6358350e+06  -2.2850445e+01
   1.6757698e+06  -2.1959681e+01
   1.7166795e+06  -2.1490858e+01
   1.7585879e+06  -2.1397093e+01
   1.8015194e+06  -2.1490858e+01
   1.8454989e+06  -2.4585091e+01
   1.8905521e+06  -3.0445382e+01
   1.9367052e+06  -3.3117675e+01
