  -2.7000000e+01
  -2.8566667e+01
  -3.0300000e+01
  -3.1633333e+01
  -3.2728571e+01
  -3.3689744e+01
  -3.4643478e+01
  -3.5400000e+01
  -3.6038776e+01
  -3.6633333e+01
  -3.7185714e+01
  -3.7857143e+01
  -3.8350000e+01
  -3.8850000e+01
  -3.9412500e+01
  -3.9866667e+01
  -4.0400000e+01
  -4.0960000e+01
  -4.1500000e+01
  -4.1945455e+01
  -4.1945455e+01
  -4.2063452e+01
  -4.2183363e+01
  -4.2296452e+01
  -4.2409966e+01
  -4.2525323e+01
  -4.2642550e+01
  -4.2761680e+01
  -4.2882743e+01
  -4.3005326e+01
  -4.3120732e+01
  -4.3238010e+01
  -4.3357191e+01
  -4.3497882e+01
  -4.3651732e+01
  -4.3808078e+01
  -4.3974613e+01
  -4.4154526e+01
  -4.4337358e+01
  -4.4521612e+01
  -4.4697837e+01
  -4.4876922e+01
  -4.5058912e+01
  -4.5212386e+01
  -4.5359217e+01
  -4.5508430e+01
  -4.5645224e+01
  -4.5761248e+01
  -4.5879154e+01
  -4.5998974e+01
  -4.6114029e+01
  -4.6230894e+01
  -4.6349654e+01
  -4.6466639e+01
  -4.6582830e+01
  -4.6700905e+01
  -4.6824815e+01
  -4.6969616e+01
  -4.7116767e+01
  -4.7266305e+01
  -4.7394616e+01
  -4.7518160e+01
  -4.7643708e+01
  -4.7797219e+01
  -4.7974022e+01
  -4.8153693e+01
  -4.8333256e+01
  -4.8503343e+01
  -4.8676189e+01
  -4.8851840e+01
  -4.8986893e+01
  -4.9107824e+01
  -4.9230717e+01
  -4.9351327e+01
  -4.9468478e+01
  -4.9587529e+01
  -4.9709880e+01
  -4.9852585e+01
  -4.9997605e+01
  -5.0144978e+01
  -5.0275794e+01
  -5.0397549e+01
  -5.0521280e+01
  -5.0642468e+01
  -5.0757880e+01
  -5.0875165e+01
  -5.0994353e+01
  -5.1111867e+01
  -5.1231107e+01
  -5.1352282e+01
  -5.1488733e+01
  -5.1635956e+01
  -5.1785567e+01
  -5.1935516e+01
  -5.2081437e+01
  -5.2229726e+01
  -5.2380421e+01
  -5.2526532e+01
  -5.2673966e+01
  -5.2823791e+01
  -5.2957797e+01
  -5.3075389e+01
  -5.3194890e+01
  -5.3315551e+01
  -5.3433084e+01
  -5.3552524e+01
  -5.3673902e+01
  -5.3813457e+01
  -5.3959697e+01
  -5.4108309e+01
  -5.4256808e+01
  -5.4403751e+01
  -5.4553078e+01
  -5.4703704e+01
  -5.4822039e+01
  -5.4942293e+01
  -5.5064498e+01
  -5.5181992e+01
  -5.5298670e+01
  -5.5417241e+01
  -5.5563636e+01
  -5.5703955e+01
  -5.5845820e+01
  -5.5989250e+01
  -5.6134261e+01
  -5.6242361e+01
  -5.6320003e+01
  -5.6398501e+01
  -5.6477865e+01
  -5.6558103e+01
  -5.6639227e+01
  -5.6721244e+01
  -5.6804166e+01
  -5.6888002e+01
  -5.6972763e+01
  -5.7058458e+01
  -5.7145097e+01
  -5.7232692e+01
  -5.7321253e+01
  -5.7409248e+01
  -5.7486840e+01
  -5.7565288e+01
  -5.7644601e+01
  -5.7724787e+01
  -5.7805126e+01
  -5.7876845e+01
  -5.7949355e+01
  -5.8022664e+01
  -5.8096782e+01
  -5.8171717e+01
  -5.8254260e+01
  -5.8341798e+01
  -5.8430302e+01
  -5.8519781e+01
  -5.8606725e+01
  -5.8666747e+01
  -5.8727432e+01
  -5.8788785e+01
  -5.8850815e+01
  -5.8916034e+01
  -5.8991181e+01
  -5.9067157e+01
  -5.9143970e+01
  -5.9221630e+01
  -5.9300146e+01
  -5.9379528e+01
  -5.9459785e+01
  -5.9540926e+01
  -5.9622963e+01
  -5.9704428e+01
  -5.9767319e+01
  -5.9830904e+01
  -5.9895190e+01
  -5.9960184e+01
  -6.0046612e+01
  -6.0166196e+01
  -6.0287099e+01
  -6.0409334e+01
  -6.0532917e+01
  -6.0687671e+01
  -6.0879070e+01
  -6.1072579e+01
  -6.1268222e+01
  -6.1466021e+01
  -6.1699002e+01
  -6.2002279e+01
  -6.2308900e+01
  -6.2618902e+01
  -6.2932321e+01
  -6.3273233e+01
  -6.3645216e+01
  -6.4021300e+01
  -6.4401531e+01
  -6.4785954e+01
  -6.5238946e+01
  -6.5776662e+01
  -6.6320306e+01
  -6.6869943e+01
  -6.7425640e+01
  -6.8034301e+01
  -6.8670980e+01
  -6.9314679e+01
  -6.9965475e+01
  -7.0623446e+01
  -7.1539461e+01
  -7.2796325e+01
  -7.4067045e+01
  -7.5351776e+01
  -7.6650670e+01
  -7.8306492e+01
  -8.0061748e+01
  -8.1836355e+01
  -8.3630527e+01
  -8.5444480e+01
  -8.8168669e+01
  -9.1220325e+01
  -9.3543987e+01
  -9.1964586e+01
  -9.0367772e+01
  -8.8831852e+01
  -8.7322050e+01
  -8.5795603e+01
  -8.4252327e+01
  -8.2692036e+01
  -8.1549841e+01
  -8.0495036e+01
  -7.9428602e+01
  -7.8350411e+01
  -7.7260333e+01
  -7.6556688e+01
  -7.5868617e+01
  -7.5172960e+01
  -7.4469632e+01
  -7.3776902e+01
  -7.3376264e+01
  -7.2971210e+01
  -7.2561690e+01
  -7.2147656e+01
  -7.1755069e+01
  -7.1487033e+01
  -7.1216042e+01
  -7.0942063e+01
  -7.0665064e+01
  -7.0386081e+01
  -7.0123165e+01
  -6.9857350e+01
  -6.9588604e+01
  -6.9316895e+01
  -6.9055338e+01
  -6.8840768e+01
  -6.8623833e+01
  -6.8404506e+01
  -6.8182761e+01
  -6.7960298e+01
  -6.7743080e+01
  -6.7523468e+01
  -6.7301435e+01
  -6.7076954e+01
  -6.6860725e+01
  -6.6680496e+01
  -6.6498280e+01
  -6.6314055e+01
  -6.6127799e+01
  -6.5941817e+01
  -6.5758754e+01
  -6.5573672e+01
  -6.5386550e+01
  -6.5197365e+01
  -6.5022490e+01
  -6.4862876e+01
  -6.4701501e+01
  -6.4538347e+01
  -6.4373395e+01
  -6.4245530e+01
  -6.4147175e+01
  -6.4047734e+01
  -6.3947198e+01
  -6.3845553e+01
  -6.3733560e+01
  -6.3612904e+01
  -6.3490917e+01
  -6.3367586e+01
  -6.3242894e+01
  -6.3095826e+01
  -6.2936184e+01
  -6.2774782e+01
  -6.2611601e+01
  -6.2446621e+01
  -6.2300853e+01
  -6.2161727e+01
  -6.2021066e+01
  -6.1878855e+01
  -6.1735076e+01
  -6.1595674e+01
  -6.1456651e+01
  -6.1316096e+01
  -6.1173991e+01
  -6.1030319e+01
  -6.0890958e+01
  -6.0751632e+01
  -6.0610770e+01
  -6.0468355e+01
  -6.0324370e+01
  -6.0184710e+01
  -6.0044711e+01
  -5.9903170e+01
  -5.9760068e+01
  -5.9615388e+01
  -5.9457372e+01
  -5.9296219e+01
  -5.9133289e+01
  -5.8968563e+01
  -5.8802020e+01
  -5.8680776e+01
  -5.8558775e+01
  -5.8435428e+01
  -5.8310721e+01
  -5.8183543e+01
  -5.8046966e+01
  -5.7908883e+01
  -5.7769279e+01
  -5.7628135e+01
  -5.7487765e+01
  -5.7366575e+01
  -5.7244049e+01
  -5.7120173e+01
  -5.6994931e+01
  -5.6871189e+01
  -5.6754807e+01
  -5.6637143e+01
  -5.6518182e+01
  -5.6397909e+01
  -5.6281903e+01
  -5.6187991e+01
  -5.6093044e+01
  -5.5997049e+01
  -5.5899996e+01
  -5.5801874e+01
  -5.5683203e+01
  -5.5562845e+01
  -5.5441160e+01
  -5.5318134e+01
  -5.5194792e+01
  -5.5089997e+01
  -5.4984047e+01
  -5.4876928e+01
  -5.4768628e+01
  -5.4664973e+01
  -5.4570086e+01
  -5.4474154e+01
  -5.4377164e+01
  -5.4279104e+01
  -5.4179964e+01
  -5.4079730e+01
  -5.3978391e+01
  -5.3875935e+01
  -5.3772350e+01
  -5.3667622e+01
  -5.3561740e+01
  -5.3454691e+01
  -5.3346461e+01
  -5.3237038e+01
  -5.3148486e+01
  -5.3070191e+01
  -5.2991034e+01
  -5.2911004e+01
  -5.2830091e+01
  -5.2722430e+01
  -5.2598370e+01
  -5.2472942e+01
  -5.2346132e+01
  -5.2217923e+01
  -5.2117260e+01
  -5.2020185e+01
  -5.1922040e+01
  -5.1822813e+01
  -5.1722492e+01
  -5.1605277e+01
  -5.1482223e+01
  -5.1357811e+01
  -5.1232028e+01
  -5.1104859e+01
  -5.1007215e+01
  -5.0909723e+01
  -5.0811157e+01
  -5.0711503e+01
  -5.0610751e+01
  -5.0490666e+01
  -5.0367083e+01
  -5.0242137e+01
  -5.0115814e+01
  -4.9987376e+01
  -4.9850427e+01
  -4.9711967e+01
  -4.9571981e+01
  -4.9430452e+01
  -4.9290973e+01
  -4.9187639e+01
  -4.9083166e+01
  -4.8977541e+01
  -4.8870751e+01
  -4.8765886e+01
  -4.8665825e+01
  -4.8564661e+01
  -4.8462382e+01
  -4.8358975e+01
  -4.8232694e+01
  -4.8076584e+01
  -4.7918753e+01
  -4.7759182e+01
  -4.7597851e+01
  -4.7454552e+01
  -4.7339706e+01
  -4.7223594e+01
  -4.7106201e+01
  -4.6987514e+01
  -4.6867519e+01
  -4.6746200e+01
  -4.6623544e+01
  -4.6499536e+01
  -4.6374161e+01
  -4.6242728e+01
  -4.6103181e+01
  -4.5962096e+01
  -4.5819455e+01
  -4.5675242e+01
  -4.5543299e+01
  -4.5424844e+01
  -4.5305083e+01
  -4.5184001e+01
  -4.5061585e+01
  -4.4951231e+01
  -4.4853089e+01
  -4.4753866e+01
  -4.4653548e+01
  -4.4552125e+01
  -4.4429416e+01
  -4.4284275e+01
  -4.4137533e+01
  -4.3989174e+01
  -4.3839179e+01
  -4.3699370e+01
  -4.3562188e+01
  -4.3423494e+01
  -4.3283271e+01
  -4.3141503e+01
  -4.2969076e+01
  -4.2782761e+01
  -4.2594391e+01
  -4.2403944e+01
  -4.2211398e+01
  -4.2034183e+01
  -4.1856112e+01
  -4.1676078e+01
  -4.1494059e+01
  -4.1310033e+01
  -4.1113310e+01
  -4.0913804e+01
  -4.0712098e+01
  -4.0508168e+01
  -4.0301990e+01
  -4.0102516e+01
  -3.9900929e+01
  -3.9697120e+01
  -3.9491064e+01
  -3.9279353e+01
  -3.9027446e+01
  -3.8772762e+01
  -3.8515270e+01
  -3.8254939e+01
  -3.7990834e+01
  -3.7695601e+01
  -3.7397114e+01
  -3.7095336e+01
  -3.6790230e+01
  -3.6485949e+01
  -3.6245694e+01
  -3.6002790e+01
  -3.5757207e+01
  -3.5508918e+01
  -3.5266162e+01
  -3.5062220e+01
  -3.4856029e+01
  -3.4647565e+01
  -3.4436803e+01
  -3.4355121e+01
  -3.4510790e+01
  -3.4668176e+01
  -3.4827297e+01
  -3.4988172e+01
  -3.5210772e+01
  -3.5569205e+01
  -3.5931588e+01
  -3.6297967e+01
  -3.6668386e+01
  -3.7019540e+01
  -3.7336304e+01
  -3.7656559e+01
  -3.7980346e+01
  -3.8307702e+01
  -3.8609448e+01
  -3.8873554e+01
  -3.9140572e+01
  -3.9410534e+01
  -3.9683472e+01
  -3.9709641e+01
  -3.9551509e+01
  -3.9391634e+01
  -3.9229996e+01
  -3.9066576e+01
  -3.8730574e+01
  -3.8274337e+01
  -3.7813070e+01
  -3.7346718e+01
  -3.6875224e+01
  -3.6275574e+01
  -3.5597055e+01
  -3.4911056e+01
  -3.4217494e+01
  -3.3516286e+01
  -3.2912727e+01
  -3.2349288e+01
  -3.1779637e+01
  -3.1203706e+01
  -3.0621425e+01
  -3.0218783e+01
  -2.9860583e+01
  -2.9498433e+01
  -2.9132292e+01
  -2.8762113e+01
  -2.8733267e+01
  -2.8773594e+01
  -2.8814366e+01
  -2.8855587e+01
  -2.8897262e+01
  -2.8937124e+01
  -2.8977266e+01
  -2.9017850e+01
  -2.9058882e+01
  -2.9100000e+01
  -2.9100000e+01
  -2.9100000e+01
  -2.9100000e+01
  -2.9100000e+01
  -2.9059710e+01
  -2.8963716e+01
  -2.8866663e+01
  -2.8768540e+01
  -2.8669336e+01
  -2.8581422e+01
  -2.8520580e+01
  -2.8459067e+01
  -2.8396875e+01
  -2.8333998e+01
  -2.8223958e+01
  -2.8058689e+01
  -2.7891598e+01
  -2.7722665e+01
  -2.7551870e+01
  -2.7351446e+01
  -2.6944087e+01
  -2.6532238e+01
  -2.6147860e+01
  -2.5761961e+01
  -2.5362409e+01
  -2.4836468e+01
  -2.4304729e+01
  -2.3791349e+01
  -2.3272526e+01
  -2.2791417e+01
  -2.2412613e+01
  -2.2029632e+01
  -2.1556572e+01
  -2.1034610e+01
  -2.0988449e+01
  -2.1108495e+01
  -2.1391126e+01
  -2.2176451e+01
  -2.2970434e+01
  -2.3852540e+01
  -2.5036105e+01
  -2.6232718e+01
  -2.7963785e+01
  -2.9798501e+01
  -3.1402625e+01
  -3.2831497e+01
  -3.4073770e+01
  -3.4913588e+01
  -3.5762664e+01
  -3.6009374e+01
  -3.5858434e+01
  -3.5705831e+01
  -3.4818545e+01
  -3.3892372e+01
  -3.2911566e+01
  -3.1915032e+01
  -3.0923210e+01
  -2.9945326e+01
  -2.8956660e+01
  -2.8081506e+01
  -2.7204261e+01
  -2.6360326e+01
  -2.5929912e+01
  -2.5494754e+01
  -2.5883284e+01
  -2.6506013e+01
  -2.7239487e+01
  -2.8073047e+01
  -2.8915796e+01
  -3.0326264e+01
  -3.1814197e+01
  -3.3223015e+01
  -3.4463767e+01
  -3.5718199e+01
  -3.7091603e+01
  -3.8497936e+01
  -3.9792173e+01
  -4.0933728e+01
  -4.2052070e+01
  -4.2743546e+01
  -4.3342232e+01
  -4.3965111e+01
  -4.3503924e+01
  -4.2657664e+01
  -4.1790263e+01
  -4.0913299e+01
  -3.8213383e+01
  -3.7889868e+01
  -3.7562785e+01
  -3.7500000e+01
  -3.7500000e+01
  -3.7472159e+01
  -3.7434781e+01
  -3.7375920e+01
  -3.7070261e+01
  -3.6012329e+01
  -3.3587973e+01
  -3.2387779e+01
  -3.2070843e+01
  -3.1834402e+01
  -3.1638536e+01
  -3.1334184e+01
  -3.1000503e+01
  -3.0739175e+01
  -3.0587584e+01
  -3.0434322e+01
  -3.0400000e+01
  -3.0400000e+01
  -3.0339908e+01
  -3.0219808e+01
  -3.0096767e+01
  -2.9851241e+01
  -2.9603008e+01
  -2.9255862e+01
  -2.8837196e+01
  -2.8413915e+01
  -2.7948327e+01
  -2.7476327e+01
  -2.6995404e+01
  -2.6504005e+01
  -2.6049375e+01
  -2.5775396e+01
  -2.5501803e+01
  -2.5816863e+01
  -2.6249452e+01
  -2.7609199e+01
  -2.8870008e+01
  -3.0398525e+01
  -3.2173537e+01
  -3.4542030e+01
  -3.4995622e+01
  -3.5484333e+01
  -3.6205565e+01
  -3.6771126e+01
  -3.6613149e+01
  -3.6453431e+01
  -3.5890634e+01
  -3.4844324e+01
  -3.4159087e+01
  -3.3741890e+01
  -3.3666068e+01
  -3.4059711e+01
  -3.4457694e+01
  -3.4788052e+01
  -3.5113498e+01
  -3.4952579e+01
  -3.4141717e+01
  -3.3321915e+01
  -3.2474949e+01
  -3.1615484e+01
  -3.0673666e+01
  -2.9653955e+01
  -2.8642508e+01
  -2.7864242e+01
  -2.7116953e+01
  -2.7713593e+01
  -2.8633624e+01
  -3.0280043e+01
  -3.1958185e+01
  -3.3211108e+01
  -3.4223745e+01
  -3.4365859e+01
  -3.3721621e+01
  -3.2938059e+01
  -3.2076915e+01
  -3.0782218e+01
  -3.0267477e+01
  -2.9747062e+01
  -2.9812458e+01
  -3.0110586e+01
  -3.0412000e+01
  -3.1294707e+01
  -3.1974727e+01
  -3.2493884e+01
  -3.1678716e+01
  -3.0384841e+01
  -2.8878668e+01
  -2.7141039e+01
  -2.5096023e+01
  -2.4325647e+01
  -2.3608577e+01
  -2.3260281e+01
  -2.3801831e+01
  -2.4797318e+01
  -2.6129801e+01
  -2.8563411e+01
  -3.0134307e+01
  -3.1583691e+01
  -3.3333249e+01
  -3.5620863e+01
  -3.8569521e+01
  -3.5421418e+01
  -3.3038910e+01
  -3.0520553e+01
  -2.7991610e+01
  -2.7146953e+01
  -2.6292983e+01
  -2.5155820e+01
  -2.4273578e+01
  -2.3783462e+01
  -2.3666194e+01
  -2.3547633e+01
  -2.3427765e+01
  -2.3306575e+01
  -2.3263802e+01
  -2.3759308e+01
  -2.4260278e+01
  -2.4796203e+01
  -2.5349372e+01
  -2.6344753e+01
  -2.8184615e+01
  -2.8684334e+01
  -2.8043186e+01
  -2.7121240e+01
  -2.6247655e+01
  -2.5411317e+01
  -2.4819431e+01
  -2.4552602e+01
  -2.4294800e+01
  -2.3998216e+01
  -2.3677986e+01
  -2.3355156e+01
  -2.3048876e+01
  -2.2810262e+01
  -2.2569710e+01
  -2.2327205e+01
  -2.2109889e+01
  -2.1894237e+01
  -2.1676833e+01
  -2.1681335e+01
  -2.1807591e+01
  -2.1934872e+01
  -2.2157969e+01
  -2.2481362e+01
  -2.2807381e+01
  -2.3173460e+01
  -2.3595912e+01
  -2.4021795e+01
  -2.4451136e+01
  -2.5176142e+01
  -2.5662137e+01
  -2.5351629e+01
  -2.5025150e+01
  -2.4683282e+01
  -2.4338637e+01
  -2.3991194e+01
  -2.3621000e+01
  -2.3240729e+01
  -2.2857370e+01
  -2.2433481e+01
  -2.1650920e+01
  -2.1370367e+01
  -2.1132521e+01
  -2.0961444e+01
  -2.0937007e+01
  -2.0994963e+01
  -2.1266944e+01
  -2.1561447e+01
  -2.1858341e+01
  -2.2126117e+01
  -2.2367506e+01
  -2.2610855e+01
  -2.2842135e+01
  -2.3027622e+01
  -2.3329233e+01
  -2.3089571e+01
  -2.2456093e+01
  -2.1817471e+01
  -2.1429466e+01
  -2.1184926e+01
  -2.1031097e+01
  -2.0833211e+01
  -2.0603618e+01
  -2.0648310e+01
  -2.0693364e+01
  -2.0832710e+01
  -2.1107445e+01
  -2.1384412e+01
  -2.1795442e+01
  -2.2362779e+01
  -2.3021660e+01
  -2.3236215e+01
  -2.2993300e+01
  -2.2411823e+01
  -2.1825625e+01
  -2.0993333e+01
  -2.0068091e+01
  -1.9419157e+01
  -1.9116421e+01
  -1.9316580e+01
  -1.9645558e+01
  -2.0033272e+01
  -2.0428962e+01
  -2.0969074e+01
  -2.1378489e+01
  -2.1772695e+01
