  -2.1155126e+01
  -2.3453648e+01
  -2.5263184e+01
  -2.6642249e+01
  -2.7948857e+01
  -2.9060888e+01
  -2.9971604e+01
  -3.0666988e+01
  -3.1557504e+01
  -3.2182171e+01
  -3.3011561e+01
  -3.3663441e+01
  -3.4216214e+01
  -3.4622821e+01
  -3.5080559e+01
  -3.5586276e+01
  -3.6161445e+01
  -3.6659837e+01
  -3.7134676e+01
  -3.7574734e+01
  -3.7908560e+01
  -3.7908560e+01
  -3.8023938e+01
  -3.8127547e+01
  -3.8236605e+01
  -3.8349428e+01
  -3.8461097e+01
  -3.8576129e+01
  -3.8696930e+01
  -3.8812393e+01
  -3.8925144e+01
  -3.9069003e+01
  -3.9209626e+01
  -3.9330349e+01
  -3.9446205e+01
  -3.9558885e+01
  -3.9678345e+01
  -3.9795910e+01
  -3.9899322e+01
  -4.0007494e+01
  -4.0120101e+01
  -4.0246620e+01
  -4.0388693e+01
  -4.0586772e+01
  -4.0768370e+01
  -4.0932846e+01
  -4.1082321e+01
  -4.1222656e+01
  -4.1317330e+01
  -4.1404531e+01
  -4.1482391e+01
  -4.1579874e+01
  -4.1686456e+01
  -4.1815474e+01
  -4.1945116e+01
  -4.2074800e+01
  -4.2210314e+01
  -4.2350635e+01
  -4.2513953e+01
  -4.2675001e+01
  -4.2830523e+01
  -4.3003574e+01
  -4.3185539e+01
  -4.3348752e+01
  -4.3507314e+01
  -4.3654103e+01
  -4.3783706e+01
  -4.3905215e+01
  -4.4033878e+01
  -4.4161130e+01
  -4.4281938e+01
  -4.4429194e+01
  -4.4593993e+01
  -4.4749201e+01
  -4.4905039e+01
  -4.5060264e+01
  -4.5210594e+01
  -4.5357953e+01
  -4.5519553e+01
  -4.5680358e+01
  -4.5826866e+01
  -4.5968972e+01
  -4.6107575e+01
  -4.6237806e+01
  -4.6361614e+01
  -4.6456353e+01
  -4.6572760e+01
  -4.6711273e+01
  -4.6834866e+01
  -4.6955026e+01
  -4.7066918e+01
  -4.7163441e+01
  -4.7241306e+01
  -4.7345580e+01
  -4.7459189e+01
  -4.7579613e+01
  -4.7707818e+01
  -4.7846155e+01
  -4.8009383e+01
  -4.8181850e+01
  -4.8336582e+01
  -4.8495478e+01
  -4.8659650e+01
  -4.8799283e+01
  -4.8929675e+01
  -4.9067126e+01
  -4.9196743e+01
  -4.9308999e+01
  -4.9449437e+01
  -4.9605672e+01
  -4.9785599e+01
  -4.9975090e+01
  -5.0182201e+01
  -5.0383826e+01
  -5.0583332e+01
  -5.0699992e+01
  -5.0810288e+01
  -5.0913777e+01
  -5.0992324e+01
  -5.1053005e+01
  -5.1151961e+01
  -5.1265451e+01
  -5.1365012e+01
  -5.1465672e+01
  -5.1555032e+01
  -5.1643397e+01
  -5.1736407e+01
  -5.1836044e+01
  -5.1936779e+01
  -5.2030659e+01
  -5.2124986e+01
  -5.2216454e+01
  -5.2304435e+01
  -5.2393386e+01
  -5.2486754e+01
  -5.2581151e+01
  -5.2678335e+01
  -5.2778121e+01
  -5.2880016e+01
  -5.2996813e+01
  -5.3114899e+01
  -5.3186737e+01
  -5.3227857e+01
  -5.3278029e+01
  -5.3383225e+01
  -5.3489582e+01
  -5.3618642e+01
  -5.3759729e+01
  -5.3900392e+01
  -5.4034911e+01
  -5.4170913e+01
  -5.4271214e+01
  -5.4359459e+01
  -5.4440061e+01
  -5.4498592e+01
  -5.4557768e+01
  -5.4611593e+01
  -5.4664580e+01
  -5.4723634e+01
  -5.4793923e+01
  -5.4864987e+01
  -5.4935154e+01
  -5.5005857e+01
  -5.5081334e+01
  -5.5163400e+01
  -5.5246370e+01
  -5.5333654e+01
  -5.5422098e+01
  -5.5510371e+01
  -5.5598365e+01
  -5.5687376e+01
  -5.5780758e+01
  -5.5875170e+01
  -5.5959655e+01
  -5.6035974e+01
  -5.6113918e+01
  -5.6201530e+01
  -5.6290107e+01
  -5.6374595e+01
  -5.6456846e+01
  -5.6537918e+01
  -5.6608060e+01
  -5.6678975e+01
  -5.6757340e+01
  -5.6839653e+01
  -5.6918564e+01
  -5.6982909e+01
  -5.7047963e+01
  -5.7125583e+01
  -5.7207958e+01
  -5.7292271e+01
  -5.7380080e+01
  -5.7468857e+01
  -5.7638101e+01
  -5.7826528e+01
  -5.8046281e+01
  -5.8321623e+01
  -5.8600000e+01
  -5.8952651e+01
  -5.9318002e+01
  -5.9700475e+01
  -6.0105004e+01
  -6.0513992e+01
  -6.0984045e+01
  -6.1461716e+01
  -6.1906716e+01
  -6.2317416e+01
  -6.2733929e+01
  -6.3200909e+01
  -6.3673038e+01
  -6.4097429e+01
  -6.4484951e+01
  -6.4879636e+01
  -6.5306076e+01
  -6.5737218e+01
  -6.6140083e+01
  -6.6527896e+01
  -6.6921122e+01
  -6.7324498e+01
  -6.7732321e+01
  -6.8128804e+01
  -6.8522789e+01
  -6.8909160e+01
  -6.9260186e+01
  -6.9615081e+01
  -6.9966537e+01
  -7.0319625e+01
  -7.0666717e+01
  -7.0994587e+01
  -7.1326072e+01
  -7.1580657e+01
  -7.1822114e+01
  -7.2040157e+01
  -7.2215934e+01
  -7.2393648e+01
  -7.2532074e+01
  -7.2667628e+01
  -7.2808169e+01
  -7.2954760e+01
  -7.3102967e+01
  -7.3209196e+01
  -7.3315361e+01
  -7.3376995e+01
  -7.3394599e+01
  -7.3408799e+01
  -7.3338742e+01
  -7.3267912e+01
  -7.3190704e+01
  -7.3108490e+01
  -7.3024341e+01
  -7.2930860e+01
  -7.2836350e+01
  -7.2727442e+01
  -7.2609905e+01
  -7.2468880e+01
  -7.2223310e+01
  -7.1975032e+01
  -7.1745395e+01
  -7.1521907e+01
  -7.1290283e+01
  -7.1038677e+01
  -7.0784297e+01
  -7.0559782e+01
  -7.0342012e+01
  -7.0129194e+01
  -6.9930100e+01
  -6.9728811e+01
  -6.9510109e+01
  -6.9286285e+01
  -6.9062317e+01
  -6.8839633e+01
  -6.8614495e+01
  -6.8376388e+01
  -6.8134713e+01
  -6.7893328e+01
  -6.7652884e+01
  -6.7409789e+01
  -6.7147459e+01
  -6.6882007e+01
  -6.6617364e+01
  -6.6353263e+01
  -6.6087279e+01
  -6.5836202e+01
  -6.5582357e+01
  -6.5346902e+01
  -6.5123716e+01
  -6.4904543e+01
  -6.4729241e+01
  -6.4552007e+01
  -6.4391286e+01
  -6.4238465e+01
  -6.4085867e+01
  -6.3939673e+01
  -6.3791867e+01
  -6.3658020e+01
  -6.3528613e+01
  -6.3407767e+01
  -6.3314132e+01
  -6.3219465e+01
  -6.3070211e+01
  -6.2905387e+01
  -6.2732567e+01
  -6.2545157e+01
  -6.2355680e+01
  -6.2148398e+01
  -6.1936323e+01
  -6.1726499e+01
  -6.1521365e+01
  -6.1313970e+01
  -6.1082330e+01
  -6.0846514e+01
  -6.0632748e+01
  -6.0445056e+01
  -6.0255294e+01
  -6.0062723e+01
  -5.9868028e+01
  -5.9667780e+01
  -5.9462338e+01
  -5.9258193e+01
  -5.9100516e+01
  -5.8941101e+01
  -5.8761467e+01
  -5.8567618e+01
  -5.8376330e+01
  -5.8212691e+01
  -5.8047247e+01
  -5.7886889e+01
  -5.7728167e+01
  -5.7570966e+01
  -5.7424749e+01
  -5.7276921e+01
  -5.7130415e+01
  -5.6983340e+01
  -5.6842104e+01
  -5.6719189e+01
  -5.6594920e+01
  -5.6476703e+01
  -5.6358955e+01
  -5.6240999e+01
  -5.6123850e+01
  -5.6005409e+01
  -5.5883352e+01
  -5.5759623e+01
  -5.5626344e+01
  -5.5479798e+01
  -5.5331636e+01
  -5.5191132e+01
  -5.5049621e+01
  -5.4919544e+01
  -5.4802219e+01
  -5.4683882e+01
  -5.4584664e+01
  -5.4484351e+01
  -5.4387608e+01
  -5.4293678e+01
  -5.4198444e+01
  -5.4099151e+01
  -5.3998763e+01
  -5.3880993e+01
  -5.3751741e+01
  -5.3617216e+01
  -5.3459397e+01
  -5.3299837e+01
  -5.3161422e+01
  -5.3032073e+01
  -5.2907160e+01
  -5.2801869e+01
  -5.2695416e+01
  -5.2594346e+01
  -5.2494320e+01
  -5.2388953e+01
  -5.2271874e+01
  -5.2153505e+01
  -5.2007707e+01
  -5.1854610e+01
  -5.1701301e+01
  -5.1548985e+01
  -5.1394989e+01
  -5.1274153e+01
  -5.1156298e+01
  -5.1043438e+01
  -5.0937909e+01
  -5.0831216e+01
  -5.0731701e+01
  -5.0631449e+01
  -5.0531428e+01
  -5.0431687e+01
  -5.0330443e+01
  -5.0213698e+01
  -5.0095665e+01
  -4.9974854e+01
  -4.9851552e+01
  -4.9727767e+01
  -4.9610934e+01
  -4.9492814e+01
  -4.9379072e+01
  -4.9267428e+01
  -4.9154097e+01
  -4.9037176e+01
  -4.8918967e+01
  -4.8789474e+01
  -4.8654225e+01
  -4.8521045e+01
  -4.8398186e+01
  -4.8273973e+01
  -4.8164376e+01
  -4.8058449e+01
  -4.7959227e+01
  -4.7877260e+01
  -4.7794389e+01
  -4.7727089e+01
  -4.7662307e+01
  -4.7582404e+01
  -4.7476938e+01
  -4.7370309e+01
  -4.7249287e+01
  -4.7125521e+01
  -4.6989107e+01
  -4.6836653e+01
  -4.6682518e+01
  -4.6536402e+01
  -4.6388950e+01
  -4.6244844e+01
  -4.6104011e+01
  -4.5962021e+01
  -4.5827744e+01
  -4.5691987e+01
  -4.5560194e+01
  -4.5431000e+01
  -4.5300129e+01
  -4.5165751e+01
  -4.5029892e+01
  -4.4887399e+01
  -4.4740478e+01
  -4.4588508e+01
  -4.4418947e+01
  -4.4247517e+01
  -4.4110698e+01
  -4.3987191e+01
  -4.3863148e+01
  -4.3740271e+01
  -4.3616039e+01
  -4.3479404e+01
  -4.3338148e+01
  -4.3211192e+01
  -4.3117501e+01
  -4.3022777e+01
  -4.2874707e+01
  -4.2715674e+01
  -4.2545385e+01
  -4.2357862e+01
  -4.2168272e+01
  -4.1975932e+01
  -4.1781413e+01
  -4.1595018e+01
  -4.1419083e+01
  -4.1241208e+01
  -4.1037328e+01
  -4.0830865e+01
  -4.0618972e+01
  -4.0401823e+01
  -4.0182602e+01
  -3.9966559e+01
  -3.9748133e+01
  -3.9530778e+01
  -3.9313466e+01
  -3.9094483e+01
  -3.8878278e+01
  -3.8659688e+01
  -3.8419593e+01
  -3.8166851e+01
  -3.7901493e+01
  -3.7591561e+01
  -3.7278211e+01
  -3.6963321e+01
  -3.6645686e+01
  -3.6332837e+01
  -3.6040229e+01
  -3.5744394e+01
  -3.5488693e+01
  -3.5241457e+01
  -3.5016633e+01
  -3.4840936e+01
  -3.4663301e+01
  -3.4573396e+01
  -3.4496813e+01
  -3.4482595e+01
  -3.4564648e+01
  -3.4647607e+01
  -3.4886974e+01
  -3.5140477e+01
  -3.5431520e+01
  -3.5765846e+01
  -3.6103858e+01
  -3.6471495e+01
  -3.6843185e+01
  -3.7229152e+01
  -3.7628298e+01
  -3.8027126e+01
  -3.8365839e+01
  -3.8708287e+01
  -3.9031383e+01
  -3.9342715e+01
  -3.9636434e+01
  -3.9800074e+01
  -3.9965518e+01
  -3.9906920e+01
  -3.9736441e+01
  -3.9543541e+01
  -3.9268654e+01
  -3.8990736e+01
  -3.8598922e+01
  -3.8163578e+01
  -3.7702778e+01
  -3.7181856e+01
  -3.6655191e+01
  -3.5988157e+01
  -3.5281664e+01
  -3.4573930e+01
  -3.3871035e+01
  -3.3160391e+01
  -3.2514964e+01
  -3.1872751e+01
  -3.1247330e+01
  -3.0649421e+01
  -3.0044919e+01
  -2.9719357e+01
  -2.9406854e+01
  -2.9128436e+01
  -2.8887919e+01
  -2.8648736e+01
  -2.8695427e+01
  -2.8742633e+01
  -2.8811987e+01
  -2.8900047e+01
  -2.8988404e+01
  -2.9070175e+01
  -2.9152847e+01
  -2.9213515e+01
  -2.9260516e+01
  -2.9301716e+01
  -2.9307562e+01
  -2.9313472e+01
  -2.9283427e+01
  -2.9236391e+01
  -2.9181474e+01
  -2.9099581e+01
  -2.9016784e+01
  -2.8934759e+01
  -2.8852384e+01
  -2.8776431e+01
  -2.8717892e+01
  -2.8658708e+01
  -2.8547476e+01
  -2.8423821e+01
  -2.8266858e+01
  -2.8050100e+01
  -2.7830952e+01
  -2.7552339e+01
  -2.7263594e+01
  -2.6962631e+01
  -2.6646043e+01
  -2.6325965e+01
  -2.5909937e+01
  -2.5485339e+01
  -2.5047375e+01
  -2.4595606e+01
  -2.4137601e+01
  -2.3629760e+01
  -2.3116320e+01
  -2.2618093e+01
  -2.2130756e+01
  -2.1655458e+01
  -2.1340009e+01
  -2.1021082e+01
  -2.1019665e+01
  -2.1207696e+01
  -2.1525587e+01
  -2.2500128e+01
  -2.3639146e+01
  -2.4732902e+01
  -2.5625011e+01
  -2.7054747e+01
  -2.9022502e+01
  -3.0669780e+01
  -3.2306351e+01
  -3.3223377e+01
  -3.4151099e+01
  -3.5090418e+01
  -3.6006902e+01
  -3.6024916e+01
  -3.5757535e+01
  -3.5223430e+01
  -3.4535369e+01
  -3.3730131e+01
  -3.2687448e+01
  -3.1423724e+01
  -3.0346673e+01
  -2.9516187e+01
  -2.8698926e+01
  -2.7640584e+01
  -2.6596943e+01
  -2.5812642e+01
  -2.5477951e+01
  -2.5374674e+01
  -2.5963264e+01
  -2.6654944e+01
  -2.7610116e+01
  -2.8765711e+01
  -3.0009027e+01
  -3.1183887e+01
  -3.2574368e+01
  -3.4060854e+01
  -3.5477616e+01
  -3.6892730e+01
  -3.8120988e+01
  -3.9233758e+01
  -4.0294805e+01
  -4.1341566e+01
  -4.1973143e+01
  -4.2306520e+01
  -4.1832531e+01
  -4.0045113e+01
  -3.8907937e+01
  -3.8146036e+01
  -3.6382438e+01
  -3.5692077e+01
  -3.3321857e+01
  -3.2673934e+01
  -3.2226903e+01
  -3.1873385e+01
  -3.1467145e+01
  -3.1055327e+01
  -3.0644547e+01
  -3.0258231e+01
  -2.9949184e+01
  -2.9638741e+01
  -2.9461342e+01
  -2.9289551e+01
  -2.9580072e+01
  -2.9920890e+01
  -3.0187198e+01
  -3.0479929e+01
  -3.0753940e+01
  -3.1001609e+01
  -3.1191978e+01
  -3.1367782e+01
  -3.1426375e+01
  -3.1458951e+01
  -3.1283851e+01
  -3.1064471e+01
  -3.0782245e+01
  -3.0464278e+01
  -3.0052644e+01
  -2.9572059e+01
  -2.9051423e+01
  -2.8526094e+01
  -2.7997967e+01
  -2.7449180e+01
  -2.6932318e+01
  -2.6449839e+01
  -2.6124271e+01
  -2.6196280e+01
  -2.6579087e+01
  -2.7226218e+01
  -2.8173585e+01
  -2.9247757e+01
  -3.0511292e+01
  -3.1756489e+01
  -3.2740731e+01
  -3.3726072e+01
  -3.5316380e+01
  -3.6865969e+01
  -3.7077129e+01
  -3.6547247e+01
  -3.6086383e+01
  -3.5610905e+01
  -3.4906516e+01
  -3.4299435e+01
  -3.3768592e+01
  -3.4946005e+01
  -3.6956153e+01
  -3.7837838e+01
  -3.8606400e+01
  -4.0824911e+01
  -3.8788030e+01
  -3.7072538e+01
  -3.5628364e+01
  -3.4036120e+01
  -3.2291575e+01
  -3.1095895e+01
  -3.0045316e+01
  -2.9014329e+01
  -2.8053641e+01
  -2.6479918e+01
  -2.8446633e+01
  -3.0154691e+01
  -3.1674828e+01
  -3.2499167e+01
  -3.3117546e+01
  -3.3786231e+01
  -3.4282381e+01
  -3.3855601e+01
  -3.3270596e+01
  -3.2398670e+01
  -3.1497312e+01
  -3.0943108e+01
  -3.0403608e+01
  -3.0151983e+01
  -3.0142153e+01
  -3.0496493e+01
  -3.0955404e+01
  -3.1522742e+01
  -3.1749913e+01
  -3.0908274e+01
  -3.0046897e+01
  -2.9058589e+01
  -2.8047190e+01
  -2.6637722e+01
  -2.5125506e+01
  -2.4199761e+01
  -2.3282094e+01
  -2.2935729e+01
  -2.5075233e+01
  -2.5888819e+01
  -2.6817642e+01
  -2.8137367e+01
  -3.0184256e+01
  -3.2602280e+01
  -3.4855611e+01
  -3.9065807e+01
  -3.8295497e+01
  -3.5009192e+01
  -3.1547772e+01
  -3.0387955e+01
  -2.8995881e+01
  -2.7189546e+01
  -2.5637688e+01
  -2.4818791e+01
  -2.4185816e+01
  -2.3823838e+01
  -2.3555693e+01
  -2.3319872e+01
  -2.3233283e+01
  -2.3255338e+01
  -2.3453652e+01
  -2.3836053e+01
  -2.4374117e+01
  -2.5626173e+01
  -2.6662965e+01
  -2.7276987e+01
  -2.8568075e+01
  -2.8883137e+01
  -2.8362698e+01
  -2.7770251e+01
  -2.7045887e+01
  -2.6231708e+01
  -2.5772193e+01
  -2.5308946e+01
  -2.4863828e+01
  -2.4388122e+01
  -2.3918014e+01
  -2.3549446e+01
  -2.3221206e+01
  -2.2934760e+01
  -2.2689065e+01
  -2.2445358e+01
  -2.2290927e+01
  -2.2166283e+01
  -2.2062898e+01
  -2.2310831e+01
  -2.2560777e+01
  -2.2832326e+01
  -2.3191791e+01
  -2.3575743e+01
  -2.4056568e+01
  -2.4537044e+01
  -2.4944475e+01
  -2.5211045e+01
  -2.5478126e+01
  -2.5511326e+01
  -2.5219562e+01
  -2.4925427e+01
  -2.4629574e+01
  -2.4331623e+01
  -2.4030640e+01
  -2.3659504e+01
  -2.3240593e+01
  -2.2730979e+01
  -2.2047578e+01
  -2.1787581e+01
  -2.1546951e+01
  -2.1315228e+01
  -2.1135729e+01
  -2.1363819e+01
  -2.1597333e+01
  -2.1875343e+01
  -2.2248014e+01
  -2.2623712e+01
  -2.2884282e+01
  -2.3071753e+01
  -2.3260498e+01
  -2.3381915e+01
  -2.3303389e+01
  -2.2948012e+01
  -2.2204391e+01
  -2.1565077e+01
  -2.1294554e+01
  -2.1083397e+01
  -2.0870525e+01
  -2.0607010e+01
  -2.0338483e+01
  -2.0067777e+01
  -2.0400828e+01
  -2.1139069e+01
  -2.1664582e+01
  -2.2027726e+01
  -2.2342545e+01
  -2.2626120e+01
  -2.2909118e+01
  -2.3181247e+01
  -2.3364780e+01
  -2.3549804e+01
  -2.3406721e+01
  -2.3015980e+01
  -2.2293745e+01
  -2.1227216e+01
  -1.9859711e+01
  -1.9359179e+01
  -1.8960171e+01
  -1.8892127e+01
  -1.8866152e+01
  -1.8839967e+01
  -1.8830302e+01
  -1.8834619e+01
  -1.8838971e+01