20	-4.18E+01	-4.19E+01
29	-4.49E+01	-4.50E+01
38	-4.73E+01	-4.74E+01
47	-4.92E+01	-4.93E+01
56	-5.06E+01	-5.08E+01
65	-5.21E+01	-5.22E+01
74	-5.33E+01	-5.34E+01
83	-5.44E+01	-5.44E+01
92	-5.52E+01	-5.53E+01
101	-5.61E+01	-5.61E+01
110	-5.69E+01	-5.70E+01
119	-5.78E+01	-5.78E+01
128	-5.87E+01	-5.89E+01
137	-5.93E+01	-5.94E+01
146	-6.01E+01	-6.02E+01
155	-6.10E+01	-6.11E+01
164	-6.17E+01	-6.18E+01
173	-6.22E+01	-6.24E+01
182	-6.28E+01	-6.30E+01
191	-6.35E+01	-6.36E+01
200	-6.41E+01	-6.43E+01
200	-6.41E+01	-6.43E+01
203.2449183	-6.43E+01	-6.45E+01
206.542484	-6.46E+01	-6.48E+01
209.8935514	-6.48E+01	-6.49E+01
213.2989884	-6.50E+01	-6.50E+01
216.7596773	-6.52E+01	-6.53E+01
220.2765145	-6.54E+01	-6.55E+01
223.8504109	-6.56E+01	-6.57E+01
227.4822924	-6.59E+01	-6.59E+01
231.1730996	-6.62E+01	-6.62E+01
234.9237886	-6.65E+01	-6.65E+01
238.7353311	-6.68E+01	-6.68E+01
242.6087142	-6.71E+01	-6.71E+01
246.5449415	-6.74E+01	-6.74E+01
250.5450324	-6.77E+01	-6.77E+01
254.6100231	-6.80E+01	-6.80E+01
258.7409667	-6.83E+01	-6.83E+01
262.9389331	-6.87E+01	-6.87E+01
267.2050098	-6.90E+01	-6.91E+01
271.5403019	-6.94E+01	-6.95E+01
275.9459323	-6.98E+01	-6.98E+01
280.4230423	-7.02E+01	-7.03E+01
284.9727915	-7.06E+01	-7.07E+01
289.5963586	-7.10E+01	-7.11E+01
294.2949411	-7.15E+01	-7.16E+01
299.0697562	-7.21E+01	-7.21E+01
303.9220408	-7.30E+01	-7.25E+01
308.8530517	-7.40E+01	-7.30E+01
313.8640662	-7.53E+01	-7.36E+01
318.9563824	-7.66E+01	-7.42E+01
324.1313193	-7.77E+01	-7.49E+01
329.3902175	-7.90E+01	-7.56E+01
334.7344392	-8.00E+01	-7.62E+01
340.1653686	-8.06E+01	-7.69E+01
345.6844127	-8.01E+01	-7.74E+01
351.293001	-7.90E+01	-7.78E+01
356.9925863	-7.66E+01	-7.82E+01
362.7846451	-7.35E+01	-7.85E+01
368.6706777	-7.05E+01	-7.75E+01
374.6522088	-6.90E+01	-7.57E+01
380.7307877	-6.79E+01	-7.36E+01
386.9079892	-6.84E+01	-7.22E+01
393.1854131	-6.95E+01	-7.19E+01
399.5646858	-7.27E+01	-7.26E+01
406.0474595	-7.40E+01	-7.45E+01
412.6354135	-7.59E+01	-7.63E+01
419.3302545	-7.80E+01	-7.81E+01
426.1337164	-7.98E+01	-8.00E+01
433.0475618	-8.17E+01	-8.19E+01
440.0735815	-8.33E+01	-8.33E+01
447.2135955	-8.49E+01	-8.49E+01
454.4694533	-8.59E+01	-8.58E+01
461.8430344	-8.59E+01	-8.60E+01
469.3362489	-8.54E+01	-8.54E+01
476.9510377	-8.44E+01	-8.37E+01
484.6893733	-8.22E+01	-8.20E+01
492.5532603	-7.98E+01	-7.98E+01
500.5447356	-7.87E+01	-7.86E+01
508.6658694	-7.77E+01	-7.77E+01
516.9187652	-7.68E+01	-7.67E+01
525.3055609	-7.60E+01	-7.59E+01
533.8284289	-7.52E+01	-7.52E+01
542.489577	-7.46E+01	-7.46E+01
551.2912486	-7.41E+01	-7.40E+01
560.2357238	-7.35E+01	-7.35E+01
569.3253194	-7.30E+01	-7.29E+01
578.56239	-7.24E+01	-7.23E+01
587.9493283	-7.18E+01	-7.17E+01
597.4885659	-7.13E+01	-7.12E+01
607.1825736	-7.07E+01	-7.07E+01
617.0338627	-7.01E+01	-7.01E+01
627.0449849	-6.96E+01	-6.96E+01
637.2185335	-6.91E+01	-6.92E+01
647.5571438	-6.88E+01	-6.89E+01
658.0634938	-6.86E+01	-6.86E+01
668.740305	-6.84E+01	-6.84E+01
679.5903431	-6.82E+01	-6.82E+01
690.6164186	-6.80E+01	-6.80E+01
701.8213877	-6.78E+01	-6.78E+01
713.2081529	-6.75E+01	-6.75E+01
724.7796637	-6.72E+01	-6.73E+01
736.5389175	-6.70E+01	-6.70E+01
748.4889604	-6.67E+01	-6.67E+01
760.6328878	-6.64E+01	-6.64E+01
772.9738455	-6.61E+01	-6.61E+01
785.5150302	-6.58E+01	-6.58E+01
798.2596905	-6.55E+01	-6.54E+01
811.2111277	-6.53E+01	-6.52E+01
824.3726967	-6.50E+01	-6.50E+01
837.7478068	-6.47E+01	-6.48E+01
851.3399225	-6.45E+01	-6.45E+01
865.1525648	-6.43E+01	-6.43E+01
879.1893115	-6.40E+01	-6.40E+01
893.4537988	-6.38E+01	-6.38E+01
907.9497215	-6.35E+01	-6.35E+01
922.6808346	-6.32E+01	-6.32E+01
937.650954	-6.30E+01	-6.30E+01
952.8639575	-6.29E+01	-6.29E+01
968.3237857	-6.27E+01	-6.27E+01
984.0344434	-6.25E+01	-6.25E+01
1000	-6.23E+01	-6.23E+01
1011.025023	-6.22E+01	-6.21E+01
1022.171598	-6.20E+01	-6.20E+01
1033.441064	-6.18E+01	-6.18E+01
1044.834776	-6.17E+01	-6.16E+01
1056.354104	-6.15E+01	-6.15E+01
1068.000433	-6.14E+01	-6.14E+01
1079.775162	-6.12E+01	-6.12E+01
1091.679709	-6.11E+01	-6.10E+01
1103.715503	-6.09E+01	-6.09E+01
1115.883993	-6.08E+01	-6.07E+01
1128.18664	-6.06E+01	-6.06E+01
1140.624924	-6.04E+01	-6.05E+01
1153.20034	-6.03E+01	-6.03E+01
1165.914401	-6.02E+01	-6.02E+01
1178.768635	-6.00E+01	-6.01E+01
1191.764587	-5.99E+01	-5.99E+01
1204.903819	-5.98E+01	-5.97E+01
1218.187912	-5.96E+01	-5.96E+01
1231.618462	-5.95E+01	-5.95E+01
1245.197085	-5.93E+01	-5.94E+01
1258.925412	-5.92E+01	-5.92E+01
1272.805094	-5.91E+01	-5.91E+01
1286.8378	-5.89E+01	-5.90E+01
1301.025217	-5.88E+01	-5.89E+01
1315.36905	-5.87E+01	-5.87E+01
1329.871025	-5.86E+01	-5.86E+01
1344.532884	-5.85E+01	-5.85E+01
1359.356391	-5.84E+01	-5.84E+01
1374.343327	-5.83E+01	-5.83E+01
1389.495494	-5.82E+01	-5.82E+01
1404.814715	-5.80E+01	-5.81E+01
1420.30283	-5.80E+01	-5.80E+01
1435.961702	-5.79E+01	-5.79E+01
1451.793213	-5.78E+01	-5.78E+01
1467.799268	-5.76E+01	-5.77E+01
1483.981789	-5.75E+01	-5.76E+01
1500.342723	-5.73E+01	-5.75E+01
1516.884037	-5.72E+01	-5.73E+01
1533.607719	-5.71E+01	-5.72E+01
1550.51578	-5.69E+01	-5.70E+01
1567.610253	-5.68E+01	-5.68E+01
1584.893192	-5.66E+01	-5.67E+01
1602.366677	-5.65E+01	-5.66E+01
1620.032807	-5.64E+01	-5.64E+01
1637.893707	-5.62E+01	-5.63E+01
1655.951523	-5.61E+01	-5.62E+01
1674.208428	-5.60E+01	-5.60E+01
1692.666615	-5.59E+01	-5.59E+01
1711.328304	-5.57E+01	-5.58E+01
1730.195739	-5.56E+01	-5.56E+01
1749.271187	-5.55E+01	-5.55E+01
1768.556943	-5.54E+01	-5.54E+01
1788.055325	-5.53E+01	-5.53E+01
1807.768677	-5.52E+01	-5.52E+01
1827.699369	-5.50E+01	-5.51E+01
1847.849797	-5.49E+01	-5.49E+01
1868.222385	-5.47E+01	-5.48E+01
1888.81958	-5.46E+01	-5.46E+01
1909.643861	-5.45E+01	-5.45E+01
1930.697729	-5.43E+01	-5.44E+01
1951.983717	-5.42E+01	-5.42E+01
1973.504383	-5.40E+01	-5.40E+01
1995.262315	-5.39E+01	-5.39E+01
2017.260129	-5.38E+01	-5.37E+01
2039.500469	-5.37E+01	-5.37E+01
2061.98601	-5.37E+01	-5.36E+01
2084.719454	-5.35E+01	-5.35E+01
2107.703534	-5.34E+01	-5.34E+01
2130.941015	-5.33E+01	-5.32E+01
2154.43469	-5.31E+01	-5.31E+01
2178.187383	-5.30E+01	-5.30E+01
2202.20195	-5.29E+01	-5.29E+01
2226.481278	-5.27E+01	-5.27E+01
2251.028286	-5.26E+01	-5.26E+01
2275.845926	-5.24E+01	-5.24E+01
2300.937181	-5.22E+01	-5.23E+01
2326.305067	-5.21E+01	-5.21E+01
2351.952635	-5.19E+01	-5.20E+01
2377.882968	-5.18E+01	-5.18E+01
2404.099184	-5.16E+01	-5.17E+01
2430.604433	-5.15E+01	-5.15E+01
2457.401904	-5.14E+01	-5.14E+01
2484.494818	-5.12E+01	-5.12E+01
2511.886432	-5.11E+01	-5.11E+01
2539.580038	-5.10E+01	-5.10E+01
2567.578968	-5.08E+01	-5.08E+01
2595.886586	-5.07E+01	-5.07E+01
2624.506297	-5.06E+01	-5.06E+01
2653.44154	-5.04E+01	-5.05E+01
2682.695795	-5.03E+01	-5.04E+01
2712.272579	-5.02E+01	-5.03E+01
2742.175448	-5.01E+01	-5.02E+01
2772.407997	-5.00E+01	-5.01E+01
2802.97386	-4.99E+01	-4.99E+01
2833.876712	-4.97E+01	-4.97E+01
2865.12027	-4.96E+01	-4.95E+01
2896.708288	-4.94E+01	-4.94E+01
2928.644565	-4.92E+01	-4.92E+01
2960.93294	-4.90E+01	-4.90E+01
2993.577295	-4.88E+01	-4.89E+01
3026.581555	-4.86E+01	-4.87E+01
3059.949687	-4.84E+01	-4.85E+01
3093.685704	-4.82E+01	-4.83E+01
3127.793662	-4.80E+01	-4.81E+01
3162.27766	-4.78E+01	-4.79E+01
3197.141846	-4.77E+01	-4.76E+01
3232.390409	-4.75E+01	-4.75E+01
3268.027589	-4.74E+01	-4.73E+01
3304.05767	-4.72E+01	-4.71E+01
3340.484984	-4.70E+01	-4.69E+01
3377.313909	-4.68E+01	-4.67E+01
3414.548874	-4.67E+01	-4.65E+01
3452.194355	-4.65E+01	-4.63E+01
3490.254879	-4.63E+01	-4.61E+01
3528.735021	-4.60E+01	-4.59E+01
3567.639407	-4.58E+01	-4.57E+01
3606.972715	-4.56E+01	-4.55E+01
3646.739674	-4.53E+01	-4.53E+01
3686.945065	-4.51E+01	-4.51E+01
3727.59372	-4.49E+01	-4.49E+01
3768.690528	-4.47E+01	-4.47E+01
3810.24043	-4.44E+01	-4.45E+01
3852.24842	-4.42E+01	-4.42E+01
3894.719549	-4.40E+01	-4.40E+01
3937.658924	-4.38E+01	-4.38E+01
3981.071706	-4.35E+01	-4.35E+01
4024.963114	-4.32E+01	-4.32E+01
4069.338427	-4.29E+01	-4.29E+01
4114.202979	-4.26E+01	-4.26E+01
4159.562163	-4.23E+01	-4.23E+01
4205.421433	-4.20E+01	-4.20E+01
4251.786303	-4.17E+01	-4.16E+01
4298.662347	-4.13E+01	-4.12E+01
4346.0552	-4.09E+01	-4.08E+01
4393.970561	-4.05E+01	-4.05E+01
4442.414189	-4.02E+01	-4.01E+01
4491.39191	-3.98E+01	-3.98E+01
4540.909611	-3.95E+01	-3.94E+01
4590.973246	-3.91E+01	-3.90E+01
4641.588834	-3.88E+01	-3.87E+01
4692.762459	-3.84E+01	-3.83E+01
4744.500276	-3.80E+01	-3.79E+01
4796.808502	-3.76E+01	-3.75E+01
4849.693429	-3.71E+01	-3.70E+01
4903.161412	-3.66E+01	-3.65E+01
4957.218882	-3.60E+01	-3.59E+01
5011.872336	-3.54E+01	-3.53E+01
5067.128346	-3.48E+01	-3.47E+01
5122.993555	-3.40E+01	-3.41E+01
5179.474679	-3.33E+01	-3.32E+01
5236.578509	-3.25E+01	-3.24E+01
5294.31191	-3.16E+01	-3.15E+01
5352.681823	-3.05E+01	-3.03E+01
5411.695265	-2.92E+01	-2.91E+01
5471.359333	-2.82E+01	-2.80E+01
5531.681198	-2.75E+01	-2.73E+01
5592.668113	-2.65E+01	-2.70E+01
5654.32741	-2.73E+01	-2.73E+01
5716.666502	-2.78E+01	-2.80E+01
5779.692884	-2.85E+01	-2.87E+01
5843.414134	-2.93E+01	-2.95E+01
5907.837912	-3.01E+01	-3.02E+01
5972.971963	-3.09E+01	-3.10E+01
6038.824119	-3.17E+01	-3.21E+01
6105.402297	-3.26E+01	-3.30E+01
6172.7145	-3.35E+01	-3.39E+01
6240.768822	-3.44E+01	-3.49E+01
6309.573445	-3.52E+01	-3.57E+01
6379.13664	-3.60E+01	-3.64E+01
6449.466771	-3.68E+01	-3.72E+01
6520.572293	-3.75E+01	-3.79E+01
6592.461756	-3.83E+01	-3.87E+01
6665.143801	-3.90E+01	-3.95E+01
6738.627168	-3.97E+01	-4.02E+01
6812.920691	-4.04E+01	-4.10E+01
6888.033301	-4.11E+01	-4.17E+01
6963.97403	-4.18E+01	-4.22E+01
7040.752007	-4.24E+01	-4.28E+01
7118.376463	-4.30E+01	-4.33E+01
7196.85673	-4.35E+01	-4.38E+01
7276.202244	-4.40E+01	-4.43E+01
7356.422545	-4.44E+01	-4.47E+01
7437.527276	-4.48E+01	-4.51E+01
7519.526188	-4.52E+01	-4.55E+01
7602.429141	-4.55E+01	-4.59E+01
7686.2461	-4.59E+01	-4.63E+01
7770.987144	-4.63E+01	-4.66E+01
7856.662459	-4.67E+01	-4.70E+01
7943.282347	-4.71E+01	-4.73E+01
8030.857221	-4.74E+01	-4.77E+01
8119.397611	-4.78E+01	-4.80E+01
8208.91416	-4.81E+01	-4.83E+01
8299.417631	-4.85E+01	-4.87E+01
8390.918905	-4.89E+01	-4.91E+01
8483.428982	-4.94E+01	-4.96E+01
8576.958986	-5.00E+01	-5.02E+01
8671.52016	-5.06E+01	-5.08E+01
8767.123873	-5.13E+01	-5.16E+01
8863.781619	-5.20E+01	-5.24E+01
8961.505019	-5.27E+01	-5.31E+01
9060.305822	-5.33E+01	-5.37E+01
9160.195907	-5.39E+01	-5.42E+01
9261.187281	-5.44E+01	-5.47E+01
9363.292088	-5.49E+01	-5.52E+01
9466.522603	-5.53E+01	-5.57E+01
9570.891237	-5.59E+01	-5.63E+01
9676.410537	-5.65E+01	-5.69E+01
9783.09319	-5.71E+01	-5.75E+01
9890.952022	-5.78E+01	-5.82E+01
10000	-5.85E+01	-5.88E+01
10110.25023	-5.91E+01	-5.94E+01
10221.71598	-5.97E+01	-5.99E+01
10334.41064	-6.02E+01	-6.03E+01
10448.34776	-6.06E+01	-6.07E+01
10563.54104	-6.08E+01	-6.09E+01
10680.00433	-6.06E+01	-6.08E+01
10797.75162	-6.01E+01	-6.03E+01
10916.79709	-5.93E+01	-5.94E+01
11037.15503	-5.85E+01	-5.85E+01
11158.83993	-5.76E+01	-5.75E+01
11281.8664	-5.65E+01	-5.63E+01
11406.24924	-5.55E+01	-5.53E+01
11532.0034	-5.47E+01	-5.46E+01
11659.14401	-5.39E+01	-5.36E+01
11787.68635	-5.32E+01	-5.31E+01
11917.64587	-5.27E+01	-5.25E+01
12049.03819	-5.22E+01	-5.20E+01
12181.87912	-5.18E+01	-5.17E+01
12316.18462	-5.14E+01	-5.15E+01
12451.97085	-5.12E+01	-5.14E+01
12589.25412	-5.13E+01	-5.15E+01
12728.05094	-5.15E+01	-5.17E+01
12868.378	-5.18E+01	-5.20E+01
13010.25217	-5.22E+01	-5.24E+01
13153.6905	-5.26E+01	-5.28E+01
13298.71025	-5.31E+01	-5.33E+01
13445.32884	-5.36E+01	-5.38E+01
13593.56391	-5.41E+01	-5.43E+01
13743.43327	-5.46E+01	-5.49E+01
13894.95494	-5.51E+01	-5.54E+01
14048.14715	-5.56E+01	-5.59E+01
14203.0283	-5.61E+01	-5.63E+01
14359.61702	-5.65E+01	-5.68E+01
14517.93213	-5.70E+01	-5.72E+01
14677.99268	-5.75E+01	-5.77E+01
14839.81789	-5.80E+01	-5.82E+01
15003.42723	-5.85E+01	-5.86E+01
15168.84037	-5.89E+01	-5.90E+01
15336.07719	-5.93E+01	-5.94E+01
15505.1578	-5.95E+01	-5.95E+01
15676.10253	-5.93E+01	-5.92E+01
15848.93192	-5.88E+01	-5.87E+01
16023.66677	-5.81E+01	-5.80E+01
16200.32807	-5.74E+01	-5.72E+01
16378.93707	-5.66E+01	-5.63E+01
16559.51523	-5.53E+01	-5.50E+01
16742.08428	-5.39E+01	-5.35E+01
16926.66615	-5.24E+01	-5.21E+01
17113.28304	-5.10E+01	-5.09E+01
17301.95739	-4.97E+01	-4.97E+01
17492.71187	-4.88E+01	-4.85E+01
17685.56943	-4.80E+01	-4.78E+01
17880.55325	-4.74E+01	-4.72E+01
18077.68677	-4.69E+01	-4.67E+01
18276.99369	-4.63E+01	-4.61E+01
18478.49797	-4.58E+01	-4.55E+01
18682.22385	-4.53E+01	-4.50E+01
18888.1958	-4.47E+01	-4.46E+01
19096.43861	-4.42E+01	-4.41E+01
19306.97729	-4.38E+01	-4.36E+01
19519.83717	-4.32E+01	-4.31E+01
19735.04383	-4.27E+01	-4.25E+01
19952.62315	-4.22E+01	-4.19E+01
20172.60129	-4.16E+01	-4.13E+01
20395.00469	-4.09E+01	-4.07E+01
20619.8601	-4.02E+01	-4.01E+01
20847.19454	-3.95E+01	-3.94E+01
21077.03534	-3.87E+01	-3.87E+01
21309.41015	-3.79E+01	-3.79E+01
21544.3469	-3.70E+01	-3.69E+01
21781.87383	-3.60E+01	-3.58E+01
22022.0195	-3.50E+01	-3.48E+01
22264.81278	-3.45E+01	-3.51E+01
22510.28286	-3.65E+01	-3.68E+01
22758.45926	-3.79E+01	-3.89E+01
23009.37181	-3.93E+01	-4.00E+01
23263.05067	-4.06E+01	-4.12E+01
23519.52635	-4.15E+01	-4.21E+01
23778.82968	-4.18E+01	-4.25E+01
24040.99184	-4.17E+01	-4.19E+01
24306.04433	-4.08E+01	-4.10E+01
24574.01904	-3.97E+01	-3.96E+01
24844.94818	-3.85E+01	-3.84E+01
25118.86432	-3.76E+01	-3.75E+01
25395.80038	-3.69E+01	-3.66E+01
25675.78968	-3.73E+01	-3.76E+01
25958.86586	-3.79E+01	-3.84E+01
26245.06297	-3.90E+01	-3.93E+01
26534.4154	-4.01E+01	-4.06E+01
26826.95795	-4.14E+01	-4.18E+01
27122.72579	-4.26E+01	-4.33E+01
27421.75448	-4.42E+01	-4.46E+01
27724.07997	-4.74E+01	-4.63E+01
28029.7386	-4.91E+01	-4.80E+01
28338.76712	-4.91E+01	-4.93E+01
28651.2027	-5.03E+01	-5.11E+01
28967.08288	-5.19E+01	-5.26E+01
29286.44565	-5.33E+01	-5.37E+01
29609.3294	-5.44E+01	-5.48E+01
29935.77295	-5.52E+01	-5.56E+01
30265.81555	-5.58E+01	-5.62E+01
30599.49687	-5.61E+01	-5.60E+01
30936.85704	-5.56E+01	-5.53E+01
31277.93662	-5.48E+01	-5.43E+01
31622.7766	-5.38E+01	-5.32E+01
31971.41846	-5.28E+01	-5.22E+01
32323.90409	-5.17E+01	-5.11E+01
32680.27589	-5.08E+01	-5.01E+01
33040.5767	-4.99E+01	-4.94E+01
33404.84984	-4.90E+01	-4.86E+01
33773.13909	-4.82E+01	-4.79E+01
34145.48874	-4.75E+01	-4.71E+01
34521.94355	-4.68E+01	-4.64E+01
34902.54879	-4.61E+01	-4.60E+01
35287.35021	-4.55E+01	-4.54E+01
35676.39407	-4.50E+01	-4.49E+01
36069.72715	-4.46E+01	-4.48E+01
36467.39674	-4.49E+01	-4.51E+01
36869.45065	-4.54E+01	-4.58E+01
37275.9372	-4.61E+01	-4.65E+01
37686.90528	-4.68E+01	-4.72E+01
38102.4043	-4.76E+01	-4.80E+01
38522.4842	-4.84E+01	-4.88E+01
38947.19549	-4.91E+01	-4.95E+01
39376.58924	-4.98E+01	-5.03E+01
39810.71706	-5.06E+01	-5.11E+01
40249.63114	-5.14E+01	-5.19E+01
40693.38427	-5.21E+01	-5.27E+01
41142.02979	-5.29E+01	-5.34E+01
41595.62163	-5.37E+01	-5.44E+01
42054.21433	-5.46E+01	-5.51E+01
42517.86303	-5.55E+01	-5.59E+01
42986.62347	-5.64E+01	-5.68E+01
43460.552	-5.72E+01	-5.81E+01
43939.70561	-5.83E+01	-5.94E+01
44424.14189	-5.94E+01	-6.04E+01
44913.9191	-6.09E+01	-6.16E+01
45409.09611	-6.26E+01	-6.32E+01
45909.73246	-6.42E+01	-6.44E+01
46415.88834	-6.49E+01	-6.52E+01
46927.62459	-6.48E+01	-6.48E+01
47445.00276	-6.42E+01	-6.41E+01
47968.08502	-6.37E+01	-6.35E+01
48496.93429	-6.32E+01	-6.30E+01
49031.61412	-6.26E+01	-6.24E+01
49572.18882	-6.20E+01	-6.18E+01
50118.72336	-6.13E+01	-6.10E+01
50671.28346	-6.02E+01	-6.02E+01
51229.93555	-5.96E+01	-5.92E+01
51794.74679	-5.89E+01	-5.86E+01
52365.78509	-5.78E+01	-5.78E+01
52943.1191	-5.74E+01	-5.72E+01
53526.81823	-5.69E+01	-5.68E+01
54116.95265	-5.66E+01	-5.65E+01
54713.59333	-5.63E+01	-5.62E+01
55316.81198	-5.59E+01	-5.59E+01
55926.68113	-5.56E+01	-5.56E+01
56543.2741	-5.53E+01	-5.53E+01
57166.66502	-5.50E+01	-5.49E+01
57796.92884	-5.46E+01	-5.45E+01
58434.14134	-5.41E+01	-5.40E+01
59078.37912	-5.37E+01	-5.35E+01
59729.71963	-5.31E+01	-5.30E+01
60388.24119	-5.26E+01	-5.25E+01
61054.02297	-5.22E+01	-5.20E+01
61727.145	-5.18E+01	-5.16E+01
62407.68822	-5.14E+01	-5.13E+01
63095.73445	-5.11E+01	-5.09E+01
63791.3664	-5.07E+01	-5.06E+01
64494.66771	-5.04E+01	-5.03E+01
65205.72293	-5.00E+01	-5.01E+01
65924.61756	-4.97E+01	-4.97E+01
66651.43801	-4.94E+01	-4.94E+01
67386.27168	-4.91E+01	-4.91E+01
68129.20691	-4.89E+01	-4.88E+01
68880.33301	-4.86E+01	-4.85E+01
69639.7403	-4.83E+01	-4.82E+01
70407.52007	-4.79E+01	-4.79E+01
71183.76463	-4.76E+01	-4.76E+01
71968.5673	-4.73E+01	-4.73E+01
72762.02244	-4.71E+01	-4.71E+01
73564.22545	-4.71E+01	-4.73E+01
74375.27276	-4.74E+01	-4.76E+01
75195.26188	-4.77E+01	-4.80E+01
76024.29141	-4.82E+01	-4.86E+01
76862.461	-4.87E+01	-4.90E+01
77709.87144	-4.93E+01	-4.95E+01
78566.62459	-4.97E+01	-5.00E+01
79432.82347	-5.02E+01	-5.03E+01
80308.57221	-5.05E+01	-5.06E+01
81193.97611	-5.06E+01	-5.07E+01
82089.1416	-5.06E+01	-5.05E+01
82994.17631	-5.04E+01	-5.03E+01
83909.18905	-5.01E+01	-5.00E+01
84834.28982	-4.98E+01	-4.97E+01
85769.58986	-4.95E+01	-4.95E+01
86715.2016	-4.92E+01	-4.93E+01
87671.23873	-4.90E+01	-4.90E+01
88637.81619	-4.88E+01	-4.88E+01
89615.05019	-4.86E+01	-4.86E+01
90603.05822	-4.83E+01	-4.83E+01
91601.95907	-4.80E+01	-4.79E+01
92611.87281	-4.76E+01	-4.76E+01
93632.92088	-4.72E+01	-4.71E+01
94665.22603	-4.68E+01	-4.67E+01
95708.91237	-4.65E+01	-4.64E+01
96764.10537	-4.62E+01	-4.62E+01
97830.9319	-4.60E+01	-4.59E+01
98909.52022	-4.58E+01	-4.58E+01
100000	-4.56E+01	-4.56E+01
101102.5023	-4.54E+01	-4.54E+01
102217.1598	-4.53E+01	-4.53E+01
103344.1064	-4.51E+01	-4.51E+01
104483.4776	-4.50E+01	-4.50E+01
105635.4104	-4.48E+01	-4.48E+01
106800.0433	-4.46E+01	-4.46E+01
107977.5162	-4.45E+01	-4.44E+01
109167.9709	-4.44E+01	-4.43E+01
110371.5503	-4.43E+01	-4.42E+01
111588.3993	-4.42E+01	-4.42E+01
112818.664	-4.42E+01	-4.42E+01
114062.4924	-4.41E+01	-4.41E+01
115320.034	-4.41E+01	-4.41E+01
116591.4401	-4.41E+01	-4.41E+01
117876.8635	-4.41E+01	-4.40E+01
119176.4587	-4.40E+01	-4.40E+01
120490.3819	-4.40E+01	-4.40E+01
121818.7912	-4.39E+01	-4.39E+01
123161.8462	-4.39E+01	-4.39E+01
124519.7085	-4.38E+01	-4.38E+01
125892.5412	-4.36E+01	-4.36E+01
127280.5094	-4.35E+01	-4.35E+01
128683.78	-4.33E+01	-4.33E+01
130102.5217	-4.31E+01	-4.31E+01
131536.905	-4.28E+01	-4.29E+01
132987.1025	-4.26E+01	-4.27E+01
134453.2884	-4.24E+01	-4.25E+01
135935.6391	-4.22E+01	-4.24E+01
137434.3327	-4.20E+01	-4.22E+01
138949.5494	-4.19E+01	-4.20E+01
140481.4715	-4.18E+01	-4.18E+01
142030.283	-4.16E+01	-4.16E+01
143596.1702	-4.15E+01	-4.15E+01
145179.3213	-4.14E+01	-4.14E+01
146779.9268	-4.12E+01	-4.13E+01
148398.1789	-4.11E+01	-4.11E+01
150034.2723	-4.10E+01	-4.10E+01
151688.4037	-4.08E+01	-4.08E+01
153360.7719	-4.06E+01	-4.06E+01
155051.578	-4.05E+01	-4.04E+01
156761.0253	-4.03E+01	-4.03E+01
158489.3192	-4.02E+01	-4.02E+01
160236.6677	-4.01E+01	-4.01E+01
162003.2807	-3.99E+01	-4.00E+01
163789.3707	-3.98E+01	-3.99E+01
165595.1523	-3.97E+01	-3.99E+01
167420.8428	-3.96E+01	-3.98E+01
169266.6615	-3.95E+01	-3.97E+01
171132.8304	-3.95E+01	-3.96E+01
173019.5739	-3.94E+01	-3.95E+01
174927.1187	-3.93E+01	-3.94E+01
176855.6943	-3.92E+01	-3.93E+01
178805.5325	-3.91E+01	-3.92E+01
180776.8677	-3.91E+01	-3.90E+01
182769.9369	-3.89E+01	-3.89E+01
184784.9797	-3.88E+01	-3.88E+01
186822.2385	-3.86E+01	-3.87E+01
188881.958	-3.85E+01	-3.85E+01
190964.3861	-3.84E+01	-3.84E+01
193069.7729	-3.82E+01	-3.82E+01
195198.3717	-3.80E+01	-3.81E+01
197350.4383	-3.79E+01	-3.79E+01
199526.2315	-3.78E+01	-3.78E+01
201726.0129	-3.76E+01	-3.77E+01
203950.0469	-3.75E+01	-3.75E+01
206198.601	-3.74E+01	-3.74E+01
208471.9454	-3.73E+01	-3.73E+01
210770.3534	-3.71E+01	-3.72E+01
213094.1015	-3.70E+01	-3.71E+01
215443.469	-3.69E+01	-3.70E+01
217818.7383	-3.68E+01	-3.69E+01
220220.195	-3.67E+01	-3.68E+01
222648.1278	-3.66E+01	-3.67E+01
225102.8286	-3.65E+01	-3.66E+01
227584.5926	-3.64E+01	-3.64E+01
230093.7181	-3.63E+01	-3.63E+01
232630.5067	-3.61E+01	-3.62E+01
235195.2635	-3.60E+01	-3.60E+01
237788.2968	-3.58E+01	-3.59E+01
240409.9184	-3.56E+01	-3.57E+01
243060.4433	-3.55E+01	-3.56E+01
245740.1904	-3.53E+01	-3.55E+01
248449.4818	-3.52E+01	-3.53E+01
251188.6432	-3.51E+01	-3.51E+01
253958.0038	-3.49E+01	-3.49E+01
256757.8968	-3.47E+01	-3.48E+01
259588.6586	-3.45E+01	-3.46E+01
262450.6297	-3.44E+01	-3.44E+01
265344.154	-3.42E+01	-3.42E+01
268269.5795	-3.41E+01	-3.41E+01
271227.2579	-3.39E+01	-3.39E+01
274217.5448	-3.38E+01	-3.38E+01
277240.7997	-3.36E+01	-3.36E+01
280297.386	-3.35E+01	-3.35E+01
283387.6712	-3.34E+01	-3.34E+01
286512.027	-3.33E+01	-3.34E+01
289670.8288	-3.32E+01	-3.33E+01
292864.4565	-3.32E+01	-3.32E+01
296093.294	-3.31E+01	-3.31E+01
299357.7295	-3.29E+01	-3.29E+01
302658.1555	-3.26E+01	-3.26E+01
305994.9687	-3.23E+01	-3.24E+01
309368.5704	-3.20E+01	-3.20E+01
312779.3662	-3.17E+01	-3.17E+01
316227.766	-3.14E+01	-3.14E+01
319714.1846	-3.12E+01	-3.12E+01
323239.0409	-3.09E+01	-3.10E+01
326802.7589	-3.07E+01	-3.08E+01
330405.767	-3.06E+01	-3.06E+01
334048.4984	-3.04E+01	-3.05E+01
337731.3909	-3.03E+01	-3.04E+01
341454.8874	-3.03E+01	-3.04E+01
345219.4355	-3.04E+01	-3.06E+01
349025.4879	-3.07E+01	-3.09E+01
352873.5021	-3.10E+01	-3.13E+01
356763.9407	-3.13E+01	-3.16E+01
360697.2715	-3.17E+01	-3.19E+01
364673.9674	-3.19E+01	-3.21E+01
368694.5065	-3.20E+01	-3.20E+01
372759.372	-3.18E+01	-3.17E+01
376869.0528	-3.16E+01	-3.14E+01
381024.043	-3.12E+01	-3.10E+01
385224.842	-3.08E+01	-3.07E+01
389471.9549	-3.05E+01	-3.05E+01
393765.8924	-3.02E+01	-3.03E+01
398107.1706	-3.01E+01	-3.02E+01
402496.3114	-3.02E+01	-3.03E+01
406933.8427	-3.03E+01	-3.04E+01
411420.2979	-3.02E+01	-3.04E+01
415956.2163	-3.02E+01	-3.02E+01
420542.1433	-3.00E+01	-3.00E+01
425178.6303	-2.98E+01	-2.98E+01
429866.2347	-2.96E+01	-2.95E+01
434605.52	-2.93E+01	-2.93E+01
439397.0561	-2.91E+01	-2.91E+01
444241.4189	-2.89E+01	-2.90E+01
449139.191	-2.87E+01	-2.88E+01
454090.9611	-2.86E+01	-2.86E+01
459097.3246	-2.83E+01	-2.84E+01
464158.8834	-2.82E+01	-2.82E+01
469276.2459	-2.81E+01	-2.83E+01
474450.0276	-2.81E+01	-2.84E+01
479680.8502	-2.81E+01	-2.83E+01
484969.3429	-2.76E+01	-2.81E+01
490316.1412	-2.70E+01	-2.71E+01
495721.8882	-2.63E+01	-2.59E+01
501187.2336	-2.51E+01	-2.46E+01
506712.8346	-2.39E+01	-2.34E+01
512299.3555	-2.29E+01	-2.24E+01
517947.4679	-2.19E+01	-2.15E+01
523657.8509	-2.08E+01	-2.06E+01
529431.191	-2.01E+01	-1.99E+01
535268.1823	-1.94E+01	-1.92E+01
541169.5265	-1.86E+01	-1.83E+01
547135.9333	-1.77E+01	-1.75E+01
553168.1198	-1.66E+01	-1.62E+01
559266.8113	-1.57E+01	-1.53E+01
565432.741	-1.49E+01	-1.46E+01
571666.6502	-1.47E+01	-1.47E+01
577969.2884	-1.52E+01	-1.59E+01
584341.4134	-1.67E+01	-1.73E+01
590783.7912	-1.83E+01	-1.94E+01
597297.1963	-2.00E+01	-2.11E+01
603882.4119	-2.21E+01	-2.32E+01
610540.2297	-2.46E+01	-2.61E+01
617271.45	-2.78E+01	-2.81E+01
624076.8822	-3.01E+01	-3.13E+01
630957.3445	-3.29E+01	-3.59E+01
637913.664	-3.86E+01	-3.80E+01
644946.6771	-3.96E+01	-3.95E+01
652057.2293	-3.99E+01	-3.98E+01
659246.1756	-3.95E+01	-3.92E+01
666514.3801	-3.88E+01	-3.84E+01
673862.7168	-3.76E+01	-3.69E+01
681292.0691	-3.65E+01	-3.60E+01
688803.3301	-3.55E+01	-3.50E+01
696397.403	-3.46E+01	-3.42E+01
704075.2007	-3.37E+01	-3.35E+01
711837.6463	-3.32E+01	-3.31E+01
719685.673	-3.27E+01	-3.26E+01
727620.2244	-3.21E+01	-3.20E+01
735642.2545	-3.17E+01	-3.16E+01
743752.7276	-3.13E+01	-3.11E+01
751952.6188	-3.08E+01	-3.06E+01
760242.9141	-3.03E+01	-3.02E+01
768624.61	-3.00E+01	-2.99E+01
777098.7144	-2.95E+01	-2.94E+01
785666.2459	-2.90E+01	-2.90E+01
794328.2347	-2.86E+01	-2.86E+01
803085.7221	-2.82E+01	-2.82E+01
811939.7611	-2.79E+01	-2.79E+01
820891.416	-2.76E+01	-2.77E+01
829941.7631	-2.74E+01	-2.75E+01
839091.8905	-2.72E+01	-2.73E+01
848342.8982	-2.70E+01	-2.71E+01
857695.8986	-2.68E+01	-2.68E+01
867152.016	-2.66E+01	-2.66E+01
876712.3873	-2.63E+01	-2.63E+01
886378.1619	-2.60E+01	-2.60E+01
896150.5019	-2.57E+01	-2.54E+01
906030.5822	-2.55E+01	-2.46E+01
916019.5907	-2.43E+01	-2.41E+01
926118.7281	-2.31E+01	-2.32E+01
936329.2088	-2.28E+01	-2.29E+01
946652.2603	-2.27E+01	-2.27E+01
957089.1237	-2.25E+01	-2.25E+01
967641.0537	-2.23E+01	-2.24E+01
978309.319	-2.21E+01	-2.22E+01
989095.2022	-2.18E+01	-2.19E+01
1000000	-2.16E+01	-2.17E+01
1008120.421	-2.14E+01	-2.15E+01
1016306.783	-2.12E+01	-2.14E+01
1024559.622	-2.11E+01	-2.12E+01
1032879.477	-2.09E+01	-2.10E+01
1041266.893	-2.08E+01	-2.09E+01
1049722.419	-2.07E+01	-2.08E+01
1058246.607	-2.06E+01	-2.06E+01
1066840.015	-2.05E+01	-2.05E+01
1075503.205	-2.04E+01	-2.04E+01
1084236.743	-2.02E+01	-2.02E+01
1093041.202	-1.99E+01	-2.00E+01
1101917.157	-1.97E+01	-1.97E+01
1110865.188	-1.92E+01	-1.90E+01
1119885.881	-1.82E+01	-1.84E+01
1128979.825	-1.79E+01	-1.81E+01
1138147.617	-1.76E+01	-1.77E+01
1147389.854	-1.74E+01	-1.75E+01
1156707.143	-1.72E+01	-1.72E+01
1166100.092	-1.69E+01	-1.68E+01
1175569.315	-1.64E+01	-1.66E+01
1185115.433	-1.61E+01	-1.60E+01
1194739.069	-1.57E+01	-1.54E+01
1204440.853	-1.51E+01	-1.50E+01
1214221.42	-1.46E+01	-1.43E+01
1224081.409	-1.40E+01	-1.39E+01
1234021.465	-1.34E+01	-1.32E+01
1244042.239	-1.29E+01	-1.24E+01
1254144.386	-1.24E+01	-1.17E+01
1264328.566	-1.15E+01	-1.08E+01
1274595.446	-1.07E+01	-9.47E+00
1284945.698	-9.67E+00	-8.61E+00
1295379.997	-8.04E+00	-7.57E+00
1305899.028	-7.19E+00	-6.34E+00
1316503.478	-6.55E+00	-6.70E+00
1327194.04	-6.52E+00	-7.12E+00
1337971.415	-6.90E+00	-7.54E+00
1348836.306	-7.39E+00	-8.02E+00
1359789.424	-7.90E+00	-8.50E+00
1370831.487	-8.43E+00	-9.71E+00
1381963.215	-1.07E+01	-1.27E+01
1393185.338	-1.37E+01	-1.39E+01
1404498.59	-1.40E+01	-1.44E+01
1415903.709	-1.44E+01	-1.47E+01
1427401.443	-1.47E+01	-1.50E+01
1438992.544	-1.50E+01	-1.53E+01
1450677.769	-1.54E+01	-1.57E+01
1462457.883	-1.57E+01	-1.60E+01
1474333.657	-1.59E+01	-1.64E+01
1486305.867	-1.63E+01	-1.72E+01
1498375.296	-1.68E+01	-2.08E+01
1510542.734	-2.06E+01	-2.26E+01
1522808.977	-2.22E+01	-2.35E+01
1535174.827	-2.33E+01	-2.40E+01
1547641.092	-2.43E+01	-2.36E+01
1560208.589	-2.34E+01	-2.28E+01
1572878.14	-2.25E+01	-2.18E+01
1585650.572	-2.15E+01	-2.12E+01
1598526.723	-2.05E+01	-1.90E+01
1611507.432	-1.90E+01	-1.68E+01
1624593.551	-1.69E+01	-1.57E+01
1637785.934	-1.57E+01	-1.44E+01
1651085.446	-1.50E+01	-1.34E+01
1664492.954	-1.37E+01	-1.30E+01
1678009.338	-1.31E+01	-1.29E+01
1691635.48	-1.29E+01	-1.31E+01
1705372.272	-1.30E+01	-1.33E+01
1719220.613	-1.32E+01	-1.36E+01
1733181.408	-1.35E+01	-1.39E+01
1747255.57	-1.39E+01	-1.44E+01
1761444.021	-1.43E+01	-1.47E+01
1775747.688	-1.46E+01	-1.51E+01
1790167.506	-1.49E+01	-1.56E+01
1804704.42	-1.54E+01	-1.62E+01
1819359.38	-1.60E+01	-1.71E+01
1834133.343	-1.68E+01	-1.81E+01
1849027.278	-1.77E+01	-1.89E+01
1864042.158	-1.86E+01	-1.99E+01
1879178.965	-1.95E+01	-2.03E+01
1894438.689	-2.01E+01	-2.07E+01
1909822.329	-2.05E+01	-2.10E+01
1925330.89	-2.10E+01	-2.19E+01
1940965.387	-2.20E+01	-2.31E+01
1956726.843	-2.30E+01	-2.40E+01
1972616.288	-2.37E+01	-2.44E+01
1988634.763	-2.42E+01	-2.47E+01
