   1.9607905e+01  -4.2418229e+01
   2.0000097e+01  -4.2417277e+01
   2.0400134e+01  -4.2416325e+01
   2.0808173e+01  -4.2476858e+01
   2.1224373e+01  -4.2721843e+01
   2.1648897e+01  -4.2966829e+01
   2.2081913e+01  -4.3150331e+01
   2.2523590e+01  -4.3518285e+01
   2.2974101e+01  -4.3517333e+01
   2.3433624e+01  -4.3516381e+01
   2.3902337e+01  -4.3515430e+01
   2.4380426e+01  -4.3944869e+01
   2.4868077e+01  -4.4066885e+01
   2.5365482e+01  -4.4065934e+01
   2.5872836e+01  -4.4618341e+01
   2.6390338e+01  -4.4617389e+01
   2.6918191e+01  -4.4616438e+01
   2.7456602e+01  -4.4676970e+01
   2.8005782e+01  -4.5106409e+01
   2.8565947e+01  -4.5166942e+01
   2.9137316e+01  -4.5719349e+01
   2.9720113e+01  -4.5718398e+01
   3.0314567e+01  -4.5717446e+01
   3.0920912e+01  -4.5716494e+01
   3.1539384e+01  -4.6268902e+01
   3.2170227e+01  -4.6267950e+01
   3.2813688e+01  -4.6451451e+01
   3.3470019e+01  -4.6757921e+01
   3.4139478e+01  -4.6818454e+01
   3.4822328e+01  -4.6817502e+01
   3.5518835e+01  -4.7185456e+01
   3.6229274e+01  -4.7368958e+01
   3.6953923e+01  -4.7368006e+01
   3.7693066e+01  -4.7797445e+01
   3.8446994e+01  -4.7919462e+01
   3.9216001e+01  -4.8041479e+01
   4.0000389e+01  -4.8347949e+01
   4.0800467e+01  -4.8469966e+01
   4.1616548e+01  -4.8591983e+01
   4.2448952e+01  -4.9021422e+01
   4.3298005e+01  -4.9020470e+01
   4.4164041e+01  -4.9019518e+01
   4.5047399e+01  -4.9510441e+01
   4.5948426e+01  -4.9570974e+01
   4.6867475e+01  -4.9570022e+01
   4.7804907e+01  -4.9630555e+01
   4.8761089e+01  -4.9998509e+01
   4.9736396e+01  -5.0120526e+01
   5.0731211e+01  -5.0488481e+01
   5.1745924e+01  -5.0671982e+01
   5.2780933e+01  -5.0671030e+01
   5.3836644e+01  -5.0670078e+01
   5.4913471e+01  -5.1161002e+01
   5.6011837e+01  -5.1221534e+01
   5.7132172e+01  -5.1220582e+01
   5.8274915e+01  -5.1219630e+01
   5.9440516e+01  -5.1710554e+01
   6.0629430e+01  -5.1771086e+01
   6.1842125e+01  -5.2016072e+01
   6.3079076e+01  -5.2322542e+01
   6.4340768e+01  -5.2321590e+01
   6.5627696e+01  -5.2320639e+01
   6.6940365e+01  -5.2565624e+01
   6.8279289e+01  -5.2872094e+01
   6.9644994e+01  -5.2502236e+01
   7.1038016e+01  -5.2378315e+01
   7.2458901e+01  -5.2561817e+01
   7.3908206e+01  -5.2868287e+01
   7.5386500e+01  -5.3359210e+01
   7.6894362e+01  -5.3419743e+01
   7.8432383e+01  -5.3541760e+01
   8.0001168e+01  -5.3971199e+01
   8.1601332e+01  -5.3970247e+01
   8.3233502e+01  -5.4215233e+01
   8.4898317e+01  -5.4521703e+01
   8.6596432e+01  -5.4520751e+01
   8.8328513e+01  -5.5073159e+01
   9.0095238e+01  -5.5072207e+01
   9.1897300e+01  -5.5071255e+01
   9.3735407e+01  -5.5439210e+01
   9.5610279e+01  -5.5622711e+01
   9.7522652e+01  -5.5867697e+01
   9.9473276e+01  -5.6174167e+01
   1.0146292e+02  -5.6173215e+01
   1.0349235e+02  -5.6418201e+01
   1.0556238e+02  -5.6478733e+01
   1.0767381e+02  -5.6723719e+01
   1.0982748e+02  -5.6784252e+01
   1.1202422e+02  -5.7275175e+01
   1.1426490e+02  -5.7766098e+01
   1.1655040e+02  -5.7826631e+01
   1.1888161e+02  -5.8256070e+01
   1.2125945e+02  -5.8378087e+01
   1.2368485e+02  -5.8684557e+01
   1.2615877e+02  -5.8929543e+01
   1.2868216e+02  -5.9358982e+01
   1.3125603e+02  -5.9480999e+01
   1.3388138e+02  -5.9480047e+01
   1.3655924e+02  -5.9786517e+01
   1.3929067e+02  -6.0031503e+01
   1.4207672e+02  -6.0153520e+01
   1.4491851e+02  -6.0582959e+01
   1.4781713e+02  -6.0643491e+01
   1.5077373e+02  -6.1134415e+01
   1.5378947e+02  -6.1686822e+01
   1.5686553e+02  -6.1685870e+01
   1.6000312e+02  -6.1930856e+01
   1.6320346e+02  -6.2237326e+01
   1.6646781e+02  -6.2359343e+01
   1.6979746e+02  -6.2727298e+01
   1.7319371e+02  -6.2787830e+01
   1.7665789e+02  -6.2786879e+01
   1.8019135e+02  -6.3277802e+01
   1.8379550e+02  -6.3338334e+01
   1.8747173e+02  -6.3337383e+01
   1.9122149e+02  -6.3336431e+01
   1.9504625e+02  -6.3335479e+01
   1.9894752e+02  -6.3580465e+01
   2.0292682e+02  -6.4009904e+01
   2.0698571e+02  -6.4439343e+01
   2.1112579e+02  -6.4991750e+01
   2.1534867e+02  -6.5544158e+01
   2.1965602e+02  -6.6096566e+01
   2.2404953e+02  -6.6157099e+01
   2.2853091e+02  -6.6648022e+01
   2.3310193e+02  -6.7200430e+01
   2.3776438e+02  -6.7752838e+01
   2.4252008e+02  -6.7813370e+01
   2.4737091e+02  -6.8304293e+01
   2.5231876e+02  -6.8979670e+01
   2.5736558e+02  -6.9470593e+01
   2.6251334e+02  -7.0084486e+01
   2.6776407e+02  -7.0944316e+01
   2.7311982e+02  -7.1681177e+01
   2.7858269e+02  -7.2725460e+01
   2.8415483e+02  -7.3831227e+01
   2.8983843e+02  -7.4383635e+01
   2.9563570e+02  -7.4997527e+01
   3.0154893e+02  -7.6164779e+01
   3.0758044e+02  -7.7762422e+01
   3.1373259e+02  -7.9360065e+01
   3.2000779e+02  -8.0588801e+01
   3.2640851e+02  -8.0218943e+01
   3.3293725e+02  -7.4684394e+01
   3.3959658e+02  -7.0625471e+01
   3.4638910e+02  -6.7365845e+01
   3.5331749e+02  -6.6504112e+01
   3.6038446e+02  -6.7240973e+01
   3.6759278e+02  -6.9330491e+01
   3.7494528e+02  -7.1174071e+01
   3.8244484e+02  -7.2710230e+01
   3.9009441e+02  -7.4861232e+01
   3.9789698e+02  -7.7442625e+01
   4.0585562e+02  -7.9716597e+01
   4.1397344e+02  -8.1006817e+01
   4.2225363e+02  -8.1128834e+01
   4.3069944e+02  -8.1004914e+01
   4.3931419e+02  -7.9774273e+01
   4.4810124e+02  -7.9158477e+01
   4.5706405e+02  -7.9772370e+01
   4.6620613e+02  -7.8418761e+01
   4.7553107e+02  -7.7188121e+01
   4.8504253e+02  -7.5404121e+01
   4.9474423e+02  -7.3620121e+01
   5.0463998e+02  -7.2327997e+01
   5.1473366e+02  -7.1896654e+01
   5.2502923e+02  -7.1280858e+01
   5.3553074e+02  -7.0480609e+01
   5.4624229e+02  -6.9557391e+01
   5.5716809e+02  -6.9064564e+01
   5.6831243e+02  -6.8510252e+01
   5.7967968e+02  -6.7710003e+01
   5.9127428e+02  -6.7155691e+01
   6.0310081e+02  -6.6724349e+01
   6.1516388e+02  -6.6415975e+01
   6.2746823e+02  -6.5492757e+01
   6.4001870e+02  -6.4938445e+01
   6.5282019e+02  -6.4937493e+01
   6.6587774e+02  -6.4383182e+01
   6.7919646e+02  -6.4382230e+01
   6.9278158e+02  -6.3827918e+01
   7.0663842e+02  -6.3273607e+01
   7.2077243e+02  -6.2657811e+01
   7.3518914e+02  -6.2164984e+01
   7.4989421e+02  -6.2164032e+01
   7.6489341e+02  -6.1609720e+01
   7.8019261e+02  -6.1055408e+01
   7.9579783e+02  -6.0624066e+01
   8.1171518e+02  -6.0131239e+01
   8.2795091e+02  -5.9822865e+01
   8.4451138e+02  -5.9391522e+01
   8.6140308e+02  -5.9206117e+01
   8.7863265e+02  -5.8528836e+01
   8.9620685e+02  -5.8158978e+01
   9.1413255e+02  -5.7727635e+01
   9.3241680e+02  -5.7665199e+01
   9.5106677e+02  -5.7172372e+01
   9.7008977e+02  -5.6863998e+01
   9.8949327e+02  -5.6617108e+01
   1.0092849e+03  -5.6124281e+01
   1.0294723e+03  -5.5692939e+01
   1.0500636e+03  -5.5507533e+01
   1.0710667e+03  -5.4953222e+01
   1.0924899e+03  -5.4460395e+01
   1.1143416e+03  -5.3291239e+01
   1.1366304e+03  -5.2859896e+01
   1.1593650e+03  -5.2490038e+01
   1.1825543e+03  -5.2181664e+01
   1.2062075e+03  -5.1627353e+01
   1.2303337e+03  -5.1196010e+01
   1.2549426e+03  -5.0703183e+01
   1.2800436e+03  -5.0210355e+01
   1.3056467e+03  -4.9410106e+01
   1.3317620e+03  -4.8732826e+01
   1.3583995e+03  -4.7748123e+01
   1.3855699e+03  -4.6640452e+01
   1.4132837e+03  -4.5102390e+01
   1.4415519e+03  -4.3871750e+01
   1.4703854e+03  -4.2702594e+01
   1.4997957e+03  -4.1164532e+01
   1.5297943e+03  -4.0056861e+01
   1.5603928e+03  -3.9441065e+01
   1.5916034e+03  -3.8886753e+01
   1.6234383e+03  -3.8516895e+01
   1.6559099e+03  -3.8515943e+01
   1.6890310e+03  -4.0052102e+01
   1.7228146e+03  -4.1711229e+01
   1.7572739e+03  -4.3185903e+01
   1.7924224e+03  -4.4414639e+01
   1.8282740e+03  -4.5581891e+01
   1.8648427e+03  -4.6995080e+01
   1.9021428e+03  -4.8223817e+01
   1.9401890e+03  -4.8899193e+01
   1.9789962e+03  -4.9943476e+01
   2.0185796e+03  -5.0987760e+01
   2.0589547e+03  -5.1601652e+01
   2.1001374e+03  -5.2154060e+01
   2.1421438e+03  -5.2706467e+01
   2.1849904e+03  -5.3258875e+01
   2.2286941e+03  -5.3811283e+01
   2.2732719e+03  -5.4363691e+01
   2.3187413e+03  -5.4854614e+01
   2.3651202e+03  -5.5652960e+01
   2.4124267e+03  -5.6328336e+01
   2.4606795e+03  -5.7126682e+01
   2.5098974e+03  -5.7679089e+01
   2.5600997e+03  -5.8231497e+01
   2.6113062e+03  -5.8906874e+01
   2.6635369e+03  -5.9828188e+01
   2.7168123e+03  -6.0442080e+01
   2.7711533e+03  -6.1055973e+01
   2.8265812e+03  -6.1977287e+01
   2.8831178e+03  -6.2652663e+01
   2.9407852e+03  -6.3205071e+01
   2.9996060e+03  -6.3757479e+01
   3.0596034e+03  -6.4309887e+01
   3.1208008e+03  -6.5354170e+01
   3.1832223e+03  -6.5968062e+01
   3.2468923e+03  -6.7073830e+01
   3.3118359e+03  -6.7687722e+01
   3.3780784e+03  -6.8424583e+01
   3.4456459e+03  -6.9284413e+01
   3.5145648e+03  -7.0390180e+01
   3.5848623e+03  -7.1127041e+01
   3.6565658e+03  -7.2601715e+01
   3.7297035e+03  -7.4568264e+01
   3.8043041e+03  -7.6473329e+01
   3.8803969e+03  -7.8132456e+01
   3.9580116e+03  -7.8684864e+01
   4.0371788e+03  -7.8499459e+01
   4.1179294e+03  -7.7637725e+01
   4.2002952e+03  -7.7021930e+01
   4.2843085e+03  -7.5975743e+01
   4.3700022e+03  -7.4929556e+01
   4.4574099e+03  -7.3944853e+01
   4.5465659e+03  -7.3083120e+01
   4.6375051e+03  -7.2036933e+01
   4.7302634e+03  -7.0929262e+01
   4.8248769e+03  -6.9944559e+01
   4.9213829e+03  -6.9021341e+01
   5.0198192e+03  -6.8159608e+01
   5.1202244e+03  -6.7359358e+01
   5.2226378e+03  -6.6989500e+01
   5.3270997e+03  -6.6250735e+01
   5.4336510e+03  -6.5450486e+01
   5.5423336e+03  -6.5388050e+01
   5.6531899e+03  -6.4833738e+01
   5.7662636e+03  -6.4279427e+01
   5.8815990e+03  -6.4155506e+01
   5.9992413e+03  -6.3724163e+01
   6.1192366e+03  -6.3169852e+01
   6.2416321e+03  -6.2615540e+01
   6.3664757e+03  -6.2491619e+01
   6.4938163e+03  -6.2060277e+01
   6.6237040e+03  -6.1505965e+01
   6.7561897e+03  -6.1074622e+01
   6.8913253e+03  -6.0950702e+01
   7.0291639e+03  -6.0888265e+01
   7.1697595e+03  -6.0456923e+01
   7.3131672e+03  -6.0394486e+01
   7.4594434e+03  -5.9840175e+01
   7.6086453e+03  -5.9839223e+01
   7.7608315e+03  -5.9407880e+01
   7.9160618e+03  -5.9222475e+01
   8.0743969e+03  -5.8729648e+01
   8.2358989e+03  -5.8728696e+01
   8.4006313e+03  -5.8481806e+01
   8.5686587e+03  -5.7866011e+01
   8.7400469e+03  -5.7680605e+01
   8.9148631e+03  -5.7618169e+01
   9.0931760e+03  -5.7125342e+01
   9.2750554e+03  -5.7062906e+01
   9.4605728e+03  -5.7061954e+01
   9.6498008e+03  -5.7061002e+01
   9.8428137e+03  -5.7060050e+01
   1.0039687e+04  -5.7059098e+01
   1.0240499e+04  -5.7058146e+01
   1.0445326e+04  -5.7057194e+01
   1.0654251e+04  -5.7056243e+01
   1.0867355e+04  -5.6686384e+01
   1.1084721e+04  -5.6623948e+01
   1.1306435e+04  -5.6500027e+01
   1.1532583e+04  -5.6437591e+01
   1.1763255e+04  -5.5944764e+01
   1.1998541e+04  -5.5205999e+01
   1.2238533e+04  -5.3299030e+01
   1.2483325e+04  -5.1576515e+01
   1.2733013e+04  -4.9239156e+01
   1.2987696e+04  -4.6840312e+01
   1.3247473e+04  -4.4871859e+01
   1.3512445e+04  -4.3948641e+01
   1.3782718e+04  -4.4132142e+01
   1.4058396e+04  -4.5545332e+01
   1.4339589e+04  -4.7511881e+01
   1.4626406e+04  -4.9970305e+01
   1.4918959e+04  -5.0707166e+01
   1.5217365e+04  -4.9906917e+01
   1.5521739e+04  -4.8184402e+01
   1.5832201e+04  -4.7076731e+01
   1.6148872e+04  -4.7014294e+01
   1.6471878e+04  -4.6951858e+01
   1.6801344e+04  -4.6704969e+01
   1.7137401e+04  -4.6519563e+01
   1.7480179e+04  -4.6518612e+01
   1.7829813e+04  -4.6517660e+01
   1.8186441e+04  -4.6516708e+01
   1.8550201e+04  -4.6515756e+01
   1.8921238e+04  -4.6022929e+01
   1.9299696e+04  -4.5960492e+01
   1.9685723e+04  -4.5959541e+01
   2.0079472e+04  -4.5958589e+01
   2.0481097e+04  -4.5465762e+01
   2.0890755e+04  -4.5403325e+01
   2.1308606e+04  -4.5402373e+01
   2.1734816e+04  -4.5401421e+01
   2.2169550e+04  -4.4908594e+01
   2.2612980e+04  -4.4846158e+01
   2.3065279e+04  -4.4537784e+01
   2.3526625e+04  -4.4290895e+01
   2.3997199e+04  -4.4289943e+01
   2.4477185e+04  -4.4227506e+01
   2.4966771e+04  -4.4103586e+01
   2.5466151e+04  -4.4041149e+01
   2.5975518e+04  -4.3732776e+01
   2.6495074e+04  -4.3362917e+01
   2.7025022e+04  -4.3300481e+01
   2.7565570e+04  -4.3176560e+01
   2.8116929e+04  -4.3175608e+01
   2.8679317e+04  -4.2805750e+01
   2.9252954e+04  -4.2620345e+01
   2.9838064e+04  -4.2619393e+01
   3.0434878e+04  -4.2249535e+01
   3.1043628e+04  -4.2064130e+01
   3.1664555e+04  -4.2063178e+01
   3.2297902e+04  -4.2123710e+01
   3.2943917e+04  -4.2122758e+01
   3.3602853e+04  -4.2060322e+01
   3.4274968e+04  -4.2059370e+01
   3.4960528e+04  -4.1689512e+01
   3.5659800e+04  -4.0950747e+01
   3.6373058e+04  -3.9843076e+01
   3.7100583e+04  -3.9288764e+01
   3.7842660e+04  -3.9287812e+01
   3.8599579e+04  -3.9040923e+01
   3.9371638e+04  -3.9285909e+01
   4.0159140e+04  -3.9161988e+01
   4.0962393e+04  -3.8730645e+01
   4.1781713e+04  -3.8176334e+01
   4.2617420e+04  -3.7622022e+01
   4.3469843e+04  -3.7621070e+01
   4.4339316e+04  -3.7620118e+01
   4.5226180e+04  -3.7188775e+01
   4.6130783e+04  -3.7064855e+01
   4.7053479e+04  -3.7002418e+01
   4.7994631e+04  -3.6509591e+01
   4.8954608e+04  -3.6508639e+01
   4.9933786e+04  -3.5954328e+01
   5.0932549e+04  -3.5830407e+01
   5.1951289e+04  -3.5399064e+01
   5.2990406e+04  -3.5336628e+01
   5.4050307e+04  -3.4843801e+01
   5.5131408e+04  -3.4289489e+01
   5.6234133e+04  -3.4288538e+01
   5.7358914e+04  -3.3734226e+01
   5.8506192e+04  -3.3179914e+01
   5.9676419e+04  -3.2625603e+01
   6.0870052e+04  -3.2009807e+01
   6.2087559e+04  -3.1516980e+01
   6.3329419e+04  -3.0962668e+01
   6.4596118e+04  -3.2129920e+01
   6.5888154e+04  -3.4711313e+01
   6.7206032e+04  -3.7046769e+01
   6.8550271e+04  -3.9566678e+01
   6.9921396e+04  -4.1102836e+01
   7.1319947e+04  -4.1470791e+01
   7.2746470e+04  -4.0854995e+01
   7.4201527e+04  -3.9808808e+01
   7.5685688e+04  -3.9131528e+01
   7.7199534e+04  -3.8638701e+01
   7.8743660e+04  -3.8145873e+01
   8.0318671e+04  -3.7530077e+01
   8.1925185e+04  -3.7037250e+01
   8.3563832e+04  -3.6913330e+01
   8.5235255e+04  -3.6420502e+01
   8.6940110e+04  -3.5927675e+01
   8.8679064e+04  -3.5373364e+01
   9.0452801e+04  -3.5187959e+01
   9.2262015e+04  -3.4818100e+01
   9.4107417e+04  -3.4263789e+01
   9.5989730e+04  -3.4201352e+01
   9.7909693e+04  -3.3708525e+01
   9.9868058e+04  -3.3707573e+01
   1.0186559e+05  -3.3706621e+01
   1.0390308e+05  -3.3213794e+01
   1.0598133e+05  -3.3089874e+01
   1.0810114e+05  -3.2842984e+01
   1.1026335e+05  -3.2596095e+01
   1.1246881e+05  -3.2041783e+01
   1.1471839e+05  -3.1487471e+01
   1.1701295e+05  -3.1486520e+01
   1.1935342e+05  -3.1485568e+01
   1.2174070e+05  -3.1361647e+01
   1.2417572e+05  -3.1299211e+01
   1.2665945e+05  -3.0990837e+01
   1.2919287e+05  -3.0928400e+01
   1.3177695e+05  -3.0927449e+01
   1.3441272e+05  -3.0926497e+01
   1.3710121e+05  -3.0372185e+01
   1.3984347e+05  -3.0125296e+01
   1.4264059e+05  -2.9816922e+01
   1.4549365e+05  -2.9815970e+01
   1.4840378e+05  -2.9261658e+01
   1.5137211e+05  -2.8768831e+01
   1.5439982e+05  -2.8890848e+01
   1.5748809e+05  -2.8705443e+01
   1.6063812e+05  -2.8151131e+01
   1.6385117e+05  -2.8027211e+01
   1.6712848e+05  -2.7595868e+01
   1.7047134e+05  -2.7410463e+01
   1.7388107e+05  -2.7040604e+01
   1.7735899e+05  -2.7039653e+01
   1.8090648e+05  -2.7038701e+01
   1.8452493e+05  -2.6484389e+01
   1.8821575e+05  -2.5991562e+01
   1.9198039e+05  -2.5806157e+01
   1.9582034e+05  -2.5374814e+01
   1.9973709e+05  -2.5066440e+01
   2.0373218e+05  -2.4819551e+01
   2.0780718e+05  -2.4388208e+01
   2.1196369e+05  -2.4264287e+01
   2.1620333e+05  -2.4201851e+01
   2.2052778e+05  -2.3709024e+01
   2.2493872e+05  -2.3154712e+01
   2.2943789e+05  -2.3153760e+01
   2.3402705e+05  -2.2599449e+01
   2.3870800e+05  -2.2045137e+01
   2.4348258e+05  -2.1552310e+01
   2.4835266e+05  -2.1489874e+01
   2.5332014e+05  -2.0935562e+01
   2.5838699e+05  -2.0811642e+01
   2.6355518e+05  -2.0257330e+01
   2.6882675e+05  -1.9825987e+01
   2.7420375e+05  -1.9394644e+01
   2.7968831e+05  -1.9086271e+01
   2.8528256e+05  -1.8716412e+01
   2.9098872e+05  -1.8223585e+01
   2.9680900e+05  -1.7607789e+01
   3.0274570e+05  -1.7053478e+01
   3.0880114e+05  -1.5945806e+01
   3.1497771e+05  -1.5391495e+01
   3.2127781e+05  -1.4283823e+01
   3.2770393e+05  -1.3053183e+01
   3.3425858e+05  -1.1576606e+01
   3.4094434e+05  -1.0284481e+01
   3.4776382e+05  -8.4389971e+00
   3.5471971e+05  -7.0853882e+00
   3.6181473e+05  -5.9162325e+00
   3.6905165e+05  -5.7308274e+00
   3.7643333e+05  -6.9595637e+00
   3.8396266e+05  -9.0490818e+00
   3.9164258e+05  -1.2183835e+01
   3.9947612e+05  -1.4519290e+01
   4.0746634e+05  -1.5932480e+01
   4.1561638e+05  -1.6484888e+01
   4.2392944e+05  -1.5869092e+01
   4.3240877e+05  -1.3101341e+01
   4.4105770e+05  -1.0395076e+01
   4.4987963e+05  -7.4428721e+00
   4.5887801e+05  -3.5684024e+00
   4.6805638e+05  -1.1080742e+00
   4.7741832e+05   6.7592559e-01
   4.8696753e+05   1.2302372e+00
   4.9670773e+05   1.0467358e+00
   5.0664275e+05  -7.9684459e-01
   5.1677650e+05  -3.7471444e+00
   5.2711293e+05  -7.6811947e+00
   5.3765611e+05  -1.2967902e+01
   5.4841018e+05  -1.8746485e+01
   5.5937934e+05  -2.2987957e+01
   5.7056791e+05  -2.5138959e+01
   5.8198026e+05  -2.5875820e+01
   5.9362089e+05  -2.6182291e+01
   6.0549435e+05  -2.6427276e+01
   6.1760529e+05  -2.7533044e+01
   6.2995848e+05  -2.8085452e+01
   6.4255875e+05  -2.8084500e+01
   6.5541105e+05  -2.8083548e+01
   6.6852042e+05  -2.6238064e+01
   6.8189200e+05  -2.3224376e+01
   6.9553104e+05  -2.0702563e+01
   7.0944287e+05  -1.8672626e+01
   7.2363297e+05  -1.8118314e+01
   7.3810690e+05  -1.7994393e+01
   7.5287033e+05  -1.8116410e+01
   7.6792906e+05  -1.8914756e+01
   7.8328898e+05  -1.8606382e+01
   7.9895613e+05  -1.7006835e+01
   8.1493666e+05  -1.5837680e+01
   8.3123682e+05  -1.5098915e+01
   8.4786301e+05  -1.6204682e+01
   8.6482175e+05  -1.7003028e+01
   8.8211970e+05  -1.7616920e+01
   8.9976364e+05  -1.8599719e+01
   9.1776049e+05  -1.9213611e+01
   9.3611731e+05  -1.9766019e+01
   9.5484129e+05  -2.0687333e+01
   9.7393979e+05  -2.1424194e+01
   9.9342029e+05  -2.1976602e+01
