   2.0388315e+01  -3.4150198e+01
   2.0795881e+01  -3.4150198e+01
   2.1211595e+01  -3.4150198e+01
   2.1636057e+01  -3.4580588e+01
   2.2068566e+01  -3.4580588e+01
   2.2509851e+01  -3.4703557e+01
   2.2959826e+01  -3.4703557e+01
   2.3418797e+01  -3.4703557e+01
   2.3886943e+01  -3.4703557e+01
   2.4364447e+01  -3.4703557e+01
   2.4851497e+01  -3.4703557e+01
   2.5348283e+01  -3.4703557e+01
   2.5855149e+01  -3.4826526e+01
   2.6372304e+01  -3.5072464e+01
   2.6899491e+01  -3.5072464e+01
   2.7436819e+01  -3.4765042e+01
   2.7985205e+01  -3.4703557e+01
   2.8544634e+01  -3.4703557e+01
   2.9115246e+01  -3.4703557e+01
   2.9697265e+01  -3.4703557e+01
   3.0290918e+01  -3.4703557e+01
   3.0896439e+01  -3.4703557e+01
   3.1514156e+01  -3.4765042e+01
   3.2144408e+01  -3.4949495e+01
   3.2786886e+01  -3.4888011e+01
   3.3442011e+01  -3.4703557e+01
   3.4110522e+01  -3.4703557e+01
   3.4792499e+01  -3.4765042e+01
   3.5488829e+01  -3.5256917e+01
   3.6198257e+01  -3.5256917e+01
   3.6921867e+01  -3.5256917e+01
   3.7660487e+01  -3.5564339e+01
   3.8413327e+01  -3.5564339e+01
   3.9180648e+01  -3.5256917e+01
   3.9963876e+01  -3.5256917e+01
   4.0762761e+01  -3.5256917e+01
   4.1577616e+01  -3.5256917e+01
   4.2409374e+01  -3.5564339e+01
   4.3257646e+01  -3.5810277e+01
   4.4122374e+01  -3.5810277e+01
   4.5004258e+01  -3.5748792e+01
   4.5904034e+01  -3.5810277e+01
   4.6821663e+01  -3.5810277e+01
   4.7758328e+01  -3.6117699e+01
   4.8712320e+01  -3.5810277e+01
   4.9686088e+01  -3.5810277e+01
   5.0679322e+01  -3.5810277e+01
   5.1692410e+01  -3.5810277e+01
   5.2725750e+01  -3.5810277e+01
   5.3781150e+01  -3.6363636e+01
   5.4856244e+01  -3.6363636e+01
   5.5953641e+01  -3.6671058e+01
   5.7072826e+01  -3.6916996e+01
   5.8213721e+01  -3.6916996e+01
   5.9377424e+01  -3.6916996e+01
   6.0564389e+01  -3.6916996e+01
   6.1775082e+01  -3.6916996e+01
   6.3009976e+01  -3.6916996e+01
   6.4269743e+01  -3.6978480e+01
   6.5554317e+01  -3.6916996e+01
   6.6864759e+01  -3.6916996e+01
   6.8201397e+01  -3.6916996e+01
   6.9564956e+01  -3.6978480e+01
   7.0957217e+01  -3.7470356e+01
   7.2375664e+01  -3.7470356e+01
   7.3822466e+01  -3.7470356e+01
   7.5298627e+01  -3.7593325e+01
   7.6805417e+01  -3.8023715e+01
   7.8340771e+01  -3.8023715e+01
   7.9906817e+01  -3.8023715e+01
   8.1504168e+01  -3.8023715e+01
   8.3133451e+01  -3.8023715e+01
   8.4795303e+01  -3.8023715e+01
   8.6490376e+01  -3.8023715e+01
   8.8219334e+01  -3.8023715e+01
   8.9982854e+01  -3.8023715e+01
   9.1781627e+01  -3.8023715e+01
   9.3616629e+01  -3.8085200e+01
   9.5488595e+01  -3.8208169e+01
   9.7399122e+01  -3.8577075e+01
   9.9348162e+01  -3.9007466e+01
   1.0133474e+02  -3.9130435e+01
   1.0336133e+02  -3.9314888e+01
   1.0542663e+02  -3.9130435e+01
   1.0753413e+02  -3.9130435e+01
   1.0968375e+02  -3.9130435e+01
   1.1187635e+02  -3.9130435e+01
   1.1411344e+02  -3.9253404e+01
   1.1639695e+02  -3.9683794e+01
   1.1872374e+02  -3.9683794e+01
   1.2109810e+02  -3.9868248e+01
   1.2352102e+02  -4.0237154e+01
   1.2599023e+02  -4.0237154e+01
   1.2850880e+02  -4.0237154e+01
   1.3107999e+02  -4.0606061e+01
   1.3370069e+02  -4.0667545e+01
   1.3637418e+02  -4.0790514e+01
   1.3910153e+02  -4.0974967e+01
   1.4188466e+02  -4.1343874e+01
   1.4472096e+02  -4.1343874e+01
   1.4761481e+02  -4.1466842e+01
   1.5056871e+02  -4.1897233e+01
   1.5357861e+02  -4.1897233e+01
   1.5664867e+02  -4.1897233e+01
   1.5978103e+02  -4.2020202e+01
   1.6297792e+02  -4.2389108e+01
   1.6623636e+02  -4.2450593e+01
   1.6955945e+02  -4.2450593e+01
   1.7295248e+02  -4.2880984e+01
   1.7641085e+02  -4.3003953e+01
   1.7993786e+02  -4.3065437e+01
   1.8353538e+02  -4.3126921e+01
   1.8720428e+02  -4.3126921e+01
   1.9094819e+02  -4.3311375e+01
   1.9476584e+02  -4.3372859e+01
   1.9866097e+02  -4.3557312e+01
   2.0263224e+02  -4.3557312e+01
   2.0668349e+02  -4.3618797e+01
   2.1082002e+02  -4.4110672e+01
   2.1503435e+02  -4.4110672e+01
   2.1933292e+02  -4.4110672e+01
   2.2372196e+02  -4.4541063e+01
   2.2819553e+02  -4.4664032e+01
   2.3275787e+02  -4.4725516e+01
   2.3741624e+02  -4.5217391e+01
   2.4216224e+02  -4.5217391e+01
   2.4700310e+02  -4.5217391e+01
   2.5194366e+02  -4.5463329e+01
   2.5698378e+02  -4.5770751e+01
   2.6212093e+02  -4.5770751e+01
   2.6736077e+02  -4.5770751e+01
   2.7271010e+02  -4.6139657e+01
   2.7816404e+02  -4.6324111e+01
   2.8372459e+02  -4.6324111e+01
   2.8940049e+02  -4.6631533e+01
   2.9518908e+02  -4.6877470e+01
   3.0108996e+02  -4.6877470e+01
   3.0710880e+02  -4.6877470e+01
   3.1324796e+02  -4.6877470e+01
   3.1951076e+02  -4.6938955e+01
   3.2566563e+02  -4.7369346e+01
   3.3217574e+02  -4.7369346e+01
   3.3882090e+02  -4.7676768e+01
   3.4559899e+02  -4.7984190e+01
   3.5250758e+02  -4.7984190e+01
   3.5956156e+02  -4.8414581e+01
   3.6675138e+02  -4.8537549e+01
   3.7409148e+02  -4.9029425e+01
   3.8157074e+02  -4.9090909e+01
   3.8919840e+02  -4.9090909e+01
   3.9697855e+02  -4.9090909e+01
   4.0492478e+02  -4.9644269e+01
   4.1301930e+02  -4.9644269e+01
   4.2127685e+02  -4.9705753e+01
   4.2970820e+02  -5.0197628e+01
   4.3830069e+02  -5.0320597e+01
   4.4706887e+02  -5.0628019e+01
   4.5600850e+02  -5.0750988e+01
   4.6513362e+02  -5.1181379e+01
   4.7443447e+02  -5.1304348e+01
   4.8391850e+02  -5.1304348e+01
   4.9359212e+02  -5.1304348e+01
   5.0346932e+02  -5.1734739e+01
   5.1353823e+02  -5.1919192e+01
   5.2381609e+02  -5.2411067e+01
   5.3428726e+02  -5.2411067e+01
   5.4497250e+02  -5.2595520e+01
   5.5587142e+02  -5.2779974e+01
   5.6698832e+02  -5.2964427e+01
   5.7832251e+02  -5.2964427e+01
   5.8989867e+02  -5.3517787e+01
   6.0169084e+02  -5.3517787e+01
   6.1373475e+02  -5.4071146e+01
   6.2600523e+02  -5.4132631e+01
   6.3853029e+02  -5.4501537e+01
   6.5129839e+02  -5.4624506e+01
   6.6431796e+02  -5.4624506e+01
   6.7761547e+02  -5.5177866e+01
   6.9116512e+02  -5.5300834e+01
   7.0499593e+02  -5.5731225e+01
   7.1910768e+02  -5.6284585e+01
   7.3348489e+02  -5.6346069e+01
   7.4816473e+02  -5.6837945e+01
   7.6313836e+02  -5.7329820e+01
   7.7839814e+02  -5.7452789e+01
   7.9397686e+02  -5.7944664e+01
   8.0986972e+02  -5.8498024e+01
   8.2607830e+02  -5.8989899e+01
   8.4261128e+02  -5.9481774e+01
   8.5947515e+02  -5.9973650e+01
   8.7668669e+02  -6.0711462e+01
   8.9423773e+02  -6.1326307e+01
   9.1213219e+02  -6.1756697e+01
   9.3038475e+02  -6.2187088e+01
   9.4901630e+02  -6.2924901e+01
   9.6730318e+02  -6.3478261e+01
   9.8666547e+02  -6.4031621e+01
   1.0064153e+03  -6.4584980e+01
   1.0265605e+03  -6.5138340e+01
   1.0471089e+03  -6.5691700e+01
   1.0680408e+03  -6.5691700e+01
   1.0893912e+03  -6.5691700e+01
   1.1111651e+03  -6.5630215e+01
   1.1333216e+03  -6.4584980e+01
   1.1559166e+03  -6.3478261e+01
   1.1798233e+03  -6.2310057e+01
   1.2033384e+03  -6.1080369e+01
   1.2273222e+03  -5.9850681e+01
   1.2517478e+03  -5.8006148e+01
   1.2766965e+03  -5.6776460e+01
   1.3021311e+03  -5.5362319e+01
   1.3280839e+03  -5.4132631e+01
   1.3545698e+03  -5.3148880e+01
   1.3815478e+03  -5.1611770e+01
   1.4091080e+03  -5.0750988e+01
   1.4372014e+03  -4.9644269e+01
   1.4658506e+03  -4.8476065e+01
   1.4961586e+03  -4.7184892e+01
   1.5259388e+03  -4.5401845e+01
   1.5562893e+03  -4.3311375e+01
   1.5872710e+03  -4.1589811e+01
   1.6189305e+03  -4.0667545e+01
   1.6512597e+03  -4.0237154e+01
   1.6842784e+03  -4.0360123e+01
   1.7180122e+03  -4.1159420e+01
   1.7524317e+03  -4.2081686e+01
   1.7875563e+03  -4.3188406e+01
   1.8233797e+03  -4.4233641e+01
   1.8599210e+03  -4.5278876e+01
   1.8971946e+03  -4.6324111e+01
   1.9337970e+03  -4.7369346e+01
   1.9725111e+03  -4.7984190e+01
   2.0120294e+03  -4.8906456e+01
   2.0523216e+03  -4.9644269e+01
   2.0934024e+03  -5.0197628e+01
   2.1353180e+03  -5.0873957e+01
   2.1780791e+03  -5.1611770e+01
   2.2216450e+03  -5.1857708e+01
   2.2661152e+03  -5.2411067e+01
   2.3114755e+03  -5.2964427e+01
   2.3577438e+03  -5.3517787e+01
   2.4049382e+03  -5.4071146e+01
   2.4530631e+03  -5.4501537e+01
   2.5021655e+03  -5.5054897e+01
   2.5521990e+03  -5.5177866e+01
   2.6032858e+03  -5.5731225e+01
   2.6553952e+03  -5.6284585e+01
   2.7085477e+03  -5.6837945e+01
   2.7627481e+03  -5.7268336e+01
   2.8180004e+03  -5.7452789e+01
   2.8743993e+03  -5.7944664e+01
   2.9319355e+03  -5.8498024e+01
   2.9906234e+03  -5.9051383e+01
   3.0504595e+03  -5.9420290e+01
   3.1115199e+03  -5.9973650e+01
   3.1737473e+03  -6.0158103e+01
   3.2373130e+03  -6.0957400e+01
   3.3020944e+03  -6.1387791e+01
   3.3681722e+03  -6.1818182e+01
   3.4356817e+03  -6.2924901e+01
   3.5019154e+03  -6.3662714e+01
   3.5719814e+03  -6.4031621e+01
   3.6434809e+03  -6.4584980e+01
   3.7164116e+03  -6.5138340e+01
   3.7908022e+03  -6.5691700e+01
   3.8666818e+03  -6.6245059e+01
   3.9441375e+03  -6.7105841e+01
   4.0231214e+03  -6.7843654e+01
   4.1036632e+03  -6.8458498e+01
   4.1858902e+03  -6.9442249e+01
   4.2697895e+03  -7.0548968e+01
   4.3552948e+03  -7.1286781e+01
   4.4425639e+03  -7.2270531e+01
   4.5315422e+03  -7.3069829e+01
   4.6223696e+03  -7.4176548e+01
   4.7150448e+03  -7.5406236e+01
   4.8094805e+03  -7.6205534e+01
   4.9057508e+03  -7.6758893e+01
   5.0039046e+03  -7.7127800e+01
   5.1037413e+03  -7.6328502e+01
   5.2054492e+03  -7.5037330e+01
   5.3091994e+03  -7.3807642e+01
   5.4150959e+03  -7.2885375e+01
   5.5231045e+03  -7.1963109e+01
   5.6332022e+03  -7.0794906e+01
   5.7456278e+03  -7.0118577e+01
   5.8603311e+03  -6.9565217e+01
   5.9773242e+03  -6.9011858e+01
   6.0965823e+03  -6.8212560e+01
   6.2182379e+03  -6.7474747e+01
   6.3423394e+03  -6.6798419e+01
   6.4689552e+03  -6.6245059e+01
   6.5981369e+03  -6.5814668e+01
   6.7299178e+03  -6.5445762e+01
   6.8642909e+03  -6.4953887e+01
   7.0012050e+03  -6.4031621e+01
   7.1409741e+03  -6.3478261e+01
   7.2888748e+03  -6.2924901e+01
   7.4345591e+03  -6.2863417e+01
   7.5830894e+03  -6.2617479e+01
   7.7345870e+03  -6.2371542e+01
   7.8889971e+03  -6.1818182e+01
   8.0465363e+03  -6.1387791e+01
   8.2073404e+03  -6.1264822e+01
   8.3712368e+03  -6.0834431e+01
   8.5384061e+03  -6.0404040e+01
   8.7089894e+03  -6.0158103e+01
   8.8830836e+03  -6.0158103e+01
   9.0605530e+03  -5.9912165e+01
   9.2415411e+03  -5.9604743e+01
   9.4262812e+03  -5.9604743e+01
   9.6147142e+03  -5.9604743e+01
   9.8066582e+03  -5.9051383e+01
   1.0002695e+04  -5.9051383e+01
   1.0202651e+04  -5.9051383e+01
   1.0406603e+04  -5.9051383e+01
   1.0614633e+04  -5.9051383e+01
   1.0826602e+04  -5.8620993e+01
   1.1042964e+04  -5.8498024e+01
   1.1263715e+04  -5.8498024e+01
   1.1488878e+04  -5.8498024e+01
   1.1718543e+04  -5.8498024e+01
   1.1952695e+04  -5.8313570e+01
   1.2191101e+04  -5.7391304e+01
   1.2434263e+04  -5.6469038e+01
   1.2681944e+04  -5.4993412e+01
   1.2934372e+04  -5.3210365e+01
   1.3191976e+04  -5.1673254e+01
   1.3454634e+04  -5.0013175e+01
   1.3722799e+04  -4.8783487e+01
   1.3996958e+04  -4.8537549e+01
   1.4276966e+04  -4.8844971e+01
   1.4562914e+04  -4.9644269e+01
   1.4854029e+04  -4.9644269e+01
   1.5149471e+04  -4.7553799e+01
   1.5462747e+04  -4.6324111e+01
   1.5771439e+04  -4.5770751e+01
   1.6086387e+04  -4.5340360e+01
   1.6407861e+04  -4.5217391e+01
   1.6735857e+04  -4.5217391e+01
   1.7070361e+04  -4.5155907e+01
   1.7411651e+04  -4.5217391e+01
   1.7759713e+04  -4.5217391e+01
   1.8114732e+04  -4.5217391e+01
   1.8477170e+04  -4.5586298e+01
   1.8846696e+04  -4.5770751e+01
   1.9223946e+04  -4.6324111e+01
   1.9608236e+04  -4.6324111e+01
   2.0000208e+04  -4.6324111e+01
   2.0400016e+04  -4.6324111e+01
   2.0807695e+04  -4.6201142e+01
   2.1223399e+04  -4.5955204e+01
   2.1647470e+04  -4.5770751e+01
   2.2080207e+04  -4.5770751e+01
   2.2521333e+04  -4.5524813e+01
   2.2971205e+04  -4.5217391e+01
   2.3430404e+04  -4.5217391e+01
   2.3898712e+04  -4.5155907e+01
   2.4376099e+04  -4.4848485e+01
   2.4863165e+04  -4.4664032e+01
   2.5359743e+04  -4.4295125e+01
   2.5866464e+04  -4.4110672e+01
   2.6383539e+04  -4.4110672e+01
   2.6910405e+04  -4.3680281e+01
   2.7448189e+04  -4.3557312e+01
   2.7996802e+04  -4.3495828e+01
   2.8555967e+04  -4.3126921e+01
   2.9126637e+04  -4.3003953e+01
   2.9708711e+04  -4.2880984e+01
   3.0301979e+04  -4.2450593e+01
   3.0907721e+04  -4.2450593e+01
   3.1525572e+04  -4.2450593e+01
   3.2155587e+04  -4.2327624e+01
   3.2798383e+04  -4.2327624e+01
   3.3454513e+04  -4.2635046e+01
   3.4123769e+04  -4.2942468e+01
   3.4805203e+04  -4.2512077e+01
   3.5500862e+04  -4.2450593e+01
   3.6209692e+04  -4.1958718e+01
   3.6933423e+04  -4.1897233e+01
   3.7670746e+04  -4.1343874e+01
   3.8422789e+04  -4.0790514e+01
   3.9190072e+04  -4.0360123e+01
   3.9973025e+04  -4.0114185e+01
   4.0771266e+04  -3.9683794e+01
   4.1584483e+04  -3.8761528e+01
   4.2414290e+04  -3.8023715e+01
   4.3262159e+04  -3.8023715e+01
   4.4125826e+04  -3.7470356e+01
   4.5007909e+04  -3.7470356e+01
   4.5907359e+04  -3.7347387e+01
   4.6825191e+04  -3.7408871e+01
   4.7760127e+04  -3.6916996e+01
   4.8713732e+04  -3.6425121e+01
   4.9687384e+04  -3.6363636e+01
   5.0679322e+04  -3.5810277e+01
   5.1692410e+04  -3.5810277e+01
   5.2724681e+04  -3.5379886e+01
   5.3777254e+04  -3.4826526e+01
   5.4851158e+04  -3.4396135e+01
   5.5946832e+04  -3.4088713e+01
   5.7063896e+04  -3.3596838e+01
   5.8203096e+04  -3.3043478e+01
   5.9365038e+04  -3.2490119e+01
   6.0550176e+04  -3.1936759e+01
   6.0593000e+04  -3.1383399e+01
   6.1804086e+04  -3.1321915e+01
   6.3039743e+04  -3.1383399e+01
   6.4256336e+04  -3.2551603e+01
   6.5545770e+04  -3.4150198e+01
   6.6864759e+04  -3.6916996e+01
   6.8209500e+04  -3.9437857e+01
   6.9579269e+04  -4.1343874e+01
   7.0972022e+04  -4.1897233e+01
   7.2390765e+04  -4.1897233e+01
   7.3835943e+04  -4.1343874e+01
   7.5308445e+04  -4.0360123e+01
   7.6810536e+04  -3.9437857e+01
   7.8343495e+04  -3.8761528e+01
   7.9906817e+04  -3.8023715e+01
   8.1502043e+04  -3.7470356e+01
   8.3130319e+04  -3.7224418e+01
   8.4790880e+04  -3.6916996e+01
   8.6483610e+04  -3.6363636e+01
   8.8211154e+04  -3.6056214e+01
   8.9973468e+04  -3.5810277e+01
   9.1769926e+04  -3.5318401e+01
   9.3602796e+04  -3.4949495e+01
   9.5472825e+04  -3.4703557e+01
   9.7380215e+04  -3.4457620e+01
   9.9325424e+04  -3.4150198e+01
   1.0131037e+05  -3.4027229e+01
   1.0333498e+05  -3.3904260e+01
   1.0539914e+05  -3.3596838e+01
   1.0750453e+05  -3.3289416e+01
   1.0965229e+05  -3.3043478e+01
   1.1184134e+05  -3.2490119e+01
   1.1407674e+05  -3.2428634e+01
   1.1635446e+05  -3.1936759e+01
   1.1867937e+05  -3.1752306e+01
   1.2105144e+05  -3.1690821e+01
   1.2347128e+05  -3.1690821e+01
   1.2603112e+05  -3.1567852e+01
   1.2845854e+05  -3.1936759e+01
   1.2854939e+05  -3.1383399e+01
   1.3111911e+05  -3.1383399e+01
   1.3374021e+05  -3.1383399e+01
   1.3641014e+05  -3.0830040e+01
   1.3913378e+05  -3.0338164e+01
   1.4191468e+05  -3.0276680e+01
   1.4475158e+05  -3.0276680e+01
   1.4764134e+05  -2.9723320e+01
   1.5059009e+05  -2.9354414e+01
   1.5359908e+05  -2.9169960e+01
   1.5666819e+05  -2.8985507e+01
   1.5979724e+05  -2.8616601e+01
   1.6299067e+05  -2.8493632e+01
   1.6624551e+05  -2.8063241e+01
   1.6956878e+05  -2.8063241e+01
   1.7295499e+05  -2.7632850e+01
   1.7641136e+05  -2.7509881e+01
   1.7993786e+05  -2.7509881e+01
   1.8353006e+05  -2.6956522e+01
   1.8719506e+05  -2.6526131e+01
   1.9093602e+05  -2.6403162e+01
   1.9474778e+05  -2.5849802e+01
   1.9863910e+05  -2.5665349e+01
   2.0260641e+05  -2.5296443e+01
   2.0665535e+05  -2.5173474e+01
   2.1078215e+05  -2.4743083e+01
   2.1499572e+05  -2.4743083e+01
   2.1928780e+05  -2.4189723e+01
   2.2366622e+05  -2.3697848e+01
   2.2813603e+05  -2.3574879e+01
   2.3269111e+05  -2.3083004e+01
   2.3733646e+05  -2.2529644e+01
   2.4207945e+05  -2.2406675e+01
   2.4691366e+05  -2.1976285e+01
   2.5184294e+05  -2.1422925e+01
   2.5687062e+05  -2.0869565e+01
   2.6200551e+05  -2.0869565e+01
   2.6723608e+05  -2.0316206e+01
   2.7257422e+05  -2.0008783e+01
   2.7801981e+05  -1.9762846e+01
   2.8357008e+05  -1.9209486e+01
   2.8923115e+05  -1.8656126e+01
   2.9500524e+05  -1.8102767e+01
   3.0089285e+05  -1.7426438e+01
   3.0689531e+05  -1.6565657e+01
   3.1324614e+05  -1.5643390e+01
   3.1949503e+05  -1.4782609e+01
   3.2586479e+05  -1.3675889e+01
   3.3236155e+05  -1.2569170e+01
   3.3898882e+05  -1.1523935e+01
   3.4574723e+05  -1.0417216e+01
   3.5263936e+05  -9.2490119e+00
   3.5966263e+05  -7.7119016e+00
   3.6682897e+05  -6.3592446e+00
   3.7415435e+05  -5.9288538e+00
   3.8164372e+05  -6.4822134e+00
   3.8930555e+05  -8.2652613e+00
   3.9716724e+05  -1.2507686e+01
   4.0515246e+05  -1.4905578e+01
   4.1300015e+05  -1.7549407e+01
   4.2128051e+05  -1.8779095e+01
   4.2966712e+05  -1.7057532e+01
   4.3853570e+05  -1.5028546e+01
   4.4724119e+05  -1.2138779e+01
   4.5611950e+05  -9.2490119e+00
   4.6516732e+05  -6.0518226e+00
   4.7437537e+05  -1.9938516e+00
   4.8417657e+05  -3.9525692e-01
   4.9384533e+05   3.5133948e-02
   5.0372760e+05  -3.9525692e-01
   5.1344895e+05  -1.5634607e+00
   5.2375841e+05  -3.4079930e+00
   5.3433990e+05  -7.8348704e+00
   5.4516360e+05  -1.3368467e+01
   5.5580861e+05  -1.9270971e+01
   5.6699982e+05  -2.2283707e+01
   5.7838452e+05  -2.4128239e+01
   5.8994824e+05  -2.4189723e+01
   6.0172571e+05  -2.3636364e+01
   6.1375787e+05  -2.3759332e+01
   6.2605965e+05  -2.4866052e+01
   6.3858765e+05  -2.5296443e+01
   6.5132859e+05  -2.4497145e+01
   6.6431219e+05  -2.3328942e+01
   6.7754479e+05  -2.1853316e+01
   6.9104097e+05  -2.0377690e+01
   7.0482845e+05  -1.9578393e+01
   7.1889310e+05  -1.8840580e+01
   7.3325752e+05  -1.8656126e+01
   7.4793497e+05  -1.9209486e+01
   7.6292611e+05  -2.0316206e+01
   7.7819743e+05  -2.0869565e+01
   7.9371234e+05  -1.9762846e+01
   8.0950373e+05  -1.7795345e+01
   8.2565475e+05  -1.6996047e+01
   8.4218657e+05  -1.7672376e+01
   8.5905937e+05  -1.8594642e+01
   8.7624227e+05  -1.8840580e+01
   8.9377404e+05  -1.9209486e+01
   9.1165659e+05  -1.9578393e+01
   9.2988885e+05  -1.9762846e+01
   9.4849948e+05  -2.0254721e+01
   9.6746015e+05  -2.0254721e+01
   9.8680270e+05  -2.0316206e+01
