   2.0002085e+01  -3.0633803e+01
   2.0503498e+01  -3.0633803e+01
   2.1017480e+01  -3.0985915e+01
   2.1544347e+01  -3.1056338e+01
   2.2084421e+01  -3.1056338e+01
   2.2638034e+01  -3.1478873e+01
   2.3205525e+01  -3.1690141e+01
   2.3787242e+01  -3.1690141e+01
   2.4383541e+01  -3.1971831e+01
   2.4994788e+01  -3.2323944e+01
   2.5621358e+01  -3.2394366e+01
   2.6263635e+01  -3.2816901e+01
   2.6922013e+01  -3.2957746e+01
   2.7596895e+01  -3.2957746e+01
   2.8288694e+01  -3.2957746e+01
   2.8997836e+01  -3.3028169e+01
   2.9724755e+01  -3.3309859e+01
   3.0469896e+01  -3.3591549e+01
   3.1233716e+01  -3.3591549e+01
   3.2016684e+01  -3.3732394e+01
   3.2819279e+01  -3.4225352e+01
   3.3641993e+01  -3.4225352e+01
   3.4485332e+01  -3.4366197e+01
   3.5349811e+01  -3.4859155e+01
   3.6235961e+01  -3.4859155e+01
   3.7144325e+01  -3.5070423e+01
   3.8075460e+01  -3.5422535e+01
   3.9029937e+01  -3.5492958e+01
   4.0008340e+01  -3.5492958e+01
   4.1011271e+01  -3.5633803e+01
   4.2039342e+01  -3.6056338e+01
   4.3093186e+01  -3.6126761e+01
   4.4173447e+01  -3.6478873e+01
   4.5280788e+01  -3.6760563e+01
   4.6415888e+01  -3.6971831e+01
   4.7579443e+01  -3.6971831e+01
   4.8772166e+01  -3.7253521e+01
   4.9994788e+01  -3.7394366e+01
   5.1248059e+01  -3.7394366e+01
   5.2532747e+01  -3.7887324e+01
   5.3849639e+01  -3.8028169e+01
   5.5199543e+01  -3.8028169e+01
   5.6583287e+01  -3.8521127e+01
   5.8001718e+01  -3.8661972e+01
   5.9455707e+01  -3.8732394e+01
   6.0946144e+01  -3.9225352e+01
   6.2473944e+01  -3.9295775e+01
   6.4040043e+01  -3.9507042e+01
   6.5645400e+01  -3.9929577e+01
   6.7291001e+01  -3.9929577e+01
   6.8977854e+01  -3.9929577e+01
   7.0706993e+01  -4.0352113e+01
   7.2479477e+01  -4.0563380e+01
   7.4296395e+01  -4.0563380e+01
   7.6158859e+01  -4.0915493e+01
   7.8068012e+01  -4.1197183e+01
   8.0025023e+01  -4.1408451e+01
   8.2031092e+01  -4.1830986e+01
   8.4087450e+01  -4.1830986e+01
   8.6195357e+01  -4.2183099e+01
   8.8356104e+01  -4.2464789e+01
   9.0571018e+01  -4.2464789e+01
   9.2841454e+01  -4.2887324e+01
   9.5168807e+01  -4.3098592e+01
   9.7554501e+01  -4.3098592e+01
   1.0000000e+02  -4.3098592e+01
   1.0250680e+02  -4.3450704e+01
   1.0507645e+02  -4.3732394e+01
   1.0771051e+02  -4.4014085e+01
   1.1041060e+02  -4.4366197e+01
   1.1317837e+02  -4.4718310e+01
   1.1601553e+02  -4.4859155e+01
   1.1892381e+02  -4.5000000e+01
   1.2190500e+02  -4.5211268e+01
   1.2496091e+02  -4.5492958e+01
   1.2809344e+02  -4.5633803e+01
   1.3130449e+02  -4.6056338e+01
   1.3459603e+02  -4.6267606e+01
   1.3797009e+02  -4.6267606e+01
   1.4142873e+02  -4.6338028e+01
   1.4497407e+02  -4.6901408e+01
   1.4860828e+02  -4.6901408e+01
   1.5233360e+02  -4.7112676e+01
   1.5615230e+02  -4.7535211e+01
   1.6006673e+02  -4.7676056e+01
   1.6407929e+02  -4.8169014e+01
   1.6819243e+02  -4.8169014e+01
   1.7240869e+02  -4.8450704e+01
   1.7673063e+02  -4.8802817e+01
   1.8116092e+02  -4.8943662e+01
   1.8570227e+02  -4.9436620e+01
   1.9035746e+02  -4.9788732e+01
   1.9512934e+02  -4.9859155e+01
   2.0002085e+02  -5.0070423e+01
   2.0503498e+02  -5.0140845e+01
   2.1017480e+02  -5.0704225e+01
   2.1544347e+02  -5.0985915e+01
   2.2084421e+02  -5.1338028e+01
   2.2638034e+02  -5.1408451e+01
   2.3205525e+02  -5.1971831e+01
   2.3787242e+02  -5.2605634e+01
   2.4383541e+02  -5.2676056e+01
   2.4994788e+02  -5.3169014e+01
   2.5621358e+02  -5.3239437e+01
   2.6263635e+02  -5.3802817e+01
   2.6922013e+02  -5.3873239e+01
   2.7596895e+02  -5.4295775e+01
   2.8288694e+02  -5.4507042e+01
   2.8997836e+02  -5.5070423e+01
   2.9724755e+02  -5.5281690e+01
   3.0469896e+02  -5.5774648e+01
   3.1233716e+02  -5.6408451e+01
   3.2016684e+02  -5.6901408e+01
   3.2819279e+02  -5.7042254e+01
   3.3641993e+02  -5.7676056e+01
   3.4485332e+02  -5.8309859e+01
   3.5349811e+02  -5.8873239e+01
   3.6235961e+02  -5.9577465e+01
   3.7144325e+02  -6.0070423e+01
   3.8075460e+02  -6.0774648e+01
   3.9029937e+02  -6.1267606e+01
   4.0008340e+02  -6.2042254e+01
   4.1011271e+02  -6.2676056e+01
   4.2039342e+02  -6.3450704e+01
   4.3093186e+02  -6.4507042e+01
   4.4173447e+02  -6.6056338e+01
   4.5280788e+02  -6.7112676e+01
   4.6415888e+02  -6.7816901e+01
   4.7579443e+02  -6.9295775e+01
   4.8772166e+02  -7.1549296e+01
   4.9994788e+02  -7.3309859e+01
   5.1248059e+02  -7.5140845e+01
   5.2532747e+02  -7.6338028e+01
   5.3849639e+02  -7.6197183e+01
   5.5199543e+02  -7.5281690e+01
   5.6583287e+02  -7.3873239e+01
   5.8001718e+02  -7.2042254e+01
   5.9455707e+02  -7.0140845e+01
   6.0946144e+02  -6.8521127e+01
   6.2473944e+02  -6.7112676e+01
   6.4040043e+02  -6.5985915e+01
   6.5645400e+02  -6.5070423e+01
   6.7291001e+02  -6.4084507e+01
   6.8977854e+02  -6.3169014e+01
   7.0706993e+02  -6.2183099e+01
   7.2479477e+02  -6.1478873e+01
   7.4296395e+02  -6.0845070e+01
   7.6158859e+02  -5.9859155e+01
   7.8068012e+02  -5.9014085e+01
   8.0025023e+02  -5.8450704e+01
   8.2031092e+02  -5.8309859e+01
   8.4087450e+02  -5.7676056e+01
   8.6195357e+02  -5.7464789e+01
   8.8356104e+02  -5.7042254e+01
   9.0571018e+02  -5.6408451e+01
   9.2841454e+02  -5.5774648e+01
   9.5168807e+02  -5.5140845e+01
   9.7554501e+02  -5.5070423e+01
   1.0000000e+03  -5.4507042e+01
   1.0250680e+03  -5.4014085e+01
   1.0507645e+03  -5.3521127e+01
   1.0771051e+03  -5.3239437e+01
   1.1041060e+03  -5.2957746e+01
   1.1317837e+03  -5.2605634e+01
   1.1601553e+03  -5.2042254e+01
   1.1892381e+03  -5.1971831e+01
   1.2190500e+03  -5.1338028e+01
   1.2496091e+03  -5.1338028e+01
   1.2809344e+03  -5.0704225e+01
   1.3130449e+03  -5.0704225e+01
   1.3459603e+03  -5.0422535e+01
   1.3797009e+03  -5.0070423e+01
   1.4142873e+03  -4.9718310e+01
   1.4497407e+03  -4.9436620e+01
   1.4860828e+03  -4.8802817e+01
   1.5233360e+03  -4.8521127e+01
   1.5615230e+03  -4.8169014e+01
   1.6006673e+03  -4.8169014e+01
   1.6407929e+03  -4.7535211e+01
   1.6819243e+03  -4.7253521e+01
   1.7240869e+03  -4.6901408e+01
   1.7673063e+03  -4.6478873e+01
   1.8116092e+03  -4.6126761e+01
   1.8570227e+03  -4.5633803e+01
   1.9035746e+03  -4.5000000e+01
   1.9512934e+03  -4.4366197e+01
   2.0002085e+03  -4.3732394e+01
   2.0503498e+03  -4.3450704e+01
   2.1017480e+03  -4.3098592e+01
   2.1544347e+03  -4.2605634e+01
   2.2084421e+03  -4.2957746e+01
   2.2638034e+03  -4.3098592e+01
   2.3205525e+03  -4.3380282e+01
   2.3787242e+03  -4.4154930e+01
   2.4383541e+03  -4.4929577e+01
   2.4994788e+03  -4.5281690e+01
   2.5621358e+03  -4.5985915e+01
   2.6263635e+03  -4.6267606e+01
   2.6922013e+03  -4.6267606e+01
   2.7596895e+03  -4.5633803e+01
   2.8288694e+03  -4.5281690e+01
   2.8997836e+03  -4.5000000e+01
   2.9724755e+03  -4.4366197e+01
   3.0469896e+03  -4.4225352e+01
   3.1233716e+03  -4.3732394e+01
   3.2016684e+03  -4.3098592e+01
   3.2819279e+03  -4.2887324e+01
   3.3641993e+03  -4.2464789e+01
   3.4485332e+03  -4.1830986e+01
   3.5349811e+03  -4.1549296e+01
   3.6235961e+03  -4.1619718e+01
   3.7144325e+03  -4.1056338e+01
   3.8075460e+03  -4.0563380e+01
   3.9029937e+03  -4.0000000e+01
   4.0008340e+03  -3.9929577e+01
   4.1011271e+03  -3.9788732e+01
   4.2039342e+03  -3.9295775e+01
   4.3093186e+03  -3.8661972e+01
   4.4173447e+03  -3.8661972e+01
   4.5280788e+03  -3.8098592e+01
   4.6415888e+03  -3.7957746e+01
   4.7579443e+03  -3.7394366e+01
   4.8772166e+03  -3.6760563e+01
   4.9994788e+03  -3.6267606e+01
   5.1248059e+03  -3.5915493e+01
   5.2532747e+03  -3.5352113e+01
   5.3849639e+03  -3.4788732e+01
   5.5199543e+03  -3.4225352e+01
   5.6583287e+03  -3.3661972e+01
   5.8001718e+03  -3.3098592e+01
   5.9455707e+03  -3.2394366e+01
   6.0946144e+03  -3.1760563e+01
   6.2473944e+03  -3.1408451e+01
   6.4040043e+03  -3.0915493e+01
   6.5645400e+03  -3.0070423e+01
   6.7291001e+03  -2.9154930e+01
   6.8977854e+03  -2.8169014e+01
   7.0706993e+03  -2.7183099e+01
   7.2479477e+03  -2.5915493e+01
   7.4296395e+03  -2.4577465e+01
   7.6158859e+03  -2.3732394e+01
   7.8068012e+03  -2.3098592e+01
   8.0025023e+03  -2.2816901e+01
   8.2031092e+03  -2.3239437e+01
   8.4087450e+03  -2.4084507e+01
   8.6195357e+03  -2.5774648e+01
   8.8356104e+03  -2.7605634e+01
   9.0571018e+03  -2.9295775e+01
   9.2841454e+03  -3.1056338e+01
   9.5168807e+03  -3.3098592e+01
   9.7554501e+03  -3.5633803e+01
   1.0000000e+04  -3.8169014e+01
   1.0250680e+04  -4.0211268e+01
   1.0507645e+04  -4.1760563e+01
   1.0771051e+04  -4.3450704e+01
   1.1041060e+04  -4.4788732e+01
   1.1317837e+04  -4.5140845e+01
   1.1601553e+04  -4.5633803e+01
   1.1892381e+04  -4.5492958e+01
   1.2190500e+04  -4.4577465e+01
   1.2496091e+04  -4.3591549e+01
   1.2809344e+04  -4.2042254e+01
   1.3130449e+04  -4.0774648e+01
   1.3459603e+04  -3.9014085e+01
   1.3797009e+04  -3.7464789e+01
   1.4142873e+04  -3.5704225e+01
   1.4497407e+04  -3.4225352e+01
   1.4860828e+04  -3.2957746e+01
   1.5233360e+04  -3.1830986e+01
   1.5615230e+04  -3.0563380e+01
   1.6006673e+04  -2.9366197e+01
   1.6407929e+04  -2.8098592e+01
   1.6819243e+04  -2.6690141e+01
   1.7240869e+04  -2.5211268e+01
   1.7673063e+04  -2.4084507e+01
   1.8116092e+04  -2.2957746e+01
   1.8570227e+04  -2.1549296e+01
   1.9035746e+04  -2.0915493e+01
   1.9512934e+04  -2.0492958e+01
   2.0002085e+04  -2.0915493e+01
   2.0503498e+04  -2.1971831e+01
   2.1017480e+04  -2.2816901e+01
   2.1544347e+04  -2.3802817e+01
   2.2084421e+04  -2.4859155e+01
   2.2638034e+04  -2.6197183e+01
   2.3205525e+04  -2.7183099e+01
   2.3787242e+04  -2.8169014e+01
   2.4383541e+04  -2.9436620e+01
   2.4994788e+04  -3.0633803e+01
   2.5621358e+04  -3.1478873e+01
   2.6263635e+04  -3.1971831e+01
   2.6922013e+04  -3.1690141e+01
   2.7596895e+04  -3.1056338e+01
   2.8288694e+04  -3.1056338e+01
   2.8997836e+04  -3.1126761e+01
   2.9724755e+04  -3.2535211e+01
   3.0469896e+04  -3.2957746e+01
   3.1233716e+04  -3.3591549e+01
   3.2016684e+04  -3.3732394e+01
   3.2819279e+04  -3.4154930e+01
   3.3641993e+04  -3.4225352e+01
   3.4485332e+04  -3.5070423e+01
   3.5349811e+04  -3.6056338e+01
   3.6235961e+04  -3.6901408e+01
   3.7144325e+04  -3.7957746e+01
   3.8075460e+04  -3.8943662e+01
   3.9029937e+04  -4.0140845e+01
   4.0008340e+04  -4.1197183e+01
   4.1011271e+04  -4.1971831e+01
   4.2039342e+04  -4.3028169e+01
   4.3093186e+04  -4.3943662e+01
   4.4173447e+04  -4.5352113e+01
   4.5280788e+04  -4.7605634e+01
   4.6415888e+04  -5.0563380e+01
   4.7579443e+04  -5.2816901e+01
   4.8772166e+04  -5.3943662e+01
   4.9994788e+04  -5.5070423e+01
   5.1248059e+04  -5.5140845e+01
   5.2532747e+04  -5.2464789e+01
   5.3849639e+04  -4.8028169e+01
   5.5199543e+04  -4.5845070e+01
   5.6583287e+04  -4.4436620e+01
   5.8001718e+04  -4.3591549e+01
   5.9455707e+04  -4.1901408e+01
   6.0946144e+04  -3.9154930e+01
   6.2473944e+04  -3.6338028e+01
   6.4040043e+04  -3.2535211e+01
   6.5645400e+04  -2.9577465e+01
   6.7291001e+04  -2.7464789e+01
   6.8977854e+04  -2.6619718e+01
   7.0706993e+04  -2.7887324e+01
   7.2479477e+04  -2.9295775e+01
   7.4296395e+04  -3.0704225e+01
   7.6158859e+04  -3.1760563e+01
   7.8068012e+04  -3.2535211e+01
   8.0025023e+04  -3.3591549e+01
   8.2031092e+04  -3.4295775e+01
   8.4087450e+04  -3.4788732e+01
   8.6195357e+04  -3.5774648e+01
   8.8356104e+04  -3.6901408e+01
   9.0571018e+04  -3.8169014e+01
   9.2841454e+04  -3.9225352e+01
   9.5168807e+04  -3.9929577e+01
   9.7554501e+04  -3.9929577e+01
   1.0000000e+05  -3.9154930e+01
   1.0250680e+05  -3.7816901e+01
   1.0507645e+05  -3.5985915e+01
   1.0771051e+05  -3.4859155e+01
   1.1041060e+05  -3.4859155e+01
   1.1317837e+05  -3.4859155e+01
   1.1601553e+05  -3.4859155e+01
   1.1892381e+05  -3.5704225e+01
   1.2190500e+05  -3.8380282e+01
   1.2496091e+05  -4.2183099e+01
   1.2809344e+05  -4.6549296e+01
   1.3130449e+05  -5.3309859e+01
   1.3459603e+05  -6.0422535e+01
   1.3797009e+05  -6.7464789e+01
   1.4142873e+05  -6.1690141e+01
   1.4497407e+05  -5.0915493e+01
   1.4860828e+05  -4.0492958e+01
   1.5233360e+05  -3.8873239e+01
   1.5615230e+05  -3.9859155e+01
   1.6006673e+05  -4.1056338e+01
   1.6407929e+05  -4.1760563e+01
   1.6819243e+05  -4.1830986e+01
   1.7240869e+05  -4.1126761e+01
   1.7673063e+05  -3.9084507e+01
   1.8116092e+05  -3.5704225e+01
   1.8570227e+05  -3.4014085e+01
   1.9035746e+05  -3.4718310e+01
   1.9512934e+05  -3.8521127e+01
   2.0002085e+05  -4.2816901e+01
   2.0503498e+05  -4.7183099e+01
   2.1017480e+05  -5.1549296e+01
   2.1544347e+05  -5.4859155e+01
   2.2084421e+05  -5.2253521e+01
   2.2638034e+05  -4.9366197e+01
   2.3205525e+05  -4.6338028e+01
   2.3787242e+05  -4.3450704e+01
   2.4383541e+05  -4.0492958e+01
   2.4994788e+05  -3.7464789e+01
   2.5621358e+05  -3.5704225e+01
   2.6263635e+05  -3.5492958e+01
   2.6922013e+05  -3.5492958e+01
   2.7596895e+05  -3.6549296e+01
   2.8288694e+05  -3.8098592e+01
   2.8997836e+05  -4.0000000e+01
   2.9724755e+05  -4.1197183e+01
   3.0469896e+05  -4.1197183e+01
   3.1233716e+05  -4.1408451e+01
   3.2016684e+05  -4.2746479e+01
   3.2819279e+05  -4.4225352e+01
   3.3641993e+05  -4.5000000e+01
   3.4485332e+05  -4.4859155e+01
   3.5349811e+05  -4.4225352e+01
   3.6235961e+05  -4.3309859e+01
   3.7144325e+05  -4.2183099e+01
   3.8075460e+05  -4.1126761e+01
   3.9029937e+05  -3.9366197e+01
   4.0008340e+05  -3.8098592e+01
   4.1011271e+05  -3.8591549e+01
   4.2039342e+05  -4.1056338e+01
   4.3093186e+05  -4.4295775e+01
   4.4173447e+05  -4.8239437e+01
   4.5280788e+05  -4.7676056e+01
   4.6415888e+05  -4.4154930e+01
   4.7579443e+05  -4.1056338e+01
   4.8772166e+05  -3.9366197e+01
   4.9994788e+05  -3.9929577e+01
   5.1248059e+05  -4.2605634e+01
   5.2532747e+05  -4.7183099e+01
   5.3849639e+05  -5.1901408e+01
   5.5199543e+05  -5.6056338e+01
   5.6583287e+05  -5.5774648e+01
   5.8001718e+05  -5.4929577e+01
   5.9455707e+05  -5.3873239e+01
   6.0946144e+05  -5.2746479e+01
   6.2473944e+05  -5.3450704e+01
   6.4040043e+05  -5.7816901e+01
   6.5645400e+05  -6.0774648e+01
   6.7291001e+05  -5.2957746e+01
   6.8977854e+05  -4.7535211e+01
   7.0706993e+05  -4.5633803e+01
   7.2479477e+05  -4.4295775e+01
   7.4296395e+05  -4.3732394e+01
   7.6158859e+05  -4.4366197e+01
   7.8068012e+05  -4.3380282e+01
   8.0025023e+05  -4.0774648e+01
   8.2031092e+05  -3.9014085e+01
   8.4087450e+05  -3.8028169e+01
   8.6195357e+05  -3.8028169e+01
   8.8356104e+05  -3.8028169e+01
   9.0571018e+05  -3.9154930e+01
   9.2841454e+05  -3.9929577e+01
   9.5168807e+05  -3.8591549e+01
   9.7554501e+05  -3.8028169e+01
   1.0000000e+06  -3.7394366e+01
   1.0250680e+06  -3.8380282e+01
   1.0507645e+06  -3.9859155e+01
   1.0771051e+06  -4.0352113e+01
   1.1041060e+06  -3.9929577e+01
   1.1317837e+06  -3.9929577e+01
   1.1601553e+06  -3.9929577e+01
   1.1892381e+06  -3.9366197e+01
   1.2190500e+06  -3.8943662e+01
   1.2496091e+06  -3.7887324e+01
   1.2809344e+06  -3.4788732e+01
   1.3130449e+06  -3.2323944e+01
   1.3459603e+06  -3.1690141e+01
   1.3797009e+06  -3.1690141e+01
   1.4142873e+06  -3.2112676e+01
   1.4497407e+06  -3.2605634e+01
   1.4860828e+06  -3.2957746e+01
   1.5233360e+06  -3.3591549e+01
   1.5615230e+06  -3.4225352e+01
   1.6006673e+06  -3.4718310e+01
   1.6407929e+06  -3.4084507e+01
   1.6819243e+06  -3.2112676e+01
   1.7240869e+06  -2.9929577e+01
   1.7673063e+06  -2.7605634e+01
   1.8116092e+06  -2.5633803e+01
   1.8570227e+06  -2.4084507e+01
   1.9035746e+06  -2.4647887e+01
   1.9512934e+06  -2.5352113e+01
   2.0002085e+06  -2.5352113e+01
