   2.9000000e+01  -3.4703557e+01  -4.5586591e+01
   3.8000000e+01  -3.5564339e+01  -4.7847120e+01
   4.7000000e+01  -3.5868808e+01  -4.9578580e+01
   5.6000000e+01  -3.6681246e+01  -5.1220882e+01
   6.5000000e+01  -3.6943528e+01  -5.2321103e+01
   7.4000000e+01  -3.7485145e+01  -5.2898771e+01
   8.3000000e+01  -3.8023715e+01  -5.4180185e+01
   9.2000000e+01  -3.8031032e+01  -5.5091814e+01
   1.0100000e+02  -3.9109715e+01  -5.6173436e+01
   1.1000000e+02  -3.9130435e+01  -5.6822807e+01
   1.1900000e+02  -3.9705256e+01  -5.8262145e+01
   1.2800000e+02  -4.0237154e+01  -5.9242889e+01
   1.3700000e+02  -4.0832839e+01  -5.9826049e+01
   1.4600000e+02  -4.1398224e+01  -6.0605544e+01
   1.5500000e+02  -4.1897233e+01  -6.1686448e+01
   1.6400000e+02  -4.2408394e+01  -6.2267100e+01
   1.7300000e+02  -4.2882673e+01  -6.2784378e+01
   1.8200000e+02  -4.3100681e+01  -6.3308179e+01
   1.9100000e+02  -4.3312209e+01  -6.3336487e+01
   2.0000000e+02  -4.3557312e+01  -6.3694046e+01
   2.0324492e+02  -4.3566611e+01  -6.4043559e+01
   2.0654248e+02  -4.3616657e+01  -6.4392448e+01
   2.0989355e+02  -4.4000505e+01  -6.4827334e+01
   2.1329899e+02  -4.4110672e+01  -6.5276033e+01
   2.1675968e+02  -4.4110672e+01  -6.5725116e+01
   2.2027651e+02  -4.4203201e+01  -6.6105115e+01
   2.2385041e+02  -4.4544594e+01  -6.6154355e+01
   2.2748229e+02  -4.4644426e+01  -6.6533148e+01
   2.3117310e+02  -4.4704159e+01  -6.6967330e+01
   2.3492379e+02  -4.4954214e+01  -6.7416284e+01
   2.3873533e+02  -4.5217391e+01  -6.7765196e+01
   2.4260871e+02  -4.5217391e+01  -6.7822340e+01
   2.4654494e+02  -4.5217391e+01  -6.8220702e+01
   2.5054503e+02  -4.5393706e+01  -6.8737558e+01
   2.5461002e+02  -4.5625964e+01  -6.9202550e+01
   2.5874097e+02  -4.5770751e+01  -6.9634614e+01
   2.6293893e+02  -4.5770751e+01  -7.0154179e+01
   2.6720501e+02  -4.5770751e+01  -7.0852768e+01
   2.7154030e+02  -4.6058984e+01  -7.1463862e+01
   2.7594593e+02  -4.6249094e+01  -7.2221417e+01
   2.8042304e+02  -4.6324111e+01  -7.3090669e+01
   2.8497279e+02  -4.6391717e+01  -7.3910727e+01
   2.8959636e+02  -4.6639855e+01  -7.4360108e+01
   2.9429494e+02  -4.6839482e+01  -7.4855550e+01
   2.9906976e+02  -4.6877470e+01  -7.5675398e+01
   3.0392204e+02  -4.6877470e+01  -7.6793374e+01
   3.0885305e+02  -4.6877470e+01  -7.8092904e+01
   3.1386407e+02  -4.6883519e+01  -7.9385809e+01
   3.1895638e+02  -4.6933512e+01  -8.0382927e+01
   3.2413132e+02  -4.7262056e+01  -8.0350527e+01
   3.2939022e+02  -4.7369346e+01  -7.7691284e+01
   3.3473444e+02  -4.7487718e+01  -7.3588989e+01
   3.4016537e+02  -4.7737746e+01  -7.0352516e+01
   3.4568441e+02  -4.7984190e+01  -6.7704015e+01
   3.5129300e+02  -4.7984190e+01  -6.6755912e+01
   3.5699259e+02  -4.8257838e+01  -6.6887308e+01
   3.6278465e+02  -4.8469706e+01  -6.7936729e+01
   3.6867068e+02  -4.8666165e+01  -6.9600765e+01
   3.7465221e+02  -4.9034034e+01  -7.1100586e+01
   3.8073079e+02  -4.9084004e+01  -7.2359135e+01
   3.8690799e+02  -4.9090909e+01  -7.3965234e+01
   3.9318541e+02  -4.9090909e+01  -7.5883856e+01
   3.9956469e+02  -4.9271003e+01  -7.7919129e+01
   4.0604746e+02  -4.9644269e+01  -7.9747088e+01
   4.1263541e+02  -4.9644269e+01  -8.0794156e+01
   4.1933025e+02  -4.9691259e+01  -8.1085755e+01
   4.2613372e+02  -4.9989097e+01  -8.1071904e+01
   4.3304756e+02  -5.0245419e+01  -8.0669478e+01
   4.4007358e+02  -5.0382757e+01  -7.9721055e+01
   4.4721360e+02  -5.0630010e+01  -7.9220684e+01
   4.5446945e+02  -5.0729818e+01  -7.9594657e+01
   4.6184303e+02  -5.1026177e+01  -7.9064776e+01
   4.6933625e+02  -5.1236943e+01  -7.8005670e+01
   4.7695104e+02  -5.1304348e+01  -7.6921787e+01
   4.8468937e+02  -5.1304348e+01  -7.5470359e+01
   4.9255326e+02  -5.1304348e+01  -7.4023007e+01
   5.0054474e+02  -5.1607302e+01  -7.2862727e+01
   5.0866587e+02  -5.1829935e+01  -7.2155955e+01
   5.1691877e+02  -5.2080977e+01  -7.1765959e+01
   5.2530556e+02  -5.2411067e+01  -7.1259801e+01
   5.3382843e+02  -5.2411067e+01  -7.0610330e+01
   5.4248958e+02  -5.2552659e+01  -6.9880834e+01
   5.5129125e+02  -5.2702459e+01  -6.9329649e+01
   5.6023572e+02  -5.2852387e+01  -6.8911982e+01
   5.6932532e+02  -5.2964427e+01  -6.8438945e+01
   5.7856239e+02  -5.2975893e+01  -6.7788659e+01
   5.8794933e+02  -5.3424605e+01  -6.7314650e+01
   5.9748857e+02  -5.3517787e+01  -6.6929041e+01
   6.0718257e+02  -5.3770105e+01  -6.6620004e+01
   6.1703386e+02  -5.4087677e+01  -6.6275666e+01
   6.2704498e+02  -5.4163255e+01  -6.5524514e+01
   6.3721853e+02  -5.4462901e+01  -6.5062119e+01
   6.4755714e+02  -5.4588474e+01  -6.4937885e+01
   6.5806349e+02  -5.4624506e+01  -6.4714907e+01
   6.6874030e+02  -5.4808536e+01  -6.4382977e+01
   6.7959034e+02  -5.5195788e+01  -6.4366158e+01
   6.9061642e+02  -5.5295855e+01  -6.3916263e+01
   7.0182139e+02  -5.5632439e+01  -6.3466301e+01
   7.1320815e+02  -5.6053249e+01  -6.2987374e+01
   7.2477966e+02  -5.6308841e+01  -6.2520826e+01
   7.3653892e+02  -5.6448400e+01  -6.2164896e+01
   7.4848896e+02  -5.6848596e+01  -6.2164123e+01
   7.6063289e+02  -5.7247517e+01  -6.1767172e+01
   7.7297385e+02  -5.7409078e+01  -6.1316955e+01
   7.8551503e+02  -5.7677494e+01  -6.0908292e+01
   7.9825969e+02  -5.8093784e+01  -6.0547843e+01
   8.1121113e+02  -5.8538731e+01  -6.0146845e+01
   8.2437270e+02  -5.8938140e+01  -5.9890828e+01
   8.3774781e+02  -5.9337080e+01  -5.9567689e+01
   8.5133992e+02  -5.9736366e+01  -5.9316571e+01
   8.6515256e+02  -6.0217025e+01  -5.9058728e+01
   8.7918931e+02  -6.0799134e+01  -5.8517121e+01
   8.9345380e+02  -6.1298844e+01  -5.8216917e+01
   9.0794972e+02  -6.1656102e+01  -5.7876412e+01
   9.2268083e+02  -6.2005432e+01  -5.7698445e+01
   9.3765095e+02  -6.2474831e+01  -5.7526886e+01
   9.5286396e+02  -6.3041331e+01  -5.7143238e+01
   9.6832379e+02  -6.3507429e+01  -5.6892626e+01
   9.8403444e+02  -6.3956428e+01  -5.6686566e+01
   1.0000000e+03  -6.4405233e+01  -5.6355482e+01
   1.0110250e+03  -6.4711602e+01  -5.6087100e+01
   1.0221716e+03  -6.5017783e+01  -5.5848932e+01
   1.0334411e+03  -6.5323630e+01  -5.5657204e+01
   1.0448348e+03  -6.5630457e+01  -5.5554614e+01
   1.0563541e+03  -6.5691700e+01  -5.5341515e+01
   1.0680004e+03  -6.5691700e+01  -5.5034146e+01
   1.0797752e+03  -6.5691700e+01  -5.4752889e+01
   1.0916797e+03  -6.5685237e+01  -5.4479033e+01
   1.1037155e+03  -6.5651251e+01  -5.3859779e+01
   1.1158840e+03  -6.5407600e+01  -5.3261390e+01
   1.1281866e+03  -6.4827223e+01  -5.3023304e+01
   1.1406249e+03  -6.4227259e+01  -5.2794911e+01
   1.1532003e+03  -6.3611307e+01  -5.2590328e+01
   1.1659144e+03  -6.2989718e+01  -5.2402943e+01
   1.1787686e+03  -6.2361593e+01  -5.2232007e+01
   1.1917646e+03  -6.1685605e+01  -5.1965822e+01
   1.2049038e+03  -6.1000108e+01  -5.1657904e+01
   1.2181879e+03  -6.0319012e+01  -5.1413160e+01
   1.2316185e+03  -5.9526245e+01  -5.1170281e+01
   1.2451971e+03  -5.8500836e+01  -5.0898350e+01
   1.2589254e+03  -5.7652374e+01  -5.0624985e+01
   1.2728051e+03  -5.6968262e+01  -5.0352475e+01
   1.2868378e+03  -5.6212612e+01  -4.9997997e+01
   1.3010252e+03  -5.5423804e+01  -4.9554556e+01
   1.3153691e+03  -5.4735083e+01  -4.9157965e+01
   1.3298710e+03  -5.4066254e+01  -4.8781866e+01
   1.3445329e+03  -5.3521676e+01  -4.8260727e+01
   1.3593564e+03  -5.2876156e+01  -4.7709115e+01
   1.3743433e+03  -5.2022254e+01  -4.7098133e+01
   1.3894955e+03  -5.1363541e+01  -4.6422590e+01
   1.4048147e+03  -5.0885080e+01  -4.5572403e+01
   1.4203028e+03  -5.0309975e+01  -4.4796817e+01
   1.4359617e+03  -4.9693104e+01  -4.4115115e+01
   1.4517932e+03  -4.9049270e+01  -4.3456480e+01
   1.4677993e+03  -4.8393047e+01  -4.2807459e+01
   1.4839818e+03  -4.7703645e+01  -4.1991549e+01
   1.5003427e+03  -4.6934374e+01  -4.1144335e+01
   1.5168840e+03  -4.5943988e+01  -4.0533560e+01
   1.5336077e+03  -4.4873630e+01  -3.9980115e+01
   1.5505158e+03  -4.3709041e+01  -3.9639841e+01
   1.5676103e+03  -4.2682302e+01  -3.9312881e+01
   1.5848932e+03  -4.1721940e+01  -3.9005929e+01
   1.6023667e+03  -4.1150062e+01  -3.8761706e+01
   1.6200328e+03  -4.0652870e+01  -3.8556460e+01
   1.6378937e+03  -4.0415092e+01  -3.8516471e+01
   1.6559515e+03  -4.0254628e+01  -3.8517875e+01
   1.6742084e+03  -4.0322620e+01  -3.9364631e+01
   1.6926666e+03  -4.0558875e+01  -4.0230649e+01
   1.7113283e+03  -4.1001051e+01  -4.1147134e+01
   1.7301957e+03  -4.1485878e+01  -4.2027104e+01
   1.7492712e+03  -4.1997002e+01  -4.2843431e+01
   1.7685569e+03  -4.2589767e+01  -4.3580341e+01
   1.7880553e+03  -4.3202965e+01  -4.4261973e+01
   1.8077687e+03  -4.3778151e+01  -4.4914281e+01
   1.8276994e+03  -4.4357201e+01  -4.5563182e+01
   1.8478498e+03  -4.4933589e+01  -4.6338394e+01
   1.8682224e+03  -4.5511665e+01  -4.7106414e+01
   1.8888196e+03  -4.6089257e+01  -4.7784925e+01
   1.9096439e+03  -4.6679617e+01  -4.8356972e+01
   1.9306977e+03  -4.7280841e+01  -4.8730709e+01
   1.9519837e+03  -4.7658180e+01  -4.9216584e+01
   1.9735044e+03  -4.8007370e+01  -4.9795695e+01
   1.9952623e+03  -4.8515150e+01  -5.0372607e+01
   2.0172601e+03  -4.9002238e+01  -5.0952950e+01
   2.0395005e+03  -4.9409494e+01  -5.1305856e+01
   2.0619860e+03  -4.9774449e+01  -5.1642313e+01
   2.0847195e+03  -5.0080668e+01  -5.1947250e+01
   2.1077035e+03  -5.0428384e+01  -5.2253559e+01
   2.1309410e+03  -5.0803332e+01  -5.2559144e+01
   2.1544347e+03  -5.1203802e+01  -5.2864930e+01
   2.1781874e+03  -5.1612381e+01  -5.3171166e+01
   2.2022019e+03  -5.1747948e+01  -5.3476426e+01
   2.2264813e+03  -5.1917887e+01  -5.3783313e+01
   2.2510283e+03  -5.2223335e+01  -5.4088048e+01
   2.2758459e+03  -5.2529774e+01  -5.4391482e+01
   2.3009372e+03  -5.2835868e+01  -5.4662387e+01
   2.3263051e+03  -5.3141785e+01  -5.4984814e+01
   2.3519526e+03  -5.3448525e+01  -5.5426300e+01
   2.3778830e+03  -5.3753920e+01  -5.5835169e+01
   2.4040992e+03  -5.4061308e+01  -5.6209447e+01
   2.4306044e+03  -5.4300684e+01  -5.6629088e+01
   2.4574019e+03  -5.4550433e+01  -5.7072454e+01
   2.4844948e+03  -5.4855757e+01  -5.7393978e+01
   2.5118864e+03  -5.5078788e+01  -5.7700976e+01
   2.5395800e+03  -5.5146852e+01  -5.8005706e+01
   2.5675790e+03  -5.5344457e+01  -5.8330143e+01
   2.5958866e+03  -5.5651078e+01  -5.8703500e+01
   2.6245063e+03  -5.5956569e+01  -5.9139715e+01
   2.6534415e+03  -5.6263838e+01  -5.9650113e+01
   2.6826958e+03  -5.6568806e+01  -6.0048956e+01
   2.7122726e+03  -5.6867523e+01  -6.0389769e+01
   2.7421754e+03  -5.7104974e+01  -6.0728609e+01
   2.7724080e+03  -5.7300584e+01  -6.1076828e+01
   2.8029739e+03  -5.7402625e+01  -6.1584889e+01
   2.8338767e+03  -5.7591252e+01  -6.2064438e+01
   2.8651203e+03  -5.7863738e+01  -6.2437668e+01
   2.8967083e+03  -5.8159223e+01  -6.2782850e+01
   2.9286446e+03  -5.8466373e+01  -6.3088774e+01
   2.9609329e+03  -5.8771436e+01  -6.3394286e+01
   2.9935773e+03  -5.9069595e+01  -6.3700861e+01
   3.0265816e+03  -5.9273075e+01  -6.4005848e+01
   3.0599497e+03  -5.9506294e+01  -6.4315796e+01
   3.0936857e+03  -5.9812027e+01  -6.4891473e+01
   3.1277937e+03  -6.0021888e+01  -6.5422942e+01
   3.1622777e+03  -6.0124105e+01  -6.5762079e+01
   3.1971418e+03  -6.0452274e+01  -6.6209805e+01
   3.2323904e+03  -6.0895502e+01  -6.6821972e+01
   3.2680276e+03  -6.1161460e+01  -6.7273615e+01
   3.3040577e+03  -6.1400578e+01  -6.7614197e+01
   3.3404850e+03  -6.1637844e+01  -6.8006405e+01
   3.3773139e+03  -6.1968047e+01  -6.8416079e+01
   3.4145489e+03  -6.2578459e+01  -6.8888688e+01
   3.4521944e+03  -6.3108844e+01  -6.9389479e+01
   3.4902549e+03  -6.3532822e+01  -7.0000140e+01
   3.5287350e+03  -6.3803923e+01  -7.0538713e+01
   3.5676394e+03  -6.4008760e+01  -7.0946510e+01
   3.6069727e+03  -6.4302431e+01  -7.1581770e+01
   3.6467397e+03  -6.4609706e+01  -7.2399628e+01
   3.6869451e+03  -6.4914763e+01  -7.3418562e+01
   3.7275937e+03  -6.5221519e+01  -7.4511535e+01
   3.7686905e+03  -6.5527220e+01  -7.5563870e+01
   3.8102404e+03  -6.5833455e+01  -7.6602764e+01
   3.8522484e+03  -6.6139802e+01  -7.7518707e+01
   3.8947195e+03  -6.6556648e+01  -7.8234395e+01
   3.9376589e+03  -6.7033843e+01  -7.8540008e+01
   3.9810717e+03  -6.7450855e+01  -7.8630859e+01
   4.0249631e+03  -6.7857714e+01  -7.8528067e+01
   4.0693384e+03  -6.8196468e+01  -7.8156266e+01
   4.1142030e+03  -6.8584595e+01  -7.7677492e+01
   4.1595622e+03  -6.9127264e+01  -7.7326464e+01
   4.2054214e+03  -6.9699886e+01  -7.6958095e+01
   4.2517863e+03  -7.0311487e+01  -7.6380730e+01
   4.2986623e+03  -7.0798107e+01  -7.5800504e+01
   4.3460552e+03  -7.1207054e+01  -7.5221911e+01
   4.3939706e+03  -7.1722758e+01  -7.4659537e+01
   4.4424142e+03  -7.2268844e+01  -7.4113789e+01
   4.4913919e+03  -7.2709156e+01  -7.3616401e+01
   4.5409096e+03  -7.3183969e+01  -7.3137790e+01
   4.5909732e+03  -7.3793988e+01  -7.2572247e+01
   4.6415888e+03  -7.4431564e+01  -7.1988168e+01
   4.6927625e+03  -7.5110576e+01  -7.1377078e+01
   4.7445003e+03  -7.5655545e+01  -7.0781089e+01
   4.7968085e+03  -7.6098278e+01  -7.0236685e+01
   4.8496934e+03  -7.6436677e+01  -6.9707154e+01
   4.9031614e+03  -7.6744009e+01  -6.9195656e+01
   4.9572189e+03  -7.6952334e+01  -6.8707625e+01
   5.0118723e+03  -7.7064010e+01  -6.8229176e+01
   5.0671283e+03  -7.6621628e+01  -6.7782544e+01
   5.1229936e+03  -7.6084097e+01  -6.7349358e+01
   5.1794747e+03  -7.5367074e+01  -6.7145380e+01
   5.2365785e+03  -7.4668373e+01  -6.6890910e+01
   5.2943119e+03  -7.3984094e+01  -6.6482614e+01
   5.3526818e+03  -7.3428948e+01  -6.6058602e+01
   5.4116953e+03  -7.2914992e+01  -6.5615384e+01
   5.4713593e+03  -7.2404952e+01  -6.5428823e+01
   5.5316812e+03  -7.1872106e+01  -6.5394169e+01
   5.5926681e+03  -7.1224997e+01  -6.5136364e+01
   5.6543274e+03  -7.0667821e+01  -6.4828162e+01
   5.7166665e+03  -7.0292802e+01  -6.4522563e+01
   5.7796929e+03  -6.9954238e+01  -6.4264998e+01
   5.8434141e+03  -6.9646829e+01  -6.4196533e+01
   5.9078379e+03  -6.9340517e+01  -6.4059299e+01
   5.9729720e+03  -6.9032443e+01  -6.3820481e+01
   6.0388241e+03  -6.8599670e+01  -6.3541313e+01
   6.1054023e+03  -6.8159069e+01  -6.3233759e+01
   6.1727145e+03  -6.7750836e+01  -6.2927658e+01
   6.2407688e+03  -6.7351958e+01  -6.2619450e+01
   6.3095734e+03  -6.6976987e+01  -6.2548101e+01
   6.3791366e+03  -6.6637601e+01  -6.2448733e+01
   6.4494668e+03  -6.6330231e+01  -6.2210502e+01
   6.5205723e+03  -6.6073088e+01  -6.1946092e+01
   6.5924618e+03  -6.5833576e+01  -6.1639295e+01
   6.6651438e+03  -6.5627090e+01  -6.1371047e+01
   6.7386272e+03  -6.5413881e+01  -6.1131802e+01
   6.8129207e+03  -6.5141928e+01  -6.1022599e+01
   6.8880333e+03  -6.4793956e+01  -6.0953720e+01
   6.9639740e+03  -6.4282412e+01  -6.0917794e+01
   7.0407520e+03  -6.3875050e+01  -6.0852713e+01
   7.1183765e+03  -6.3567727e+01  -6.0614564e+01
   7.1968567e+03  -6.3269180e+01  -6.0445125e+01
   7.2762022e+03  -6.2972315e+01  -6.0410580e+01
   7.3564225e+03  -6.2896393e+01  -6.0230571e+01
   7.4375273e+03  -6.2858502e+01  -5.9923226e+01
   7.5195262e+03  -6.2722728e+01  -5.9839791e+01
   7.6024291e+03  -6.2586083e+01  -5.9839263e+01
   7.6862461e+03  -6.2450017e+01  -5.9619278e+01
   7.7709871e+03  -6.2241094e+01  -5.9395750e+01
   7.8566625e+03  -6.1934059e+01  -5.9293421e+01
   7.9432823e+03  -6.1669877e+01  -5.9137749e+01
   8.0308572e+03  -6.1430626e+01  -5.8865168e+01
   8.1193976e+03  -6.1332073e+01  -5.8729383e+01
   8.2089142e+03  -6.1260689e+01  -5.8728855e+01
   8.2994176e+03  -6.1023028e+01  -5.8633499e+01
   8.3909189e+03  -6.0783758e+01  -5.8496363e+01
   8.4834290e+03  -6.0545583e+01  -5.8178365e+01
   8.5769590e+03  -6.0348457e+01  -5.7857031e+01
   8.6715202e+03  -6.0212124e+01  -5.7754737e+01
   8.7671239e+03  -6.0158103e+01  -5.7670935e+01
   8.8637816e+03  -6.0158103e+01  -5.7636413e+01
   8.9615050e+03  -6.0049426e+01  -5.7489259e+01
   9.0603058e+03  -5.9912508e+01  -5.7216190e+01
   9.1601959e+03  -5.9742914e+01  -5.7102335e+01
   9.2611873e+03  -5.9604743e+01  -5.7067666e+01
   9.3632921e+03  -5.9604743e+01  -5.7062453e+01
   9.4665226e+03  -5.9604743e+01  -5.7061924e+01
   9.5708912e+03  -5.9604743e+01  -5.7061399e+01
   9.6764105e+03  -5.9426877e+01  -5.7060871e+01
   9.7830932e+03  -5.9119320e+01  -5.7060345e+01
   9.8909520e+03  -5.9051383e+01  -5.7059817e+01
   1.0000000e+04  -5.9051383e+01  -5.7059290e+01
   1.0110250e+04  -5.9051383e+01  -5.7058764e+01
   1.0221716e+04  -5.9051383e+01  -5.7058235e+01
   1.0334411e+04  -5.9051383e+01  -5.7057710e+01
   1.0448348e+04  -5.9051383e+01  -5.7057181e+01
   1.0563541e+04  -5.9051383e+01  -5.7056656e+01
   1.0680004e+04  -5.8918651e+01  -5.7011546e+01
   1.0797752e+04  -5.8679572e+01  -5.6807186e+01
   1.0916797e+04  -5.8569730e+01  -5.6672182e+01
   1.1037155e+04  -5.8501325e+01  -5.6637611e+01
   1.1158840e+04  -5.8498024e+01  -5.6582521e+01
   1.1281866e+04  -5.8498024e+01  -5.6513759e+01
   1.1406249e+04  -5.8498024e+01  -5.6472470e+01
   1.1532003e+04  -5.8498024e+01  -5.6437751e+01
   1.1659144e+04  -5.8498024e+01  -5.6167196e+01
   1.1787686e+04  -5.8443556e+01  -5.5868054e+01
   1.1917646e+04  -5.8341180e+01  -5.5459999e+01
   1.2049038e+04  -5.7940870e+01  -5.4804750e+01
   1.2181879e+04  -5.7426980e+01  -5.3749199e+01
   1.2316185e+04  -5.6916887e+01  -5.2752622e+01
   1.2451971e+04  -5.6363539e+01  -5.1797143e+01
   1.2589254e+04  -5.5545638e+01  -5.0584901e+01
   1.2728051e+04  -5.4667733e+01  -4.9285609e+01
   1.2868378e+04  -5.3676517e+01  -4.7964161e+01
   1.3010252e+04  -5.2757590e+01  -4.6669392e+01
   1.3153691e+04  -5.1901703e+01  -4.5582490e+01
   1.3298710e+04  -5.0998661e+01  -4.4693336e+01
   1.3445329e+04  -5.0071984e+01  -4.4182488e+01
   1.3593564e+04  -4.9376102e+01  -4.4003716e+01
   1.3743433e+04  -4.8764977e+01  -4.4105470e+01
   1.3894955e+04  -4.8629052e+01  -4.4707495e+01
   1.4048147e+04  -4.8593750e+01  -4.5492793e+01
   1.4203028e+04  -4.8763795e+01  -4.6556831e+01
   1.4359617e+04  -4.9076002e+01  -4.7683551e+01
   1.4517932e+04  -4.9518533e+01  -4.9040534e+01
   1.4677993e+04  -4.9644269e+01  -5.0100239e+01
   1.4839818e+04  -4.9644269e+01  -5.0507831e+01
   1.5003427e+04  -4.8587167e+01  -5.0480645e+01
   1.5168840e+04  -4.7477770e+01  -5.0037047e+01
   1.5336077e+04  -4.6821323e+01  -4.9235099e+01
   1.5505158e+04  -4.6248086e+01  -4.8278236e+01
   1.5676103e+04  -4.5941651e+01  -4.7633660e+01
   1.5848932e+04  -4.5664853e+01  -4.7073432e+01
   1.6023667e+04  -4.5426070e+01  -4.7038980e+01
   1.6200328e+04  -4.5296776e+01  -4.7004348e+01
   1.6378937e+04  -4.5228455e+01  -4.6969823e+01
   1.6559515e+04  -4.5217391e+01  -4.6886186e+01
   1.6742084e+04  -4.5216247e+01  -4.6749376e+01
   1.6926666e+04  -4.5182319e+01  -4.6635827e+01
   1.7113283e+04  -4.5163639e+01  -4.6532869e+01
   1.7301957e+04  -4.5197630e+01  -4.6519106e+01
   1.7492712e+04  -4.5217391e+01  -4.6518577e+01
   1.7685569e+04  -4.5217391e+01  -4.6518052e+01
   1.7880553e+04  -4.5217391e+01  -4.6517524e+01
   1.8077687e+04  -4.5217391e+01  -4.6516998e+01
   1.8276994e+04  -4.5382549e+01  -4.6516471e+01
   1.8478498e+04  -4.5586961e+01  -4.6515944e+01
   1.8682224e+04  -4.5688653e+01  -4.6340398e+01
   1.8888196e+04  -4.5831624e+01  -4.6066816e+01
   1.9096439e+04  -4.6137080e+01  -4.5994025e+01
   1.9306977e+04  -4.6324111e+01  -4.5960474e+01
   1.9519837e+04  -4.6324111e+01  -4.5959950e+01
   1.9735044e+04  -4.6324111e+01  -4.5959421e+01
   1.9952623e+04  -4.6324111e+01  -4.5958895e+01
   2.0172601e+04  -4.6324111e+01  -4.5844311e+01
   2.0395005e+04  -4.6324111e+01  -4.5571404e+01
   2.0619860e+04  -4.6257799e+01  -4.5444613e+01
   2.0847195e+04  -4.6177773e+01  -4.5409964e+01
   2.1077035e+04  -4.6041795e+01  -4.5402901e+01
   2.1309410e+04  -4.5917793e+01  -4.5402372e+01
   2.1544347e+04  -4.5815605e+01  -4.5401847e+01
   2.1781874e+04  -4.5770751e+01  -4.5348075e+01
   2.2022019e+04  -4.5770751e+01  -4.5075839e+01
   2.2264813e+04  -4.5667829e+01  -4.4895181e+01
   2.2510283e+04  -4.5530974e+01  -4.4860618e+01
   2.2758459e+04  -4.5362772e+01  -4.4746971e+01
   2.3009372e+04  -4.5217391e+01  -4.4575901e+01
   2.3263051e+04  -4.5217391e+01  -4.4431947e+01
   2.3519526e+04  -4.5205690e+01  -4.4294694e+01
   2.3778830e+04  -4.5171646e+01  -4.4290384e+01
   2.4040992e+04  -4.5064283e+01  -4.4284246e+01
   2.4306044e+04  -4.4893598e+01  -4.4249768e+01
   2.4574019e+04  -4.4773532e+01  -4.4202996e+01
   2.4844948e+04  -4.4670930e+01  -4.4134421e+01
   2.5118864e+04  -4.4474073e+01  -4.4084570e+01
   2.5395800e+04  -4.4282000e+01  -4.4049945e+01
   2.5675790e+04  -4.4180080e+01  -4.3914233e+01
   2.5958866e+04  -4.4110672e+01  -4.3742857e+01
   2.6245063e+04  -4.4110672e+01  -4.3540894e+01
   2.6534415e+04  -4.3987423e+01  -4.3358282e+01
   2.6826958e+04  -4.3748448e+01  -4.3323816e+01
   2.7122726e+04  -4.3631732e+01  -4.3278082e+01
   2.7421754e+04  -4.3563357e+01  -4.3209530e+01
   2.7724080e+04  -4.3526393e+01  -4.3176287e+01
   2.8029739e+04  -4.3474098e+01  -4.3175759e+01
   2.8338767e+04  -4.3270218e+01  -4.3029715e+01
   2.8651203e+04  -4.3106400e+01  -4.2824240e+01
   2.8967083e+04  -4.3038334e+01  -4.2712741e+01
   2.9286446e+04  -4.2970191e+01  -4.2620290e+01
   2.9609329e+04  -4.2901979e+01  -4.2619765e+01
   2.9935773e+04  -4.2716260e+01  -4.2558841e+01
   3.0265816e+04  -4.2476828e+01  -4.2354306e+01
   3.0599497e+04  -4.2450593e+01  -4.2199397e+01
   3.0936857e+04  -4.2450593e+01  -4.2096649e+01
   3.1277937e+04  -4.2450593e+01  -4.2063770e+01
   3.1622777e+04  -4.2431620e+01  -4.2063242e+01
   3.1971418e+04  -4.2363571e+01  -4.2092506e+01
   3.2323904e+04  -4.2327624e+01  -4.2123672e+01
   3.2680276e+04  -4.2327624e+01  -4.2123147e+01
   3.3040577e+04  -4.2441101e+01  -4.2113599e+01
   3.3404850e+04  -4.2611777e+01  -4.2079083e+01
   3.3773139e+04  -4.2781407e+01  -4.2060081e+01
   3.4145489e+04  -4.2928750e+01  -4.2059554e+01
   3.4521944e+04  -4.2690983e+01  -4.1926127e+01
   3.4902549e+04  -4.2503474e+01  -4.1720791e+01
   3.5287350e+04  -4.2469464e+01  -4.1344231e+01
   3.5676394e+04  -4.2328787e+01  -4.0924976e+01
   3.6069727e+04  -4.2055843e+01  -4.0314141e+01
   3.6467397e+04  -4.1936824e+01  -3.9771198e+01
   3.6869451e+04  -4.1902668e+01  -3.9464867e+01
   3.7275937e+04  -4.1640177e+01  -3.9288539e+01
   3.7686905e+04  -4.1331983e+01  -3.9288012e+01
   3.8102404e+04  -4.1026255e+01  -3.9203090e+01
   3.8522484e+04  -4.0734592e+01  -3.9066069e+01
   3.8947195e+04  -4.0496359e+01  -3.9151227e+01
   3.9376589e+04  -4.0301535e+01  -3.9285129e+01
   3.9810717e+04  -4.0165169e+01  -3.9216815e+01
   4.0249631e+04  -3.9965046e+01  -3.9113395e+01
   4.0693384e+04  -3.9725786e+01  -3.8875101e+01
   4.1142030e+04  -3.9263313e+01  -3.8609112e+01
   4.1595622e+04  -3.8751625e+01  -3.8302234e+01
   4.2054214e+04  -3.8343872e+01  -3.7995588e+01
   4.2517863e+04  -3.8023715e+01  -3.7688057e+01
   4.2986623e+04  -3.8023715e+01  -3.7621610e+01
   4.3460552e+04  -3.7896603e+01  -3.7621080e+01
   4.3939706e+04  -3.7589605e+01  -3.7620556e+01
   4.4424142e+04  -3.7470356e+01  -3.7578862e+01
   4.4913919e+04  -3.7470356e+01  -3.7340649e+01
   4.5409096e+04  -3.7415507e+01  -3.7163718e+01
   4.5909732e+04  -3.7347546e+01  -3.7095136e+01
   4.6415888e+04  -3.7381453e+01  -3.7045562e+01
   4.6927625e+04  -3.7354980e+01  -3.7010935e+01
   4.7445003e+04  -3.7082785e+01  -3.6797400e+01
   4.7968085e+04  -3.6809730e+01  -3.6523492e+01
   4.8496934e+04  -3.6536946e+01  -3.6509093e+01
   4.9031614e+04  -3.6405047e+01  -3.6465046e+01
   4.9572189e+04  -3.6370911e+01  -3.6159028e+01
   5.0118723e+04  -3.6123010e+01  -3.5931382e+01
   5.0671283e+04  -3.5814761e+01  -3.5862824e+01
   5.1229936e+04  -3.5810277e+01  -3.5704491e+01
   5.1794747e+04  -3.5767609e+01  -3.5465346e+01
   5.2365785e+04  -3.5529522e+01  -3.5374159e+01
   5.2943119e+04  -3.5265048e+01  -3.5339469e+01
   5.3526818e+04  -3.4958186e+01  -3.5087210e+01
   5.4116953e+04  -3.4690384e+01  -3.4809630e+01
   5.4713593e+04  -3.4451267e+01  -3.4503715e+01
   5.5316812e+04  -3.4265483e+01  -3.4289329e+01
   5.5926681e+04  -3.4094367e+01  -3.4288803e+01
   5.6543274e+04  -3.3826083e+01  -3.4136187e+01
   5.7166665e+04  -3.3546919e+01  -3.3828969e+01
   5.7796929e+04  -3.3240772e+01  -3.3522597e+01
   5.8434141e+04  -3.2933446e+01  -3.3214726e+01
   5.9078379e+04  -3.2626636e+01  -3.2908882e+01
   5.9729720e+04  -3.2319843e+01  -3.2598105e+01
   6.0388241e+04  -3.2012369e+01  -3.2258373e+01
   6.1054023e+04  -3.1359994e+01  -3.1935338e+01
   6.1727145e+04  -3.1325821e+01  -3.1662869e+01
   6.2407688e+04  -3.1351949e+01  -3.1374088e+01
   6.3095734e+04  -3.1437164e+01  -3.1066975e+01
   6.3791366e+04  -3.2105127e+01  -3.1388348e+01
   6.4494668e+04  -3.2847078e+01  -3.2036434e+01
   6.5205723e+04  -3.3728620e+01  -3.3347866e+01
   6.5924618e+04  -3.4944894e+01  -3.4775932e+01
   6.6651438e+04  -3.6469520e+01  -3.6063954e+01
   6.7386272e+04  -3.7894628e+01  -3.7384646e+01
   6.8129207e+04  -3.9287339e+01  -3.8777352e+01
   6.8880333e+04  -4.0371313e+01  -3.9936468e+01
   6.9639740e+04  -4.1367900e+01  -4.0787279e+01
   7.0407520e+04  -4.1672949e+01  -4.1230734e+01
   7.1183765e+04  -4.1897233e+01  -4.1434962e+01
   7.1968567e+04  -4.1897233e+01  -4.1190797e+01
   7.2762022e+04  -4.1755078e+01  -4.0843813e+01
   7.3564225e+04  -4.1447914e+01  -4.0267028e+01
   7.4375273e+04  -4.0983558e+01  -3.9729521e+01
   7.5195262e+04  -4.0435739e+01  -3.9355328e+01
   7.6024291e+04  -3.9920602e+01  -3.9021296e+01
   7.6862461e+04  -3.9414948e+01  -3.8748433e+01
   7.7709871e+04  -3.9041078e+01  -3.8475820e+01
   7.8566625e+04  -3.8656222e+01  -3.8202376e+01
   7.9432823e+04  -3.8247418e+01  -3.7876425e+01
   8.0308572e+04  -3.7884353e+01  -3.7534026e+01
   8.1193976e+04  -3.7577219e+01  -3.7261562e+01
   8.2089142e+04  -3.7381679e+01  -3.7024851e+01
   8.2994176e+04  -3.7244981e+01  -3.6956409e+01
   8.3909189e+04  -3.7080225e+01  -3.6811499e+01
   8.4834290e+04  -3.6902805e+01  -3.6538729e+01
   8.5769590e+04  -3.6597052e+01  -3.6266041e+01
   8.6715202e+04  -3.6322424e+01  -3.5992690e+01
   8.7671239e+04  -3.6152294e+01  -3.5694619e+01
   8.8637816e+04  -3.5996672e+01  -3.5386512e+01
   8.9615050e+04  -3.5860295e+01  -3.5275527e+01
   9.0603058e+04  -3.5637893e+01  -3.5157241e+01
   9.1601959e+04  -3.5364391e+01  -3.4953036e+01
   9.2611873e+04  -3.5148941e+01  -3.4713012e+01
   9.3632921e+04  -3.4945533e+01  -3.4406315e+01
   9.4665226e+04  -3.4809769e+01  -3.4245286e+01
   9.5708912e+04  -3.4673116e+01  -3.4210667e+01
   9.6764105e+04  -3.4537060e+01  -3.4002581e+01
   9.7830932e+04  -3.4386388e+01  -3.3728742e+01
   9.8909520e+04  -3.4215927e+01  -3.3708039e+01
   1.0000000e+05  -3.4108407e+01  -3.3707510e+01
   1.0110250e+05  -3.4040106e+01  -3.3706985e+01
   1.0221716e+05  -3.3972153e+01  -3.3621585e+01
   1.0334411e+05  -3.3902901e+01  -3.3349000e+01
   1.0448348e+05  -3.3733211e+01  -3.3179187e+01
   1.0563541e+05  -3.3562338e+01  -3.3110500e+01
   1.0680004e+05  -3.3392283e+01  -3.2994520e+01
   1.0797752e+05  -3.3235255e+01  -3.2857382e+01
   1.0916797e+05  -3.3098937e+01  -3.2721169e+01
   1.1037155e+05  -3.2861661e+01  -3.2568901e+01
   1.1158840e+05  -3.2554059e+01  -3.2263063e+01
   1.1281866e+05  -3.2463238e+01  -3.1955577e+01
   1.1406249e+05  -3.2429026e+01  -3.1649088e+01
   1.1532003e+05  -3.2160144e+01  -3.1487222e+01
   1.1659144e+05  -3.1917957e+01  -3.1486694e+01
   1.1787686e+05  -3.1815975e+01  -3.1486168e+01
   1.1917646e+05  -3.1739421e+01  -3.1485640e+01
   1.2049038e+05  -3.1705364e+01  -3.1426549e+01
   1.2181879e+05  -3.1690821e+01  -3.1359645e+01
   1.2316185e+05  -3.1690821e+01  -3.1325207e+01
   1.2451971e+05  -3.1640457e+01  -3.1256502e+01
   1.2589254e+05  -3.1574510e+01  -3.1086055e+01
   1.2728051e+05  -3.1757728e+01  -3.0975531e+01
   1.2868378e+05  -3.1383399e+01  -3.0940947e+01
   1.3010252e+05  -3.1383399e+01  -3.0928065e+01
   1.3153691e+05  -3.1383399e+01  -3.0927537e+01
   1.3298710e+05  -3.1383399e+01  -3.0927012e+01
   1.3445329e+05  -3.1235609e+01  -3.0918132e+01
   1.3593564e+05  -3.0928383e+01  -3.0612502e+01
   1.3743433e+05  -3.0645076e+01  -3.0342194e+01
   1.3894955e+05  -3.0371435e+01  -3.0205777e+01
   1.4048147e+05  -3.0308367e+01  -3.0054958e+01
   1.4203028e+05  -3.0276680e+01  -2.9884206e+01
   1.4359617e+05  -3.0276680e+01  -2.9816603e+01
   1.4517932e+05  -3.0194771e+01  -2.9816075e+01
   1.4677993e+05  -2.9888271e+01  -2.9570964e+01
   1.4839818e+05  -2.9628635e+01  -2.9262725e+01
   1.5003427e+05  -2.9423950e+01  -2.8990950e+01
   1.5168840e+05  -2.9287086e+01  -2.8781578e+01
   1.5336077e+05  -2.9184569e+01  -2.8848974e+01
   1.5505158e+05  -2.9082666e+01  -2.8851720e+01
   1.5676103e+05  -2.8974562e+01  -2.8749092e+01
   1.5848932e+05  -2.8770801e+01  -2.8529256e+01
   1.6023667e+05  -2.8599680e+01  -2.8221776e+01
   1.6200328e+05  -2.8531653e+01  -2.8098480e+01
   1.6378937e+05  -2.8388019e+01  -2.8029594e+01
   1.6559515e+05  -2.8149238e+01  -2.7797676e+01
   1.6742084e+05  -2.8063241e+01  -2.7579653e+01
   1.6926666e+05  -2.8063241e+01  -2.7477278e+01
   1.7113283e+05  -2.7864449e+01  -2.7338710e+01
   1.7301957e+05  -2.7630552e+01  -2.7134052e+01
   1.7492712e+05  -2.7562687e+01  -2.7040318e+01
   1.7685569e+05  -2.7509881e+01  -2.7039790e+01
   1.7880553e+05  -2.7509881e+01  -2.7039264e+01
   1.8077687e+05  -2.7380637e+01  -2.7038736e+01
   1.8276994e+05  -2.7073615e+01  -2.6753237e+01
   1.8478498e+05  -2.6809153e+01  -2.6449665e+01
   1.8682224e+05  -2.6569913e+01  -2.6177635e+01
   1.8888196e+05  -2.6470681e+01  -2.5958752e+01
   1.9096439e+05  -2.6399044e+01  -2.5856194e+01
   1.9306977e+05  -2.6093402e+01  -2.5683787e+01
   1.9519837e+05  -2.5828444e+01  -2.5444680e+01
   1.9735044e+05  -2.5726433e+01  -2.5254346e+01
   1.9952623e+05  -2.5582858e+01  -2.5083041e+01
   2.0172601e+05  -2.5378308e+01  -2.4943528e+01
   2.0395005e+05  -2.5255636e+01  -2.4796489e+01
   2.0619860e+05  -2.5187346e+01  -2.4558478e+01
   2.0847195e+05  -2.4984018e+01  -2.4368389e+01
   2.1077035e+05  -2.4744313e+01  -2.4299865e+01
   2.1309410e+05  -2.4743083e+01  -2.4247640e+01
   2.1544347e+05  -2.4685357e+01  -2.4213041e+01
   2.1781874e+05  -2.4379124e+01  -2.4017754e+01
   2.2022019e+05  -2.4084978e+01  -2.3744077e+01
   2.2264813e+05  -2.3812222e+01  -2.3442565e+01
   2.2510283e+05  -2.3658326e+01  -2.3154678e+01
   2.2758459e+05  -2.3590050e+01  -2.3154152e+01
   2.3009372e+05  -2.3363480e+01  -2.3074545e+01
   2.3263051e+05  -2.3089548e+01  -2.2768133e+01
   2.3519526e+05  -2.2784706e+01  -2.2461110e+01
   2.3778830e+05  -2.2517930e+01  -2.2154047e+01
   2.4040992e+05  -2.2449960e+01  -2.1869467e+01
   2.4306044e+05  -2.2319338e+01  -2.1595882e+01
   2.4574019e+05  -2.2080759e+01  -2.1523367e+01
   2.4844948e+05  -2.1803873e+01  -2.1479069e+01
   2.5118864e+05  -2.1496376e+01  -2.1173412e+01
   2.5395800e+05  -2.1190135e+01  -2.0919962e+01
   2.5675790e+05  -2.0881972e+01  -2.0851485e+01
   2.5958866e+05  -2.0869565e+01  -2.0682757e+01
   2.6245063e+05  -2.0822474e+01  -2.0375798e+01
   2.6534415e+05  -2.0516359e+01  -2.0110948e+01
   2.6826958e+05  -2.0256686e+01  -1.9871577e+01
   2.7122726e+05  -2.0086355e+01  -1.9633419e+01
   2.7421754e+05  -1.9934567e+01  -1.9393869e+01
   2.7724080e+05  -1.9798028e+01  -1.9223884e+01
   2.8029739e+05  -1.9535772e+01  -1.9046002e+01
   2.8338767e+05  -1.9227672e+01  -1.8841691e+01
   2.8651203e+05  -1.8921916e+01  -1.8610226e+01
   2.8967083e+05  -1.8613990e+01  -1.8337408e+01
   2.9286446e+05  -1.8307929e+01  -1.8025128e+01
   2.9609329e+05  -1.7977779e+01  -1.7683512e+01
   2.9935773e+05  -1.7602783e+01  -1.7369813e+01
   3.0265816e+05  -1.7173285e+01  -1.7061651e+01
   3.0599497e+05  -1.6694770e+01  -1.6459116e+01
   3.0936857e+05  -1.6206490e+01  -1.5894883e+01
   3.1277937e+05  -1.5711175e+01  -1.5588783e+01
   3.1622777e+05  -1.5232673e+01  -1.5171712e+01
   3.1971418e+05  -1.4744531e+01  -1.4558737e+01
   3.2323904e+05  -1.4132102e+01  -1.3908237e+01
   3.2680276e+05  -1.3516107e+01  -1.3225763e+01
   3.3040577e+05  -1.2902337e+01  -1.2444536e+01
   3.3404850e+05  -1.2303109e+01  -1.1623932e+01
   3.3773139e+05  -1.1722253e+01  -1.0905433e+01
   3.4145489e+05  -1.1120105e+01  -1.0146317e+01
   3.4521944e+05  -1.0503644e+01  -9.1275580e+00
   3.4902549e+05  -9.8615570e+00  -8.1934786e+00
   3.5287350e+05  -9.1977684e+00  -7.4446586e+00
   3.5676394e+05  -8.3463082e+00  -6.7485287e+00
   3.6069727e+05  -7.5166117e+00  -6.1003728e+00
   3.6467397e+05  -6.7660041e+00  -5.8429807e+00
   3.6869451e+05  -6.2496379e+00  -5.7399773e+00
   3.7275937e+05  -6.0108135e+00  -6.3480051e+00
   3.7686905e+05  -6.1294323e+00  -7.0804834e+00
   3.8102404e+05  -6.4364282e+00  -8.2335650e+00
   3.8522484e+05  -7.3156062e+00  -9.5642731e+00
   3.8947195e+05  -8.3550577e+00  -1.1297838e+01
   3.9376589e+05  -1.0672208e+01  -1.2816868e+01
   3.9810717e+05  -1.2789940e+01  -1.4111157e+01
   4.0249631e+05  -1.4107960e+01  -1.5053456e+01
   4.0693384e+05  -1.5505713e+01  -1.5838299e+01
   4.1142030e+05  -1.7017167e+01  -1.6200478e+01
   4.1595622e+05  -1.7988403e+01  -1.6459715e+01
   4.2054214e+05  -1.8669443e+01  -1.6120008e+01
   4.2517863e+05  -1.7978907e+01  -1.5461342e+01
   4.2986623e+05  -1.7011977e+01  -1.3931255e+01
   4.3460552e+05  -1.5927706e+01  -1.2413975e+01
   4.3939706e+05  -1.4742620e+01  -1.0914695e+01
   4.4424142e+05  -1.3134546e+01  -9.3296651e+00
   4.4913919e+05  -1.1521006e+01  -7.6906558e+00
   4.5409096e+05  -9.9092734e+00  -5.6295824e+00
   4.5909732e+05  -8.1967504e+00  -3.5096139e+00
   4.6415888e+05  -6.4081684e+00  -2.1528257e+00
   4.6927625e+05  -4.2410246e+00  -8.7561731e-01
   4.7445003e+05  -1.9816741e+00   1.1029138e-01
   4.7968085e+05  -1.1285171e+00   8.0726066e-01
   4.8496934e+05  -3.5996774e-01   1.1142468e+00
   4.9031614e+05  -1.2196269e-01   1.1671506e+00
   4.9572189e+05  -4.6593694e-02   1.0653086e+00
   5.0118723e+05  -2.8461941e-01   2.1550203e-01
   5.0671283e+05  -7.5398919e-01  -8.1724791e-01
   5.1229936e+05  -1.4253148e+00  -2.4436867e+00
   5.1794747e+05  -2.3683189e+00  -4.1928169e+00
   5.2365785e+05  -3.3900004e+00  -6.3661904e+00
   5.2943119e+05  -5.7812593e+00  -8.8436489e+00
   5.3526818e+05  -8.3094528e+00  -1.1770513e+01
   5.4116953e+05  -1.1326505e+01  -1.4855798e+01
   5.4713593e+05  -1.4462099e+01  -1.8061784e+01
   5.5316812e+05  -1.7806857e+01  -2.0586250e+01
   5.5926681e+05  -2.0201937e+01  -2.2944445e+01
   5.6543274e+05  -2.1861840e+01  -2.4151724e+01
   5.7166665e+05  -2.3039820e+01  -2.5209902e+01
   5.7796929e+05  -2.4060964e+01  -2.5616844e+01
   5.8434141e+05  -2.4159912e+01  -2.5937984e+01
   5.9078379e+05  -2.4150465e+01  -2.6107597e+01
   5.9729720e+05  -2.3844436e+01  -2.6258144e+01
   6.0388241e+05  -2.3658405e+01  -2.6394017e+01
   6.1054023e+05  -2.3726448e+01  -2.6887981e+01
   6.1727145e+05  -2.4075429e+01  -2.7502563e+01
   6.2407688e+05  -2.4687674e+01  -2.7822439e+01
   6.3095734e+05  -2.5034309e+01  -2.8085376e+01
   6.3791366e+05  -2.5273289e+01  -2.8084851e+01
   6.4494668e+05  -2.4897512e+01  -2.8084323e+01
   6.5205723e+05  -2.4431586e+01  -2.8083796e+01
   6.5924618e+05  -2.3784758e+01  -2.7543655e+01
   6.6651438e+05  -2.3083365e+01  -2.6520466e+01
   6.7386272e+05  -2.2263920e+01  -2.5034017e+01
   6.8129207e+05  -2.1443601e+01  -2.3359589e+01
   6.8880333e+05  -2.0622346e+01  -2.1946494e+01
   6.9639740e+05  -2.0067163e+01  -2.0576148e+01
   7.0407520e+05  -1.9622060e+01  -1.9455847e+01
   7.1183765e+05  -1.9210699e+01  -1.8579078e+01
   7.1968567e+05  -1.8830402e+01  -1.8272509e+01
   7.2762022e+05  -1.8728515e+01  -1.8084177e+01
   7.3564225e+05  -1.8746034e+01  -1.8015495e+01
   7.4375273e+05  -1.9051810e+01  -1.8041055e+01
   7.5195262e+05  -1.9506088e+01  -1.8108826e+01
   7.6024291e+05  -2.0118119e+01  -1.8507271e+01
   7.6862461e+05  -2.0522692e+01  -1.8900792e+01
   7.7709871e+05  -2.0829753e+01  -1.8730661e+01
   7.8566625e+05  -2.0336795e+01  -1.8363674e+01
   7.9432823e+05  -1.9686109e+01  -1.7479323e+01
   8.0308572e+05  -1.8594985e+01  -1.6704709e+01
   8.1193976e+05  -1.7674788e+01  -1.6056937e+01
   8.2089142e+05  -1.7231780e+01  -1.5567795e+01
   8.2994176e+05  -1.7171432e+01  -1.5157610e+01
   8.3909189e+05  -1.7545770e+01  -1.5621337e+01
   8.4834290e+05  -1.8008880e+01  -1.6227274e+01
   8.5769590e+05  -1.8520115e+01  -1.6667573e+01
   8.6715202e+05  -1.8710472e+01  -1.7085727e+01
   8.7671239e+05  -1.8850472e+01  -1.7425018e+01
   8.8637816e+05  -1.9053861e+01  -1.7854124e+01
   8.9615050e+05  -1.9258511e+01  -1.8398460e+01
   9.0603058e+05  -1.9462331e+01  -1.8813491e+01
   9.1601959e+05  -1.9622532e+01  -1.9154227e+01
   9.2611873e+05  -1.9724704e+01  -1.9465134e+01
   9.3632921e+05  -1.9933063e+01  -1.9776445e+01
   9.4665226e+05  -2.0205900e+01  -2.0284391e+01
   9.5708912e+05  -2.0254721e+01  -2.0774059e+01
   9.6764105e+05  -2.0255296e+01  -2.1181175e+01
   9.7830932e+05  -2.0289208e+01  -2.1548101e+01