   2.0251240e+01  -1.4577465e+01
   2.1017480e+01  -1.4647887e+01
   2.1812713e+01  -1.5211268e+01
   2.2638034e+01  -1.5704225e+01
   2.3494583e+01  -1.5845070e+01
   2.4383541e+01  -1.5985915e+01
   2.5306134e+01  -1.6338028e+01
   2.6263635e+01  -1.6478873e+01
   2.7257365e+01  -1.6549296e+01
   2.8288694e+01  -1.7112676e+01
   2.9359046e+01  -1.7253521e+01
   3.0469896e+01  -1.7464789e+01
   3.1622777e+01  -1.7746479e+01
   3.2819279e+01  -1.7746479e+01
   3.4061053e+01  -1.8380282e+01
   3.5349811e+01  -1.8380282e+01
   3.6687332e+01  -1.8521127e+01
   3.8075460e+01  -1.9084507e+01
   3.9516111e+01  -1.9647887e+01
   4.1011271e+01  -1.9647887e+01
   4.2563003e+01  -1.9718310e+01
   4.4173447e+01  -2.0281690e+01
   4.5844825e+01  -2.0352113e+01
   4.7579443e+01  -2.0915493e+01
   4.9379693e+01  -2.0915493e+01
   5.1248059e+01  -2.1197183e+01
   5.3187117e+01  -2.1549296e+01
   5.5199543e+01  -2.1830986e+01
   5.7288113e+01  -2.2112676e+01
   5.9455707e+01  -2.2183099e+01
   6.1705316e+01  -2.2464789e+01
   6.4040043e+01  -2.2816901e+01
   6.6463108e+01  -2.3380282e+01
   6.8977854e+01  -2.3450704e+01
   7.1587749e+01  -2.4084507e+01
   7.4296395e+01  -2.4225352e+01
   7.7107527e+01  -2.4718310e+01
   8.0025023e+01  -2.4718310e+01
   8.3052907e+01  -2.5140845e+01
   8.6195357e+01  -2.5422535e+01
   8.9456706e+01  -2.5985915e+01
   9.2841454e+01  -2.6056338e+01
   9.6354271e+01  -2.6619718e+01
   1.0000000e+02  -2.6690141e+01
   1.0378367e+02  -2.7253521e+01
   1.0771051e+02  -2.7253521e+01
   1.1178592e+02  -2.7816901e+01
   1.1601553e+02  -2.7887324e+01
   1.2040518e+02  -2.7957746e+01
   1.2496091e+02  -2.8450704e+01
   1.2968903e+02  -2.8591549e+01
   1.3459603e+02  -2.9154930e+01
   1.3968870e+02  -2.9718310e+01
   1.4497407e+02  -2.9788732e+01
   1.5045941e+02  -3.0211268e+01
   1.5615230e+02  -3.0422535e+01
   1.6206059e+02  -3.0985915e+01
   1.6819243e+02  -3.1056338e+01
   1.7455628e+02  -3.1690141e+01
   1.8116092e+02  -3.1690141e+01
   1.8801545e+02  -3.2183099e+01
   1.9512934e+02  -3.2323944e+01
   2.0251240e+02  -3.2957746e+01
   2.1017480e+02  -3.2957746e+01
   2.1812713e+02  -3.3098592e+01
   2.2638034e+02  -3.3591549e+01
   2.3494583e+02  -3.3732394e+01
   2.4383541e+02  -3.4225352e+01
   2.5306134e+02  -3.4859155e+01
   2.6263635e+02  -3.4859155e+01
   2.7257365e+02  -3.5492958e+01
   2.8288694e+02  -3.5704225e+01
   2.9359046e+02  -3.6126761e+01
   3.0469896e+02  -3.6126761e+01
   3.1622777e+02  -3.6760563e+01
   3.2819279e+02  -3.6830986e+01
   3.4061053e+02  -3.7183099e+01
   3.5349811e+02  -3.7394366e+01
   3.6687332e+02  -3.7676056e+01
   3.8075460e+02  -3.8028169e+01
   3.9516111e+02  -3.8661972e+01
   4.1011271e+02  -3.9225352e+01
   4.2563003e+02  -3.9295775e+01
   4.4173447e+02  -3.9929577e+01
   4.5844825e+02  -3.9929577e+01
   4.7579443e+02  -4.0563380e+01
   4.9379693e+02  -4.0563380e+01
   5.1248059e+02  -4.1197183e+01
   5.3187117e+02  -4.1267606e+01
   5.5199543e+02  -4.1830986e+01
   5.7288113e+02  -4.2112676e+01
   5.9455707e+02  -4.2464789e+01
   6.1705316e+02  -4.2957746e+01
   6.4040043e+02  -4.3098592e+01
   6.6463108e+02  -4.3732394e+01
   6.8977854e+02  -4.3873239e+01
   7.1587749e+02  -4.4366197e+01
   7.4296395e+02  -4.4788732e+01
   7.7107527e+02  -4.5070423e+01
   8.0025023e+02  -4.5704225e+01
   8.3052907e+02  -4.6267606e+01
   8.6195357e+02  -4.6478873e+01
   8.9456706e+02  -4.6901408e+01
   9.2841454e+02  -4.7605634e+01
   9.6354271e+02  -4.8309859e+01
   1.0000000e+03  -4.8943662e+01
   1.0378367e+03  -5.0070423e+01
   1.0771051e+03  -5.0211268e+01
   1.1178592e+03  -5.1197183e+01
   1.1601553e+03  -5.2042254e+01
   1.2040518e+03  -5.3169014e+01
   1.2496091e+03  -5.3873239e+01
   1.2968903e+03  -5.4859155e+01
   1.3459603e+03  -5.5774648e+01
   1.3968870e+03  -5.6971831e+01
   1.4497407e+03  -5.8239437e+01
   1.5045941e+03  -5.9788732e+01
   1.5615230e+03  -6.1619718e+01
   1.6206059e+03  -6.3098592e+01
   1.6819243e+03  -6.4014085e+01
   1.7455628e+03  -6.4014085e+01
   1.8116092e+03  -6.2816901e+01
   1.8801545e+03  -6.1338028e+01
   1.9512934e+03  -6.0000000e+01
   2.0251240e+03  -5.8309859e+01
   2.1017480e+03  -5.6126761e+01
   2.1812713e+03  -5.4647887e+01
   2.2638034e+03  -5.3873239e+01
   2.3494583e+03  -5.2746479e+01
   2.4383541e+03  -5.1971831e+01
   2.5306134e+03  -5.0985915e+01
   2.6263635e+03  -5.0211268e+01
   2.7257365e+03  -4.9436620e+01
   2.8288694e+03  -4.8521127e+01
   2.9359046e+03  -4.8169014e+01
   3.0469896e+03  -4.7394366e+01
   3.1622777e+03  -4.6901408e+01
   3.2819279e+03  -4.6267606e+01
   3.4061053e+03  -4.5633803e+01
   3.5349811e+03  -4.5000000e+01
   3.6687332e+03  -4.4295775e+01
   3.8075460e+03  -4.3732394e+01
   3.9516111e+03  -4.3098592e+01
   4.1011271e+03  -4.2394366e+01
   4.2563003e+03  -4.1830986e+01
   4.4173447e+03  -4.0845070e+01
   4.5844825e+03  -3.9929577e+01
   4.7579443e+03  -3.9295775e+01
   4.9379693e+03  -3.8661972e+01
   5.1248059e+03  -3.8028169e+01
   5.3187117e+03  -3.7394366e+01
   5.5199543e+03  -3.6971831e+01
   5.7288113e+03  -3.6267606e+01
   5.9455707e+03  -3.5563380e+01
   6.1705316e+03  -3.4859155e+01
   6.4040043e+03  -3.4225352e+01
   6.6463108e+03  -3.2676056e+01
   6.8977854e+03  -3.1830986e+01
   7.1587749e+03  -3.0845070e+01
   7.4296395e+03  -2.9647887e+01
   7.7107527e+03  -2.8098592e+01
   8.0025023e+03  -2.6126761e+01
   8.3052907e+03  -2.4366197e+01
   8.6195357e+03  -2.4084507e+01
   8.9456706e+03  -2.4718310e+01
   9.2841454e+03  -2.7535211e+01
   9.6354271e+03  -2.9859155e+01
   1.0000000e+04  -3.3943662e+01
   1.0378367e+04  -3.7112676e+01
   1.0771051e+04  -3.9577465e+01
   1.1178592e+04  -4.1619718e+01
   1.1601553e+04  -4.3591549e+01
   1.2040518e+04  -4.4225352e+01
   1.2496091e+04  -4.3028169e+01
   1.2968903e+04  -4.1126761e+01
   1.3459603e+04  -3.8943662e+01
   1.3968870e+04  -3.6690141e+01
   1.4497407e+04  -3.4295775e+01
   1.5045941e+04  -3.2253521e+01
   1.5615230e+04  -3.0563380e+01
   1.6206059e+04  -2.8873239e+01
   1.6819243e+04  -2.6830986e+01
   1.7455628e+04  -2.4859155e+01
   1.8116092e+04  -2.3239437e+01
   1.8801545e+04  -2.1408451e+01
   1.9512934e+04  -2.0563380e+01
   2.0251240e+04  -2.1126761e+01
   2.1017480e+04  -2.2676056e+01
   2.1812713e+04  -2.4577465e+01
   2.2638034e+04  -2.6197183e+01
   2.3494583e+04  -2.7816901e+01
   2.4383541e+04  -2.9718310e+01
   2.5306134e+04  -3.1126761e+01
   2.6263635e+04  -3.2464789e+01
   2.7257365e+04  -3.3873239e+01
   2.8288694e+04  -3.5070423e+01
   2.9359046e+04  -3.4859155e+01
   3.0469896e+04  -3.3309859e+01
   3.1622777e+04  -3.1901408e+01
   3.2819279e+04  -3.2323944e+01
   3.4061053e+04  -3.3661972e+01
   3.5349811e+04  -3.5422535e+01
   3.6687332e+04  -3.6760563e+01
   3.8075460e+04  -3.8028169e+01
   3.9516111e+04  -3.9295775e+01
   4.1011271e+04  -4.0000000e+01
   4.2563003e+04  -4.1478873e+01
   4.4173447e+04  -4.3309859e+01
   4.5844825e+04  -4.5281690e+01
   4.7579443e+04  -4.8873239e+01
   4.9379693e+04  -5.2042254e+01
   5.1248059e+04  -5.4295775e+01
   5.3187117e+04  -5.4859155e+01
   5.5199543e+04  -4.9718310e+01
   5.7288113e+04  -4.6549296e+01
   5.9455707e+04  -4.4366197e+01
   6.1705316e+04  -4.0492958e+01
   6.4040043e+04  -3.5774648e+01
   6.6463108e+04  -3.0281690e+01
   6.8977854e+04  -2.7746479e+01
   7.1587749e+04  -2.7253521e+01
   7.4296395e+04  -2.8802817e+01
   7.7107527e+04  -3.1408451e+01
   8.0025023e+04  -3.4014085e+01
   8.3052907e+04  -3.4859155e+01
   8.6195357e+04  -3.4859155e+01
   8.9456706e+04  -3.5633803e+01
   9.2841454e+04  -3.7464789e+01
   9.6354271e+04  -3.8661972e+01
   1.0000000e+05  -3.7676056e+01
   1.0378367e+05  -3.6126761e+01
   1.0771051e+05  -3.5000000e+01
   1.1178592e+05  -3.4859155e+01
   1.1601553e+05  -3.4225352e+01
   1.2040518e+05  -3.5070423e+01
   1.2496091e+05  -4.1901408e+01
   1.2968903e+05  -5.0281690e+01
   1.3459603e+05  -6.0633803e+01
   1.3797009e+05  -6.9084507e+01
   1.3968870e+05  -6.5492958e+01
   1.4497407e+05  -4.9929577e+01
   1.5045941e+05  -3.8732394e+01
   1.5615230e+05  -4.0352113e+01
   1.6206059e+05  -4.1267606e+01
   1.6819243e+05  -4.1830986e+01
   1.7455628e+05  -4.0140845e+01
   1.8116092e+05  -3.5492958e+01
   1.8801545e+05  -3.4084507e+01
   1.9512934e+05  -3.8943662e+01
   2.0251240e+05  -4.5211268e+01
   2.1017480e+05  -5.1478873e+01
   2.1812713e+05  -5.4436620e+01
   2.2638034e+05  -5.0211268e+01
   2.3494583e+05  -4.6267606e+01
   2.4383541e+05  -4.2112676e+01
   2.5306134e+05  -3.9295775e+01
   2.6263635e+05  -3.8521127e+01
   2.7257365e+05  -3.6126761e+01
   2.8288694e+05  -3.5492958e+01
   2.9359046e+05  -3.7535211e+01
   3.0469896e+05  -3.9436620e+01
   3.1622777e+05  -3.9718310e+01
   3.2819279e+05  -4.1126761e+01
   3.4061053e+05  -4.2957746e+01
   3.5349811e+05  -4.3521127e+01
   3.6687332e+05  -4.3732394e+01
   3.8075460e+05  -4.2464789e+01
   3.9516111e+05  -3.9647887e+01
   4.1011271e+05  -3.8169014e+01
   4.2563003e+05  -4.1126761e+01
   4.4173447e+05  -4.5915493e+01
   4.5844825e+05  -4.8732394e+01
   4.7579443e+05  -4.5070423e+01
   4.9379693e+05  -4.0281690e+01
   5.1248059e+05  -4.0000000e+01
   5.3187117e+05  -4.6267606e+01
   5.5199543e+05  -5.3309859e+01
   5.5887133e+05  -5.6408451e+01
   5.7288113e+05  -5.6478873e+01
   5.9455707e+05  -5.5845070e+01
   6.1705316e+05  -5.5070423e+01
   6.4040043e+05  -5.5211268e+01
   6.6463108e+05  -4.9647887e+01
   6.8977854e+05  -4.7676056e+01
   7.1587749e+05  -4.5211268e+01
   7.4296395e+05  -4.3591549e+01
   7.7107527e+05  -4.1901408e+01
   8.0025023e+05  -3.9436620e+01
   8.3052907e+05  -3.8028169e+01
   8.6195357e+05  -3.8028169e+01
   8.9456706e+05  -3.8732394e+01
   9.2841454e+05  -3.9929577e+01
   9.6354271e+05  -3.8732394e+01
   1.0000000e+06  -3.8309859e+01
   1.0378367e+06  -3.8309859e+01
   1.0771051e+06  -3.9929577e+01
   1.1178592e+06  -3.9929577e+01
   1.1601553e+06  -4.0000000e+01
   1.2040518e+06  -3.8873239e+01
   1.2496091e+06  -3.7957746e+01
   1.2968903e+06  -3.4225352e+01
   1.3459603e+06  -3.2323944e+01
   1.3968870e+06  -3.2957746e+01
   1.4497407e+06  -3.3591549e+01
   1.5045941e+06  -3.4225352e+01
   1.5615230e+06  -3.4788732e+01
   1.6206059e+06  -3.4366197e+01
   1.6819243e+06  -2.9577465e+01
   1.7455628e+06  -2.5845070e+01
   1.8116092e+06  -2.3661972e+01
   1.8801545e+06  -2.4295775e+01
   1.9512934e+06  -2.5352113e+01
