   2.9000000e+01  -5.0725813e+01  -4.2411837e+01
   3.8000000e+01  -5.2796619e+01  -4.2637645e+01
   4.7000000e+01  -5.4045143e+01  -4.2662723e+01
   5.6000000e+01  -5.5349731e+01  -4.3057512e+01
   6.5000000e+01  -5.6783793e+01  -4.3588698e+01
   7.4000000e+01  -5.7296447e+01  -4.4052235e+01
   8.3000000e+01  -5.8494048e+01  -4.4542773e+01
   9.2000000e+01  -5.9394108e+01  -4.5014749e+01
   1.0100000e+02  -5.9999771e+01  -4.5605408e+01
   1.1000000e+02  -6.0609879e+01  -4.6018427e+01
   1.1900000e+02  -6.1213316e+01  -4.6228328e+01
   1.2800000e+02  -6.1995207e+01  -4.6570431e+01
   1.3700000e+02  -6.2542747e+01  -4.6938694e+01
   1.4600000e+02  -6.3248684e+01  -4.7331024e+01
   1.5500000e+02  -6.3885777e+01  -4.7635948e+01
   1.6400000e+02  -6.4367722e+01  -4.8216287e+01
   1.7300000e+02  -6.4818729e+01  -4.8578679e+01
   1.8200000e+02  -6.5248484e+01  -4.8965298e+01
   1.9100000e+02  -6.5668764e+01  -4.9168415e+01
   2.0000000e+02  -6.6113803e+01  -4.9615017e+01
   2.0324492e+02  -6.6216893e+01  -4.9706918e+01
   2.0654248e+02  -6.6376673e+01  -4.9966820e+01
   2.0989355e+02  -6.6582518e+01  -5.0190585e+01
   2.1329899e+02  -6.6788433e+01  -5.0213464e+01
   2.1675968e+02  -6.6994420e+01  -5.0261837e+01
   2.2027651e+02  -6.7199531e+01  -5.0443108e+01
   2.2385041e+02  -6.7336614e+01  -5.0488802e+01
   2.2748229e+02  -6.7493500e+01  -5.0613663e+01
   2.3117310e+02  -6.7637073e+01  -5.0668672e+01
   2.3492379e+02  -6.7800406e+01  -5.0796106e+01
   2.3873533e+02  -6.7993113e+01  -5.0963070e+01
   2.4260871e+02  -6.8199041e+01  -5.1122156e+01
   2.4654494e+02  -6.8383683e+01  -5.1369363e+01
   2.5054503e+02  -6.8429466e+01  -5.1438037e+01
   2.5461002e+02  -6.8587973e+01  -5.1596822e+01
   2.5874097e+02  -6.8786315e+01  -5.1622419e+01
   2.6293893e+02  -6.8992042e+01  -5.1764904e+01
   2.6720501e+02  -6.9185364e+01  -5.1883362e+01
   2.7154030e+02  -6.9377490e+01  -5.1974764e+01
   2.7594593e+02  -6.9577638e+01  -5.2146524e+01
   2.8042304e+02  -6.9755837e+01  -5.2330383e+01
   2.8497279e+02  -6.9893128e+01  -5.2330383e+01
   2.8959636e+02  -7.0118059e+01  -5.2484149e+01
   2.9429494e+02  -7.0402372e+01  -5.2569723e+01
   2.9906976e+02  -7.0638605e+01  -5.2714486e+01
   3.0392204e+02  -7.0844416e+01  -5.2909313e+01
   3.0885305e+02  -7.1050299e+01  -5.3055425e+01
   3.1386407e+02  -7.1256252e+01  -5.3127199e+01
   3.1895638e+02  -7.1462276e+01  -5.3291184e+01
   3.2413132e+02  -7.1668127e+01  -5.3497036e+01
   3.2939022e+02  -7.1873737e+01  -5.3574431e+01
   3.3473444e+02  -7.2097419e+01  -5.3696996e+01
   3.4016537e+02  -7.2369959e+01  -5.3878091e+01
   3.4568441e+02  -7.2610808e+01  -5.3993591e+01
   3.5129300e+02  -7.2833559e+01  -5.4095935e+01
   3.5699259e+02  -7.3135676e+01  -5.4324617e+01
   3.6278465e+02  -7.3456177e+01  -5.4461974e+01
   3.6867068e+02  -7.3776257e+01  -5.4599151e+01
   3.7465221e+02  -7.3992255e+01  -5.4673918e+01
   3.8073079e+02  -7.4197949e+01  -5.4846916e+01
   3.8690799e+02  -7.4445856e+01  -5.5052681e+01
   3.9318541e+02  -7.4720305e+01  -5.5237123e+01
   3.9956469e+02  -7.4994848e+01  -5.5382563e+01
   4.0604746e+02  -7.5277527e+01  -5.5501016e+01
   4.1263541e+02  -7.5597353e+01  -5.5640464e+01
   4.1933025e+02  -7.5894446e+01  -5.5846144e+01
   4.2613372e+02  -7.6231823e+01  -5.6051778e+01
   4.3304756e+02  -7.6541047e+01  -5.6173435e+01
   4.4007358e+02  -7.6892095e+01  -5.6278345e+01
   4.4721360e+02  -7.7240503e+01  -5.6433123e+01
   4.5446945e+02  -7.7544706e+01  -5.6632280e+01
   4.6184303e+02  -7.7868567e+01  -5.6791369e+01
   4.6933625e+02  -7.8211687e+01  -5.6815107e+01
   4.7695104e+02  -7.8485812e+01  -5.7020701e+01
   4.8468937e+02  -7.8857898e+01  -5.7148037e+01
   4.9255326e+02  -7.9295122e+01  -5.7262325e+01
   5.0054474e+02  -7.9803871e+01  -5.7415231e+01
   5.0866587e+02  -8.0314788e+01  -5.7607731e+01
   5.1691877e+02  -8.0790933e+01  -5.7776629e+01
   5.2530556e+02  -8.1323067e+01  -5.7859501e+01
   5.3382843e+02  -8.1895270e+01  -5.8042606e+01
   5.4248958e+02  -8.2578105e+01  -5.8203000e+01
   5.5129125e+02  -8.3301602e+01  -5.8400921e+01
   5.6023572e+02  -8.4048712e+01  -5.8559794e+01
   5.6932532e+02  -8.4827854e+01  -5.8660199e+01
   5.7856239e+02  -8.5681993e+01  -5.8782341e+01
   5.8794933e+02  -8.6659258e+01  -5.8988286e+01
   5.9748857e+02  -8.7773768e+01  -5.9194302e+01
   6.0718257e+02  -8.9032088e+01  -5.9400209e+01
   6.1703386e+02  -9.0179773e+01  -5.9562304e+01
   6.2704498e+02  -9.1212090e+01  -5.9630346e+01
   6.3721853e+02  -9.2217951e+01  -5.9691092e+01
   6.4755714e+02  -9.3142456e+01  -5.9876418e+01
   6.5806349e+02  -9.3689088e+01  -6.0098862e+01
   6.6874030e+02  -9.3537294e+01  -6.0220344e+01
   6.7959034e+02  -9.2660911e+01  -6.0442617e+01
   6.9061642e+02  -9.0534096e+01  -6.0579830e+01
   7.0182139e+02  -8.8874850e+01  -6.0822687e+01
   7.1320815e+02  -8.7554633e+01  -6.1074080e+01
   7.2477966e+02  -8.6421101e+01  -6.1253411e+01
   7.3653892e+02  -8.5312983e+01  -6.1423866e+01
   7.4848896e+02  -8.4238720e+01  -6.1637501e+01
   7.6063289e+02  -8.3335614e+01  -6.1861957e+01
   7.7297385e+02  -8.2574766e+01  -6.2072289e+01
   7.8551503e+02  -8.1706108e+01  -6.2369462e+01
   7.9825969e+02  -8.1002377e+01  -6.2625360e+01
   8.1121113e+02  -8.0282330e+01  -6.2842383e+01
   8.2437270e+02  -7.9495362e+01  -6.3048152e+01
   8.3774781e+02  -7.8755886e+01  -6.3264479e+01
   8.5133992e+02  -7.8143848e+01  -6.3464694e+01
   8.6515256e+02  -7.7579320e+01  -6.3605826e+01
   8.7918931e+02  -7.6942137e+01  -6.3769478e+01
   8.9345380e+02  -7.6485140e+01  -6.4089376e+01
   9.0794972e+02  -7.5868468e+01  -6.4309450e+01
   9.2268083e+02  -7.5178686e+01  -6.4531759e+01
   9.3765095e+02  -7.4575812e+01  -6.4773647e+01
   9.5286396e+02  -7.4029956e+01  -6.5045032e+01
   9.6832379e+02  -7.3457944e+01  -6.5329373e+01
   9.8403444e+02  -7.2888955e+01  -6.5571485e+01
   1.0000000e+03  -7.2339493e+01  -6.5754639e+01
   1.0110250e+03  -7.1936120e+01  -6.5909651e+01
   1.0221716e+03  -7.1520863e+01  -6.6075270e+01
   1.0334411e+03  -7.1084774e+01  -6.6262165e+01
   1.0448348e+03  -7.0707243e+01  -6.6448950e+01
   1.0563541e+03  -7.0363408e+01  -6.6636496e+01
   1.0680004e+03  -6.9992481e+01  -6.6866794e+01
   1.0797752e+03  -6.9601728e+01  -6.7100915e+01
   1.0916797e+03  -6.9165872e+01  -6.7334409e+01
   1.1037155e+03  -6.8640317e+01  -6.7567975e+01
   1.1158840e+03  -6.8046739e+01  -6.7802282e+01
   1.1281866e+03  -6.7553677e+01  -6.8090852e+01
   1.1406249e+03  -6.7089348e+01  -6.8387513e+01
   1.1532003e+03  -6.6700400e+01  -6.8683114e+01
   1.1659144e+03  -6.6319177e+01  -6.8938090e+01
   1.1787686e+03  -6.5944486e+01  -6.9156659e+01
   1.1917646e+03  -6.5492767e+01  -6.9413598e+01
   1.2049038e+03  -6.5029237e+01  -6.9689233e+01
   1.2181879e+03  -6.4593849e+01  -7.0015774e+01
   1.2316185e+03  -6.4269097e+01  -7.0380193e+01
   1.2451971e+03  -6.4066249e+01  -7.0785890e+01
   1.2589254e+03  -6.4074372e+01  -7.1152975e+01
   1.2728051e+03  -6.4158109e+01  -7.1519431e+01
   1.2868378e+03  -6.4406769e+01  -7.1939045e+01
   1.3010252e+03  -6.4722963e+01  -7.2319857e+01
   1.3153691e+03  -6.5128443e+01  -7.2647360e+01
   1.3298710e+03  -6.5788060e+01  -7.3113182e+01
   1.3445329e+03  -6.6546448e+01  -7.3622915e+01
   1.3593564e+03  -6.7416291e+01  -7.4042303e+01
   1.3743433e+03  -6.8301389e+01  -7.4457419e+01
   1.3894955e+03  -6.9205435e+01  -7.4862681e+01
   1.4048147e+03  -6.9966781e+01  -7.5310532e+01
   1.4203028e+03  -7.0670422e+01  -7.5778076e+01
   1.4359617e+03  -7.1369028e+01  -7.6150666e+01
   1.4517932e+03  -7.2153595e+01  -7.6494088e+01
   1.4677993e+03  -7.3103892e+01  -7.6774503e+01
   1.4839818e+03  -7.3962475e+01  -7.6963893e+01
   1.5003427e+03  -7.4775386e+01  -7.7104589e+01
   1.5168840e+03  -7.5552673e+01  -7.7109145e+01
   1.5336077e+03  -7.6350554e+01  -7.7051895e+01
   1.5505158e+03  -7.7191349e+01  -7.6849482e+01
   1.5676103e+03  -7.7780359e+01  -7.6525914e+01
   1.5848932e+03  -7.8202221e+01  -7.6119677e+01
   1.6023667e+03  -7.8507514e+01  -7.5601814e+01
   1.6200328e+03  -7.8764012e+01  -7.5056454e+01
   1.6378937e+03  -7.8888508e+01  -7.4465100e+01
   1.6559515e+03  -7.8884678e+01  -7.3847602e+01
   1.6742084e+03  -7.8775365e+01  -7.3207341e+01
   1.6926666e+03  -7.8639619e+01  -7.2556831e+01
   1.7113283e+03  -7.8470174e+01  -7.1851809e+01
   1.7301957e+03  -7.8174655e+01  -7.0934147e+01
   1.7492712e+03  -7.7800621e+01  -7.0085158e+01
   1.7685569e+03  -7.7347996e+01  -6.9304770e+01
   1.7880553e+03  -7.6948183e+01  -6.8629487e+01
   1.8077687e+03  -7.6542693e+01  -6.7979746e+01
   1.8276994e+03  -7.6045245e+01  -6.7373481e+01
   1.8478498e+03  -7.5595809e+01  -6.6716348e+01
   1.8682224e+03  -7.5205825e+01  -6.5998777e+01
   1.8888196e+03  -7.4733326e+01  -6.5343397e+01
   1.9096439e+03  -7.4241489e+01  -6.4669603e+01
   1.9306977e+03  -7.3837530e+01  -6.3659704e+01
   1.9519837e+03  -7.3419591e+01  -6.2677698e+01
   1.9735044e+03  -7.2983043e+01  -6.1742237e+01
   1.9952623e+03  -7.2614776e+01  -6.1077985e+01
   2.0172601e+03  -7.2266486e+01  -6.0510202e+01
   2.0395005e+03  -7.1816157e+01  -5.9826944e+01
   2.0619860e+03  -7.1402527e+01  -5.9162784e+01
   2.0847195e+03  -7.1059709e+01  -5.8539478e+01
   2.1077035e+03  -7.0717391e+01  -5.8011108e+01
   2.1309410e+03  -7.0373379e+01  -5.7526363e+01
   2.1544347e+03  -6.9985720e+01  -5.7383650e+01
   2.1781874e+03  -6.9609959e+01  -5.7329045e+01
   2.2022019e+03  -6.9267325e+01  -5.7469213e+01
   2.2264813e+03  -6.8934568e+01  -5.7744917e+01
   2.2510283e+03  -6.8606369e+01  -5.8104373e+01
   2.2758459e+03  -6.8309516e+01  -5.8856343e+01
   2.3009372e+03  -6.7968848e+01  -5.9648786e+01
   2.3263051e+03  -6.7501869e+01  -6.0473781e+01
   2.3519526e+03  -6.7025804e+01  -6.1352620e+01
   2.3778830e+03  -6.6541579e+01  -6.2274208e+01
   2.4040992e+03  -6.6032298e+01  -6.3024409e+01
   2.4306044e+03  -6.5552820e+01  -6.3738747e+01
   2.4574019e+03  -6.5210553e+01  -6.4376609e+01
   2.4844948e+03  -6.4908692e+01  -6.5031600e+01
   2.5118864e+03  -6.4643292e+01  -6.5702906e+01
   2.5395800e+03  -6.4483892e+01  -6.6253247e+01
   2.5675790e+03  -6.4365782e+01  -6.6794300e+01
   2.5958866e+03  -6.4365782e+01  -6.7385171e+01
   2.6245063e+03  -6.4602815e+01  -6.7984722e+01
   2.6534415e+03  -6.5102124e+01  -6.8593255e+01
   2.6826958e+03  -6.5611922e+01  -6.9187201e+01
   2.7122726e+03  -6.6144957e+01  -6.9796623e+01
   2.7421754e+03  -6.6813216e+01  -7.0527046e+01
   2.7724080e+03  -6.7510112e+01  -7.1332834e+01
   2.8029739e+03  -6.8243079e+01  -7.2237346e+01
   2.8338767e+03  -6.9112882e+01  -7.3035163e+01
   2.8651203e+03  -7.0028223e+01  -7.3787307e+01
   2.8967083e+03  -7.0835918e+01  -7.4330947e+01
   2.9286446e+03  -7.1699821e+01  -7.4900301e+01
   2.9609329e+03  -7.2650608e+01  -7.5508182e+01
   2.9935773e+03  -7.3577967e+01  -7.6233849e+01
   3.0265816e+03  -7.4495278e+01  -7.7012028e+01
   3.0599497e+03  -7.5054151e+01  -7.7539853e+01
   3.0936857e+03  -7.5528507e+01  -7.8013799e+01
   3.1277937e+03  -7.5824495e+01  -7.8372101e+01
   3.1622777e+03  -7.6039774e+01  -7.8619475e+01
   3.1971418e+03  -7.6211732e+01  -7.8807066e+01
   3.2323904e+03  -7.6217634e+01  -7.9053332e+01
   3.2680276e+03  -7.6165147e+01  -7.9219917e+01
   3.3040577e+03  -7.5978307e+01  -7.9173207e+01
   3.3404850e+03  -7.5633529e+01  -7.8987129e+01
   3.3773139e+03  -7.5180428e+01  -7.8705893e+01
   3.4145489e+03  -7.4772694e+01  -7.8298291e+01
   3.4521944e+03  -7.4374035e+01  -7.7891254e+01
   3.4902549e+03  -7.4000557e+01  -7.7533337e+01
   3.5287350e+03  -7.3643837e+01  -7.7123939e+01
   3.5676394e+03  -7.3300290e+01  -7.6671081e+01
   3.6069727e+03  -7.2971935e+01  -7.6112793e+01
   3.6467397e+03  -7.2643979e+01  -7.5552125e+01
   3.6869451e+03  -7.2317361e+01  -7.5069974e+01
   3.7275937e+03  -7.2005725e+01  -7.4602538e+01
   3.7686905e+03  -7.1709184e+01  -7.4149923e+01
   3.8102404e+03  -7.1439271e+01  -7.3686477e+01
   3.8522484e+03  -7.1169481e+01  -7.3228314e+01
   3.8947195e+03  -7.0874127e+01  -7.2839691e+01
   3.9376589e+03  -7.0592025e+01  -7.2450049e+01
   3.9810717e+03  -7.0326841e+01  -7.2060072e+01
   4.0249631e+03  -7.0062513e+01  -7.1731054e+01
   4.0693384e+03  -6.9798180e+01  -7.1414447e+01
   4.1142030e+03  -6.9549594e+01  -7.1057106e+01
   4.1595622e+03  -6.9312640e+01  -7.0698504e+01
   4.2054214e+03  -6.9094370e+01  -7.0339918e+01
   4.2517863e+03  -6.8854253e+01  -6.9948632e+01
   4.2986623e+03  -6.8602927e+01  -6.9546879e+01
   4.3460552e+03  -6.8323418e+01  -6.9267371e+01
   4.3939706e+03  -6.8081140e+01  -6.8964640e+01
   4.4424142e+03  -6.7909735e+01  -6.8621829e+01
   4.4913919e+03  -6.7738573e+01  -6.8279507e+01
   4.5409096e+03  -6.7566571e+01  -6.7935502e+01
   4.5909732e+03  -6.7349751e+01  -6.7670776e+01
   4.6415888e+03  -6.7155000e+01  -6.7424479e+01
   4.6927625e+03  -6.7014835e+01  -6.7222018e+01
   4.7445003e+03  -6.6865085e+01  -6.7019662e+01
   4.7968085e+03  -6.6708803e+01  -6.6816495e+01
   4.8496934e+03  -6.6568109e+01  -6.6629215e+01
   4.9031614e+03  -6.6431613e+01  -6.6441913e+01
   4.9572189e+03  -6.6307088e+01  -6.6255125e+01
   5.0118723e+03  -6.6173619e+01  -6.6032681e+01
   5.0671283e+03  -6.6033041e+01  -6.5782764e+01
   5.1229936e+03  -6.5893231e+01  -6.5534213e+01
   5.1794747e+03  -6.5752703e+01  -6.5303724e+01
   5.2365785e+03  -6.5612688e+01  -6.5148152e+01
   5.2943119e+03  -6.5472492e+01  -6.5000516e+01
   5.3526818e+03  -6.5331989e+01  -6.4860013e+01
   5.4116953e+03  -6.5192128e+01  -6.4720151e+01
   5.4713593e+03  -6.5051549e+01  -6.4579572e+01
   5.5316812e+03  -6.4911609e+01  -6.4439632e+01
   5.5926681e+03  -6.4771362e+01  -6.4284631e+01
   5.6543274e+03  -6.4630934e+01  -6.4112997e+01
   5.7166665e+03  -6.4491021e+01  -6.3880465e+01
   5.7796929e+03  -6.4350391e+01  -6.3649267e+01
   5.8434141e+03  -6.4210526e+01  -6.3571564e+01
   5.9078379e+03  -6.4096701e+01  -6.3473765e+01
   5.9729720e+03  -6.4018728e+01  -6.3349008e+01
   6.0388241e+03  -6.3952514e+01  -6.3155332e+01
   6.1054023e+03  -6.3885218e+01  -6.2943173e+01
   6.1727145e+03  -6.3745428e+01  -6.2834448e+01
   6.2407688e+03  -6.3605078e+01  -6.2701848e+01
   6.3095734e+03  -6.3464801e+01  -6.2530398e+01
   6.3791366e+03  -6.3324785e+01  -6.2370050e+01
   6.4494668e+03  -6.3184053e+01  -6.2213283e+01
   6.5205723e+03  -6.3044337e+01  -6.2026996e+01
   6.5924618e+03  -6.2903937e+01  -6.1829592e+01
   6.6651438e+03  -6.2763735e+01  -6.1611500e+01
   6.7386272e+03  -6.2633689e+01  -6.1443726e+01
   6.8129207e+03  -6.2508631e+01  -6.1303036e+01
   6.8880333e+03  -6.2354505e+01  -6.1163303e+01
   6.9639740e+03  -6.2224512e+01  -6.1022851e+01
   7.0407520e+03  -6.2162233e+01  -6.0882724e+01
   7.1183765e+03  -6.2044389e+01  -6.0724082e+01
   7.1968567e+03  -6.1888151e+01  -6.0552220e+01
   7.2762022e+03  -6.1732834e+01  -6.0352979e+01
   7.3564225e+03  -6.1583893e+01  -6.0157203e+01
   7.4375273e+03  -6.1459402e+01  -5.9986029e+01
   7.5195262e+03  -6.1326305e+01  -5.9848716e+01
   7.6024291e+03  -6.1185766e+01  -5.9739408e+01
   7.6862461e+03  -6.1113096e+01  -5.9684380e+01
   7.7709871e+03  -6.1042139e+01  -5.9609231e+01
   7.8566625e+03  -6.0933268e+01  -5.9407043e+01
   7.9432823e+03  -6.0824207e+01  -5.9266436e+01
   8.0308572e+03  -6.0714957e+01  -5.9188400e+01
   8.1193976e+03  -6.0618826e+01  -5.9072671e+01
   8.2089142e+03  -6.0520943e+01  -5.8939395e+01
   8.2994176e+03  -6.0396586e+01  -5.8752860e+01
   8.3909189e+03  -6.0223019e+01  -5.8558846e+01
   8.4834290e+03  -5.9989038e+01  -5.8356063e+01
   8.5769590e+03  -5.9851081e+01  -5.8273023e+01
   8.6715202e+03  -5.9742998e+01  -5.8218234e+01
   8.7671239e+03  -5.9649781e+01  -5.8078408e+01
   8.8637816e+03  -5.9550007e+01  -5.7938083e+01
   8.9615050e+03  -5.9440875e+01  -5.7797770e+01
   9.0603058e+03  -5.9309696e+01  -5.7724668e+01
   9.1601959e+03  -5.9171795e+01  -5.7676081e+01
   9.2611873e+03  -5.9109684e+01  -5.7582913e+01
   9.3632921e+03  -5.9041829e+01  -5.7505727e+01
   9.4665226e+03  -5.8963919e+01  -5.7458981e+01
   9.5708912e+03  -5.8886117e+01  -5.7381138e+01
   9.6764105e+03  -5.8807936e+01  -5.7287320e+01
   9.7830932e+03  -5.8745646e+01  -5.7163530e+01
   9.8909520e+03  -5.8692649e+01  -5.7076368e+01
   1.0000000e+04  -5.8661502e+01  -5.7076368e+01
   1.0110250e+04  -5.8582237e+01  -5.7066742e+01
   1.0221716e+04  -5.8472841e+01  -5.7051114e+01
   1.0334411e+04  -5.8335014e+01  -5.6919085e+01
   1.0448348e+04  -5.8230088e+01  -5.6778606e+01
   1.0563541e+04  -5.8230088e+01  -5.6638519e+01
   1.0680004e+04  -5.8150290e+01  -5.6498373e+01
   1.0797752e+04  -5.8009715e+01  -5.6357797e+01
   1.0916797e+04  -5.7925102e+01  -5.6217985e+01
   1.1037155e+04  -5.7840643e+01  -5.6080649e+01
   1.1158840e+04  -5.7731744e+01  -5.5956193e+01
   1.1281866e+04  -5.7582168e+01  -5.5815360e+01
   1.1406249e+04  -5.7394835e+01  -5.5659249e+01
   1.1532003e+04  -5.7325686e+01  -5.5542957e+01
   1.1659144e+04  -5.7264207e+01  -5.5445799e+01
   1.1787686e+04  -5.7124270e+01  -5.5414702e+01
   1.1917646e+04  -5.7006063e+01  -5.5332103e+01
   1.2049038e+04  -5.6912447e+01  -5.5191679e+01
   1.2181879e+04  -5.6855996e+01  -5.5088590e+01
   1.2316185e+04  -5.6799037e+01  -5.4996515e+01
   1.2451971e+04  -5.6659175e+01  -5.4918814e+01
   1.2589254e+04  -5.6532052e+01  -5.4814516e+01
   1.2728051e+04  -5.6422891e+01  -5.4674166e+01
   1.2868378e+04  -5.6371597e+01  -5.4557227e+01
   1.3010252e+04  -5.6333864e+01  -5.4442261e+01
   1.3153691e+04  -5.6194076e+01  -5.4240346e+01
   1.3298710e+04  -5.6053725e+01  -5.4043446e+01
   1.3445329e+04  -5.5913451e+01  -5.3856414e+01
   1.3593564e+04  -5.5773433e+01  -5.3744991e+01
   1.3743433e+04  -5.5633036e+01  -5.3665961e+01
   1.3894955e+04  -5.5524371e+01  -5.3510725e+01
   1.4048147e+04  -5.5394882e+01  -5.3349651e+01
   1.4203028e+04  -5.5223528e+01  -5.3178297e+01
   1.4359617e+04  -5.5072315e+01  -5.3007100e+01
   1.4517932e+04  -5.4931628e+01  -5.2835149e+01
   1.4677993e+04  -5.4791892e+01  -5.2679290e+01
   1.4839818e+04  -5.4651438e+01  -5.2531859e+01
   1.5003427e+04  -5.4511315e+01  -5.2407304e+01
   1.5168840e+04  -5.4371194e+01  -5.2264289e+01
   1.5336077e+04  -5.4230582e+01  -5.2108054e+01
   1.5505158e+04  -5.4090795e+01  -5.1853572e+01
   1.5676103e+04  -5.3950290e+01  -5.1581060e+01
   1.5848932e+04  -5.3810241e+01  -5.1285402e+01
   1.6023667e+04  -5.3678540e+01  -5.0989483e+01
   1.6200328e+04  -5.3553619e+01  -5.0692795e+01
   1.6378937e+04  -5.3429318e+01  -5.0317159e+01
   1.6559515e+04  -5.3298779e+01  -4.9946324e+01
   1.6742084e+04  -5.3143253e+01  -4.9666377e+01
   1.6926666e+04  -5.2941176e+01  -4.9447626e+01
   1.7113283e+04  -5.2691468e+01  -4.9291558e+01
   1.7301957e+04  -5.2404850e+01  -4.9578569e+01
   1.7492712e+04  -5.2116186e+01  -5.0054968e+01
   1.7685569e+04  -5.1883022e+01  -5.1096434e+01
   1.7880553e+04  -5.1732665e+01  -5.2022506e+01
   1.8077687e+04  -5.1685870e+01  -5.2802426e+01
   1.8276994e+04  -5.2043125e+01  -5.3021545e+01
   1.8478498e+04  -5.2528903e+01  -5.3042684e+01
   1.8682224e+04  -5.3026053e+01  -5.2778574e+01
   1.8888196e+04  -5.3363943e+01  -5.2470153e+01
   1.9096439e+04  -5.3457483e+01  -5.2095992e+01
   1.9306977e+04  -5.3372922e+01  -5.1744912e+01
   1.9519837e+04  -5.3211262e+01  -5.1403082e+01
   1.9735044e+04  -5.2900710e+01  -5.1123585e+01
   1.9952623e+04  -5.2621374e+01  -5.0886316e+01
   2.0172601e+04  -5.2403231e+01  -5.0730500e+01
   2.0395005e+04  -5.2237169e+01  -5.0585251e+01
   2.0619860e+04  -5.2096445e+01  -5.0444528e+01
   2.0847195e+04  -5.1910848e+01  -5.0167156e+01
   2.1077035e+04  -5.1718931e+01  -4.9928400e+01
   2.1309410e+04  -5.1516478e+01  -4.9788240e+01
   2.1544347e+04  -5.1371696e+01  -4.9648143e+01
   2.1781874e+04  -5.1262303e+01  -4.9507496e+01
   2.2022019e+04  -5.1066404e+01  -4.9353201e+01
   2.2264813e+04  -5.0859568e+01  -4.9177509e+01
   2.2510283e+04  -5.0641658e+01  -4.8944035e+01
   2.2758459e+04  -5.0458996e+01  -4.8763474e+01
   2.3009372e+04  -5.0302805e+01  -4.8622901e+01
   2.3263051e+04  -5.0133686e+01  -4.8455548e+01
   2.3519526e+04  -4.9965089e+01  -4.8280624e+01
   2.3778830e+04  -4.9809523e+01  -4.8093944e+01
   2.4040992e+04  -4.9686053e+01  -4.7882782e+01
   2.4306044e+04  -4.9592388e+01  -4.7648620e+01
   2.4574019e+04  -4.9421100e+01  -4.7493554e+01
   2.4844948e+04  -4.9240877e+01  -4.7336124e+01
   2.5118864e+04  -4.9100942e+01  -4.7087352e+01
   2.5395800e+04  -4.8960692e+01  -4.6874605e+01
   2.5675790e+04  -4.8820270e+01  -4.6702978e+01
   2.5958866e+04  -4.8680353e+01  -4.6458496e+01
   2.6245063e+04  -4.8526515e+01  -4.6187903e+01
   2.6534415e+04  -4.8262337e+01  -4.5877104e+01
   2.6826958e+04  -4.7997322e+01  -4.5525971e+01
   2.7122726e+04  -4.7732223e+01  -4.5120526e+01
   2.7421754e+04  -4.7502289e+01  -4.4693204e+01
   2.7724080e+04  -4.7280762e+01  -4.4238521e+01
   2.8029739e+04  -4.7016724e+01  -4.3508536e+01
   2.8338767e+04  -4.6757413e+01  -4.2961181e+01
   2.8651203e+04  -4.6508042e+01  -4.2727395e+01
   2.8967083e+04  -4.6141168e+01  -4.2654867e+01
   2.9286446e+04  -4.5720072e+01  -4.2658761e+01
   2.9609329e+04  -4.5425130e+01  -4.3093412e+01
   2.9935773e+04  -4.5143846e+01  -4.3852910e+01
   3.0265816e+04  -4.4894609e+01  -4.5286023e+01
   3.0599497e+04  -4.4795020e+01  -4.6568440e+01
   3.0936857e+04  -4.4779389e+01  -4.7772070e+01
   3.1277937e+04  -4.4838357e+01  -4.8326950e+01
   3.1622777e+04  -4.4982182e+01  -4.8793298e+01
   3.1971418e+04  -4.5340268e+01  -4.9089108e+01
   3.2323904e+04  -4.5836384e+01  -4.9311312e+01
   3.2680276e+04  -4.6430065e+01  -4.9483167e+01
   3.3040577e+04  -4.7232326e+01  -4.9187534e+01
   3.3404850e+04  -4.8010379e+01  -4.8900503e+01
   3.3773139e+04  -4.8617243e+01  -4.8807140e+01
   3.4145489e+04  -4.9148692e+01  -4.8983821e+01
   3.4521944e+04  -4.9617136e+01  -4.9389806e+01
   3.4902549e+04  -4.9842552e+01  -4.9726924e+01
   3.5287350e+04  -5.0018883e+01  -5.0018883e+01
   3.5676394e+04  -5.0143301e+01  -5.0143301e+01
   3.6069727e+04  -5.0290993e+01  -5.0206490e+01
   3.6467397e+04  -5.0462663e+01  -5.0206490e+01
   3.6869451e+04  -5.0810200e+01  -5.0080378e+01
   3.7275937e+04  -5.1180646e+01  -4.9906023e+01
   3.7686905e+04  -5.1413805e+01  -4.9610688e+01
   3.8102404e+04  -5.1502218e+01  -4.9279932e+01
   3.8522484e+04  -5.1408630e+01  -4.8905579e+01
   3.8947195e+04  -5.1149442e+01  -4.8591642e+01
   3.9376589e+04  -5.0831832e+01  -4.8295949e+01
   3.9810717e+04  -5.0458978e+01  -4.8016308e+01
   4.0249631e+04  -5.0134082e+01  -4.7747979e+01
   4.0693384e+04  -4.9884647e+01  -4.7498544e+01
   4.1142030e+04  -4.9657942e+01  -4.7216399e+01
   4.1595622e+04  -4.9435545e+01  -4.6923356e+01
   4.2054214e+04  -4.9109472e+01  -4.6752556e+01
   4.2517863e+04  -4.8808949e+01  -4.6548544e+01
   4.2986623e+04  -4.8559647e+01  -4.6283662e+01
   4.3460552e+04  -4.8331329e+01  -4.6029455e+01
   4.3939706e+04  -4.8112431e+01  -4.5779286e+01
   4.4424142e+04  -4.7818772e+01  -4.5607235e+01
   4.4913919e+04  -4.7550194e+01  -4.5444893e+01
   4.5409096e+04  -4.7347746e+01  -4.5304736e+01
   4.5909732e+04  -4.7135815e+01  -4.5164638e+01
   4.6415888e+04  -4.6917034e+01  -4.5023993e+01
   4.6927625e+04  -4.6772134e+01  -4.4811717e+01
   4.7445003e+04  -4.6631651e+01  -4.4597079e+01
   4.7968085e+04  -4.6491570e+01  -4.4394739e+01
   4.8496934e+04  -4.6351420e+01  -4.4227526e+01
   4.9031614e+04  -4.6210850e+01  -4.4086957e+01
   4.9572189e+04  -4.6071034e+01  -4.3947140e+01
   5.0118723e+04  -4.5930500e+01  -4.3809740e+01
   5.0671283e+04  -4.5790494e+01  -4.3685290e+01
   5.1229936e+04  -4.5650293e+01  -4.3576760e+01
   5.1794747e+04  -4.5509799e+01  -4.3483097e+01
   5.2365785e+04  -4.5369931e+01  -4.3299012e+01
   5.2943119e+04  -4.5229346e+01  -4.3124467e+01
   5.3526818e+04  -4.5089414e+01  -4.3108919e+01
   5.4116953e+04  -4.4949162e+01  -4.3064185e+01
   5.4713593e+04  -4.4808743e+01  -4.2986175e+01
   5.5316812e+04  -4.4668824e+01  -4.2932872e+01
   5.5926681e+04  -4.4524947e+01  -4.2882753e+01
   5.6543274e+04  -4.4354011e+01  -4.2805055e+01
   5.7166665e+04  -4.4195585e+01  -4.2727108e+01
   5.7796929e+04  -4.4055242e+01  -4.2649139e+01
   5.8434141e+04  -4.3858003e+01  -4.2537017e+01
   5.9078379e+04  -4.3643479e+01  -4.2418879e+01
   5.9729720e+04  -4.3503698e+01  -4.2418879e+01
   6.0388241e+04  -4.3380653e+01  -4.2366948e+01
   6.1054023e+04  -4.3287141e+01  -4.2226680e+01
   6.1727145e+04  -4.3183100e+01  -4.2182891e+01
   6.2407688e+04  -4.3073637e+01  -4.2182891e+01
   6.3095734e+04  -4.2964976e+01  -4.2182891e+01
   6.3791366e+04  -4.2845747e+01  -4.2167855e+01
   6.4494668e+04  -4.2705554e+01  -4.2121124e+01
   6.5205723e+04  -4.2575412e+01  -4.1965182e+01
   6.5924618e+04  -4.2450363e+01  -4.1746345e+01
   6.6651438e+04  -4.2370756e+01  -4.1588447e+01
   6.7386272e+04  -4.2292724e+01  -4.1436637e+01
   6.8129207e+04  -4.2214881e+01  -4.1296519e+01
   6.8880333e+04  -4.2100347e+01  -4.1156394e+01
   6.9639740e+04  -4.1959741e+01  -4.1015789e+01
   7.0407520e+04  -4.1692997e+01  -4.0847785e+01
   7.1183765e+04  -4.1443453e+01  -4.0651573e+01
   7.1968567e+04  -4.1303410e+01  -4.0371487e+01
   7.2762022e+04  -4.1154822e+01  -4.0082723e+01
   7.3564225e+04  -4.0998677e+01  -3.9786048e+01
   7.4375273e+04  -4.0749893e+01  -3.9530853e+01
   7.5195262e+04  -4.0478910e+01  -3.9308370e+01
   7.6024291e+04  -4.0183423e+01  -3.9215059e+01
   7.6862461e+04  -3.9910342e+01  -3.9221051e+01
   7.7709871e+04  -3.9660645e+01  -3.9330294e+01
   7.8566625e+04  -3.9487430e+01  -3.9363614e+01
   7.9432823e+04  -3.9335163e+01  -3.9393123e+01
   8.0308572e+04  -3.9210814e+01  -3.9517472e+01
   8.1193976e+04  -3.9161944e+01  -3.9587021e+01
   8.2089142e+04  -3.9208737e+01  -3.9587021e+01
   8.2994176e+04  -3.9385400e+01  -3.9693395e+01
   8.3909189e+04  -3.9618940e+01  -3.9824237e+01
   8.4834290e+04  -4.0022857e+01  -3.9839772e+01
   8.5769590e+04  -4.0397585e+01  -3.9898304e+01
   8.6715202e+04  -4.0724962e+01  -4.0023019e+01
   8.7671239e+04  -4.0896810e+01  -4.0103229e+01
   8.8637816e+04  -4.1002950e+01  -4.0168601e+01
   8.9615050e+04  -4.1002950e+01  -4.0323870e+01
   9.0603058e+04  -4.0954565e+01  -4.0447594e+01
   9.1601959e+04  -4.0814336e+01  -4.0509918e+01
   9.2611873e+04  -4.0550721e+01  -4.0623648e+01
   9.3632921e+04  -4.0222381e+01  -4.0764365e+01
   9.4665226e+04  -4.0079204e+01  -4.0766962e+01
   9.5708912e+04  -4.0017280e+01  -4.0725398e+01
   9.6764105e+04  -4.0141861e+01  -4.0585244e+01
   9.7830932e+04  -4.0399908e+01  -4.0416534e+01
   9.8909520e+04  -4.0743699e+01  -4.0229011e+01
   1.0000000e+05  -4.0998517e+01  -3.9868989e+01
   1.0110250e+05  -4.1205800e+01  -3.9552274e+01
   1.0221716e+05  -4.1283621e+01  -3.9412196e+01
   1.0334411e+05  -4.1291271e+01  -3.9210608e+01
   1.0448348e+05  -4.1244416e+01  -3.8960712e+01
   1.0563541e+05  -4.1115553e+01  -3.8780694e+01
   1.0680004e+05  -4.0975017e+01  -3.8643068e+01
   1.0797752e+05  -4.0835013e+01  -3.8643068e+01
   1.0916797e+05  -4.0654726e+01  -3.8643068e+01
   1.1037155e+05  -4.0436184e+01  -3.8643068e+01
   1.1158840e+05  -4.0309239e+01  -3.8526544e+01
   1.1281866e+05  -4.0183465e+01  -3.8407080e+01
   1.1406249e+05  -3.9965798e+01  -3.8407080e+01
   1.1532003e+05  -3.9754882e+01  -3.8349019e+01
   1.1659144e+05  -3.9552059e+01  -3.8224205e+01
   1.1787686e+05  -3.9435247e+01  -3.8185127e+01
   1.1917646e+05  -3.9330353e+01  -3.8171091e+01
   1.2049038e+05  -3.9128342e+01  -3.8171091e+01
   1.2181879e+05  -3.8919179e+01  -3.8158094e+01
   1.2316185e+05  -3.8700872e+01  -3.8126907e+01
   1.2451971e+05  -3.8540255e+01  -3.8038684e+01
   1.2589254e+05  -3.8399566e+01  -3.7935103e+01
   1.2728051e+05  -3.8259787e+01  -3.7935103e+01
   1.2868378e+05  -3.8096469e+01  -3.7883442e+01
   1.3010252e+05  -3.7893864e+01  -3.7743176e+01
   1.3153691e+05  -3.7680944e+01  -3.7603152e+01
   1.3298710e+05  -3.7462332e+01  -3.7461856e+01
   1.3445329e+05  -3.7307106e+01  -3.7213494e+01
   1.3593564e+05  -3.7146114e+01  -3.7003735e+01
   1.3743433e+05  -3.6974771e+01  -3.6879122e+01
   1.3894955e+05  -3.6833273e+01  -3.6794218e+01
   1.4048147e+05  -3.6708226e+01  -3.6731694e+01
   1.4203028e+05  -3.6598849e+01  -3.6580554e+01
   1.4359617e+05  -3.6481154e+01  -3.6399141e+01
   1.4517932e+05  -3.6341039e+01  -3.6150048e+01
   1.4677993e+05  -3.6264903e+01  -3.5964924e+01
   1.4839818e+05  -3.6233658e+01  -3.5824321e+01
   1.5003427e+05  -3.6132214e+01  -3.5684528e+01
   1.5168840e+05  -3.6015993e+01  -3.5547484e+01
   1.5336077e+05  -3.5875953e+01  -3.5423004e+01
   1.5505158e+05  -3.5735775e+01  -3.5357072e+01
   1.5676103e+05  -3.5595247e+01  -3.5341458e+01
   1.5848932e+05  -3.5561908e+01  -3.5232727e+01
   1.6023667e+05  -3.5527318e+01  -3.5115914e+01
   1.6200328e+05  -3.5402905e+01  -3.5038156e+01
   1.6378937e+05  -3.5278256e+01  -3.4952628e+01
   1.6559515e+05  -3.5153410e+01  -3.4858994e+01
   1.6742084e+05  -3.5016506e+01  -3.4728076e+01
   1.6926666e+05  -3.4873939e+01  -3.4589416e+01
   1.7113283e+05  -3.4718506e+01  -3.4465070e+01
   1.7301957e+05  -3.4555774e+01  -3.4340376e+01
   1.7492712e+05  -3.4384203e+01  -3.4215596e+01
   1.7685569e+05  -3.4154209e+01  -3.4173724e+01
   1.7880553e+05  -3.3907732e+01  -3.4158094e+01
   1.8077687e+05  -3.3705777e+01  -3.4142559e+01
   1.8276994e+05  -3.3551910e+01  -3.4133071e+01
   1.8478498e+05  -3.3473965e+01  -3.4133071e+01
   1.8682224e+05  -3.3363103e+01  -3.4088959e+01
   1.8888196e+05  -3.3241118e+01  -3.4021554e+01
   1.9096439e+05  -3.3225591e+01  -3.3788655e+01
   1.9306977e+05  -3.3215339e+01  -3.3570720e+01
   1.9519837e+05  -3.3215339e+01  -3.3383752e+01
   1.9735044e+05  -3.3184538e+01  -3.3186750e+01
   1.9952623e+05  -3.3137633e+01  -3.2983496e+01
   2.0172601e+05  -3.3045445e+01  -3.2842504e+01
   2.0395005e+05  -3.2979351e+01  -3.2702068e+01
   2.0619860e+05  -3.2979351e+01  -3.2561917e+01
   2.0847195e+05  -3.2979351e+01  -3.2421815e+01
   2.1077035e+05  -3.2979351e+01  -3.2281176e+01
   2.1309410e+05  -3.2964909e+01  -3.2155849e+01
   2.1544347e+05  -3.2926314e+01  -3.2027142e+01
   2.1781874e+05  -3.2817366e+01  -3.1887066e+01
   2.2022019e+05  -3.2690865e+01  -3.1738165e+01
   2.2264813e+05  -3.2550301e+01  -3.1581984e+01
   2.2510283e+05  -3.2519916e+01  -3.1440307e+01
   2.2758459e+05  -3.2479711e+01  -3.1315138e+01
   2.3009372e+05  -3.2339710e+01  -3.1252916e+01
   2.3263051e+05  -3.2223465e+01  -3.1118721e+01
   2.3519526e+05  -3.2129806e+01  -3.0915793e+01
   2.3778830e+05  -3.2075310e+01  -3.0752507e+01
   2.4040992e+05  -3.2014544e+01  -3.0568492e+01
   2.4306044e+05  -3.1874618e+01  -3.0226452e+01
   2.4574019e+05  -3.1799410e+01  -2.9948650e+01
   2.4844948e+05  -3.1799410e+01  -2.9745832e+01
   2.5118864e+05  -3.1690014e+01  -2.9677427e+01
   2.5395800e+05  -3.1563422e+01  -2.9622760e+01
   2.5675790e+05  -3.1563422e+01  -2.9358598e+01
   2.5958866e+05  -3.1615172e+01  -2.9087103e+01
   2.6245063e+05  -3.1739916e+01  -2.8806428e+01
   2.6534415e+05  -3.1864338e+01  -2.8629021e+01
   2.6826958e+05  -3.1984567e+01  -2.8488329e+01
   2.7122726e+05  -3.2015628e+01  -2.8348554e+01
   2.7421754e+05  -3.2046819e+01  -2.8208195e+01
   2.7724080e+05  -3.2077988e+01  -2.8067932e+01
   2.8029739e+05  -3.2055942e+01  -2.7927906e+01
   2.8338767e+05  -3.2008780e+01  -2.7787114e+01
   2.8651203e+05  -3.1884602e+01  -2.7631891e+01
   2.8967083e+05  -3.1730079e+01  -2.7480832e+01
   2.9286446e+05  -3.1512010e+01  -2.7340645e+01
   2.9609329e+05  -3.1215137e+01  -2.7210439e+01
   2.9935773e+05  -3.0871264e+01  -2.7085394e+01
   3.0265816e+05  -3.0588902e+01  -2.7050029e+01
   3.0599497e+05  -3.0307979e+01  -2.6985259e+01
   3.0936857e+05  -3.0027755e+01  -2.6829579e+01
   3.1277937e+05  -2.9829500e+01  -2.6710326e+01
   3.1622777e+05  -2.9688901e+01  -2.6616593e+01
   3.1971418e+05  -2.9577197e+01  -2.6481259e+01
   3.2323904e+05  -2.9502282e+01  -2.6309810e+01
   3.2680276e+05  -2.9548961e+01  -2.6029736e+01
   3.3040577e+05  -2.9528874e+01  -2.5766078e+01
   3.3404850e+05  -2.9450805e+01  -2.5516257e+01
   3.3773139e+05  -2.9200431e+01  -2.5254357e+01
   3.4145489e+05  -2.8932705e+01  -2.4978125e+01
   3.4521944e+05  -2.8730538e+01  -2.4651548e+01
   3.4902549e+05  -2.8535573e+01  -2.4400262e+01
   3.5287350e+05  -2.8348308e+01  -2.4228602e+01
   3.5676394e+05  -2.8161777e+01  -2.4020051e+01
   3.6069727e+05  -2.7968517e+01  -2.3824405e+01
   3.6467397e+05  -2.7735373e+01  -2.3793319e+01
   3.6869451e+05  -2.7528900e+01  -2.3775811e+01
   3.7275937e+05  -2.7357332e+01  -2.3775811e+01
   3.7686905e+05  -2.7127485e+01  -2.3858126e+01
   3.8102404e+05  -2.6883251e+01  -2.3975710e+01
   3.8522484e+05  -2.6712370e+01  -2.4193195e+01
   3.8947195e+05  -2.6571223e+01  -2.4399344e+01
   3.9376589e+05  -2.6477690e+01  -2.4586409e+01
   3.9810717e+05  -2.6472340e+01  -2.4806072e+01
   4.0249631e+05  -2.6504436e+01  -2.5043488e+01
   4.0693384e+05  -2.6566541e+01  -2.5385066e+01
   4.1142030e+05  -2.6703362e+01  -2.5744181e+01
   4.1595622e+05  -2.6983808e+01  -2.6133690e+01
   4.2054214e+05  -2.7284389e+01  -2.6573912e+01
   4.2517863e+05  -2.7597081e+01  -2.7042950e+01
   4.2986623e+05  -2.8180720e+01  -2.7599731e+01
   4.3460552e+05  -2.8732652e+01  -2.8125013e+01
   4.3939706e+05  -2.9184240e+01  -2.8561029e+01
   4.4424142e+05  -2.9569352e+01  -2.8959003e+01
   4.4913919e+05  -2.9913128e+01  -2.9334032e+01
   4.5409096e+05  -3.0197142e+01  -2.9404101e+01
   4.5909732e+05  -3.0447711e+01  -2.9447130e+01
   4.6415888e+05  -3.0603348e+01  -2.9478257e+01
   4.6927625e+05  -3.0654478e+01  -2.9518120e+01
   4.7445003e+05  -3.0623242e+01  -2.9564973e+01
   4.7968085e+05  -3.0496625e+01  -2.9502386e+01
   4.8496934e+05  -3.0325646e+01  -2.9436484e+01
   4.9031614e+05  -3.0030096e+01  -2.9420929e+01
   4.9572189e+05  -2.9686361e+01  -2.9285997e+01
   5.0118723e+05  -2.9296124e+01  -2.9036245e+01
   5.0671283e+05  -2.8984908e+01  -2.8826242e+01
   5.1229936e+05  -2.8681243e+01  -2.8607155e+01
   5.1794747e+05  -2.8339210e+01  -2.8296216e+01
   5.2365785e+05  -2.7974762e+01  -2.8027715e+01
   5.2943119e+05  -2.7584735e+01  -2.7809300e+01
   5.3526818e+05  -2.7159678e+01  -2.7555263e+01
   5.4116953e+05  -2.6722125e+01  -2.7301854e+01
   5.4713593e+05  -2.6287043e+01  -2.7162007e+01
   5.5316812e+05  -2.5831207e+01  -2.7034574e+01
   5.5926681e+05  -2.5347832e+01  -2.6925425e+01
   5.6543274e+05  -2.5002053e+01  -2.6873372e+01
   5.7166665e+05  -2.4705809e+01  -2.6843658e+01
   5.7796929e+05  -2.4426264e+01  -2.6843658e+01
   5.8434141e+05  -2.4247788e+01  -2.6855019e+01
   5.9078379e+05  -2.4247788e+01  -2.6886187e+01
   5.9729720e+05  -2.4481043e+01  -2.7097547e+01
   6.0388241e+05  -2.4825383e+01  -2.7394635e+01
   6.1054023e+05  -2.5399695e+01  -2.7658508e+01
   6.1727145e+05  -2.6055704e+01  -2.7918809e+01
   6.2407688e+05  -2.6881232e+01  -2.8168026e+01
   6.3095734e+05  -2.7706147e+01  -2.8348164e+01
   6.3791366e+05  -2.8534550e+01  -2.8488836e+01
   6.4494668e+05  -2.9342720e+01  -2.8495575e+01
   6.5205723e+05  -3.0133465e+01  -2.8495575e+01
   6.5924618e+05  -3.0865145e+01  -2.8495575e+01
   6.6651438e+05  -3.1424392e+01  -2.8540983e+01
   6.7386272e+05  -3.1861804e+01  -2.8619092e+01
   6.8129207e+05  -3.2380823e+01  -2.8584633e+01
   6.8880333e+05  -3.2911658e+01  -2.8520757e+01
   6.9639740e+05  -3.3440675e+01  -2.8396283e+01
   7.0407520e+05  -3.3912002e+01  -2.8255033e+01
   7.1183765e+05  -3.4333566e+01  -2.8098898e+01
   7.1968567e+05  -3.4633835e+01  -2.8049535e+01
   7.2762022e+05  -3.4885811e+01  -2.7989141e+01
   7.3564225e+05  -3.4994668e+01  -2.7786978e+01
   7.4375273e+05  -3.4997867e+01  -2.7576855e+01
   7.5195262e+05  -3.4888631e+01  -2.7358384e+01
   7.6024291e+05  -3.4679892e+01  -2.7303143e+01
   7.6862461e+05  -3.4437953e+01  -2.7276154e+01
   7.7709871e+05  -3.4142643e+01  -2.7167355e+01
   7.8566625e+05  -3.3696814e+01  -2.7099064e+01
   7.9432823e+05  -3.3057348e+01  -2.7083467e+01
   8.0308572e+05  -3.2466705e+01  -2.7079646e+01
   8.1193976e+05  -3.1880433e+01  -2.7079646e+01
   8.2089142e+05  -3.1196924e+01  -2.7079646e+01
   8.2994176e+05  -3.0547101e+01  -2.7079646e+01
   8.3909189e+05  -2.9954743e+01  -2.7079646e+01
   8.4834290e+05  -2.9473296e+01  -2.7178358e+01
   8.5769590e+05  -2.9037414e+01  -2.7317930e+01
   8.6715202e+05  -2.8680317e+01  -2.7411086e+01
   8.7671239e+05  -2.8321548e+01  -2.7472960e+01
   8.8637816e+05  -2.7963207e+01  -2.7472960e+01
   8.9615050e+05  -2.7666531e+01  -2.7472960e+01
   9.0603058e+05  -2.7400749e+01  -2.7472960e+01
   9.1601959e+05  -2.7348862e+01  -2.7382089e+01
   9.2611873e+05  -2.7302049e+01  -2.7279406e+01
   9.3632921e+05  -2.7255334e+01  -2.7154833e+01
   9.4665226e+05  -2.7265311e+01  -2.7077527e+01
   9.5708912e+05  -2.7312189e+01  -2.7030649e+01
   9.6764105e+05  -2.7459454e+01  -2.6825857e+01